46
47
48
49
50
51
52
53
54
55
56
57
58
60
88
90
304
305
306
307
308
309
310
311
312
313
314
315
316
345
346
347
348
349
350
351
469
470
471
472
473
562
563
564
565
566
567
568
569
570
571
572
573
574
603
604
605
606
607
608
609
610
687
705
706
707
708
726
727
728
729
730
731
732
822
824
825
828
829
830
831
832
860
861
862
863
864
865
866
931
933
945
946
947
948
949
951
961
962
963
964
965
966
967
984
985
986
987
988
989
990
991
1088
1118
1120
1121
1122
1142
1148
1149
1152
1153
1157
1158
1159
1160
1164
1167
1183
1184
1185
1186
1187
1188
1189
1190
1191
1192
1193
1198
1201
1202
1203
1204
1205
1206
1207
1208
1209
1210
1211
1216
1217
1218
1219
1220
1221
1222
1223
1224
1243
1244
1245
1246
1247
1248
1249
1250
1378
1416
1417
1418
1443
1444
1445
1446
1447
1448
1449
1450
1461
1462
1463
1464
1465
1466
1467
1468
1469
1470
1473
1474
1475
1476
1477
1478
1479
1481
1505
1506
1507
1508
1509
1604
1608
1634
1636
1703
1705
1721
1723
1724
1725
1726
1727
1728
1729
1731
1732
1733
1734
1735
1736
1737
1762
1763
1764
1765
1766
1767
1864
1866
1888
1890
1891
1892
1893
1894
1981
1982
1983
1984
1985
1986
1987
1988
1989
1990
1991
1992
1993
1994
1995
2021
2022
2023
2024
2025
2026
2027
2028
2106
2108
2122
2123
2124
2125
2126
2144
2145
2146
2147
2148
2149
2150
2151
2152
2239
2240
2241
2242
2243
2244
2245
2246
2247
2248
2249
2250
2251
2279
2280
2281
2282
2283
2284
2285
2286
2287
2359
2360
2362
2364
2382
2383
2384
2385
2386
2387
2400
2401
2402
2403
2404
2405
2406
2407
2408
2499
2500
2501
2502
2503
2504
2505
2506
2507
2508
2539
2540
2541
2542
2543
2544
2545
2546
2608
2610
2611
2617
2618
2619
2620
2621
2622
2623
2624
2625
2638
2639
2640
2641
2642
2643
2644
2645
2658
2659
2660
2661
2662
2663
2664
2665
2666
2667
2668
2757
2758
2759
2760
2761
2762
2763
2764
2765
2766
2767
2795
2796
2797
2798
2799
2800
2801
2802
2803
2812
2841
2844
2860
2861
2862
2863
2864
2865
2866
2867
2868
2869
2870
2875
2876
2878
2879
2880
2881
2882
2883
2884
2885
2886
2887
2888
2893
2894
2895
2896
2897
2898
2899
2900
2901
2920
2921
2922
2923
2924
2925
2926
2927
3053
3077
3084
3088
3093
3094
3119
3121
3122
3123
3124
3126
3133
3138
3140
3142
3144
3152
3154
3155
3156
3157
3158
3180
3181
3182
3183
3184
3281
3311
3313
3315
3402
3410
3412
3414
3440
3442
3539
3571
3573
3660
3668
3670
3672
3698
3700
3789
3797
3829
3918
3926
3958
4047
4059
4085
4087
4184
4216
4317
4434
4436
4437
4440
4442
4476
4694
4695
4696
4697
4698
4700
