2.610
2.644
2.273
2.280
2.703
2.955
2.550
3.055
2.622
3.076
3.387
3.651
3.954
4.052
4.046
3.649
3.514
3.068
3.064
2.691
2.650
2.579
2.342
1.944
1.822
1.485
1.214
1.433
1.272
1.722
1.974
2.111
2.416
2.772
3.004
3.115
2.948
2.225
2.786
2.897
2.582
2.501
1.916
1.994
1.595
1.562
1.182
1.072
0.371
0.558
0.361
0.564
0.725
0.971
0.854
0.987
0.681
1.122
0.996
1.460
1.171
1.906
1.883
2.426
2.701
2.952
3.221
3.406
3.653
3.368
3.890
3.687
4.134
4.356
4.024
3.914
3.582
3.245
3.130
2.838
2.958
2.706
2.367
2.265
1.920
1.771
1.475
1.398
0.933
1.208
1.027
1.274
1.415
1.285
1.588
1.858
2.154
2.291
2.511
2.227
1.942
2.373
2.432
1.907
2.255
2.547
2.434
1.993
2.580
2.815
2.369
2.520
3.040
3.372
3.587
3.220
3.210
2.691
3.035
3.302
3.211
2.722
3.225
3.443
3.208
3.140
3.166
3.088
3.511
3.800
3.975
3.579
3.247
3.466
3.535
2.939
3.177
2.633
2.788
3.185
3.219
3.671
3.854
3.671
3.321
3.361
2.966
3.254
2.916
3.245
3.370
3.043
2.916
3.158
2.987
2.541
2.837
2.496
2.743
2.624
2.766
2.844
2.934
3.286
3.080
2.940
2.643
2.505
2.704
2.503
2.564
2.271
2.478
2.249
2.546
2.434
2.653
1.968
2.561
2.217
2.388
2.678
2.710
2.331
2.437
1.773
2.128
1.986
1.954
1.725
1.881
1.957
2.034
2.240
2.246
2.553
2.662
2.916
2.533
3.057
2.957
3.362
3.579
3.369
3.366
3.017
2.850
2.582
2.201
1.994
1.823
1.591
1.656
1.438
1.633
1.335
1.757
1.531
2.044
1.979
2.433
2.636
2.931
3.007
3.099
3.409
3.522
3.469
3.132
3.102
3.262
3.026
2.663
2.939
3.006
2.673
2.471
2.792
2.771
2.201
2.230
2.750
2.899
2.909
2.581
2.294
2.008
2.283
2.324
2.004
1.849
2.161
2.133
1.801
1.771
1.730
1.852
2.135
2.417
2.437
2.049
2.133
2.480
2.730
2.317
2.815
2.439
2.923
3.175
3.508
3.732
3.840
3.902
3.536
3.383
2.980
2.936
2.532
2.560
2.473
2.353
2.031
1.689
1.585
1.265
1.308
1.281
1.591
1.896
1.895
2.444
2.747
3.029
3.242
3.058
2.379
2.919
2.979
2.641
2.504
2.036
1.899
1.543
1.340
0.972
0.858
0.153
0.469
0.201
0.379
0.651
0.790
0.489
0.754
0.422
0.873
0.771
1.229
1.228
1.835
1.969
2.419
2.724
3.002
3.284
3.509
3.787
3.591
4.092
3.931
4.391
4.598
4.239
4.101
3.763
3.415
3.269
2.957
3.087
2.791
2.465
2.264
1.943
1.684
1.401
1.176
0.710
0.900
0.543
0.861
0.982
1.080
1.211
1.474
1.793
2.029
2.117
1.801
1.618
2.011
1.994
1.468
1.897
2.155
1.966
1.651
2.206
2.411
1.965
2.214
2.670
3.018
3.182
2.786
2.802
2.262
2.658
2.948
2.868
2.453
3.006
3.237
3.135
2.891
2.870
2.669
3.106
3.355
3.529
3.131
2.748
2.969
3.028
2.456
2.704
2.117
2.298
2.726
2.742
3.221
3.380
3.184
2.811
2.839
2.423
2.697
2.370
2.691
2.829
2.483
2.527
2.744
2.676
2.304
2.510
2.119
2.258
2.097
2.211
2.267
2.351
2.700
2.485
2.325
2.034
1.892
2.101
1.908
1.988
1.708
1.956
1.762
2.095
2.103
2.404
1.755
2.394
2.125
2.370
2.651
2.760
2.415
2.397
1.729
1.949
1.655
1.558
1.305
1.358
1.381
1.478
1.672
1.714
2.000
2.108
2.355
2.062
2.566
2.491
2.928
3.131
2.868
2.825
2.460
2.271
1.989
1.617
1.438
1.293
1.025
1.113
0.861
1.150
0.896
1.423
1.440
1.918
1.964
2.405
2.657
2.959
3.096
3.079
3.348
3.422
3.387
3.058
2.978
3.122
2.907
2.554
2.721
2.788
2.460
2.264
2.558
2.526
1.964
1.985
2.502
2.614
2.661
2.333
2.050
1.759
2.033
2.083
1.770
1.602
1.922
1.915
1.559
1.542
1.510
1.632
1.929
2.680
2.595
2.151
2.362
2.637
2.854
2.346
2.757
2.400
2.860
3.065
3.394
3.604
3.752
3.832
3.487
3.367
2.983
3.003
2.600
2.741
2.691
2.577
2.323
2.035
1.972
1.692
1.653
1.614
1.867
2.134
2.040
2.608
2.853
3.137
3.423
3.196
2.623
3.046
3.068
2.718
2.566
2.165
2.005
1.630
1.532
1.184
1.133
0.547
0.822
0.406
0.588
0.895
0.795
0.460
0.622
0.203
0.816
0.857
1.219
1.330
1.801
2.087
2.398
2.724
3.006
3.303
3.567
3.871
3.685
4.176
4.044
4.504
4.719
4.392
4.263
3.905
3.571
3.377
3.044
3.063
2.816
2.451
2.224
1.866
1.606
1.274
1.046
0.572
0.679
0.327
0.664
0.831
1.016
1.176
1.318
1.647
1.874
1.924
1.610
1.439
1.803
1.760
1.247
1.662
1.914
1.717
1.411
1.959
2.161
1.695
1.981
2.424
2.775
2.855
2.478
2.427
1.881
2.356
2.636
2.497
2.189
2.735
2.942
2.841
2.527
2.459
2.221
2.631
2.846
3.040
2.678
2.229
2.510
2.574
2.062
2.373
1.772
2.048
2.478
2.508
2.978
3.115
2.953
2.552
2.529
2.072
2.271
1.941
2.172
2.283
1.920
1.923
2.164
2.104
1.807
2.006
1.576
1.738
1.510
1.701
1.714
1.913
2.238
2.055
1.859
1.547
1.496
1.678
1.456
1.538
1.122
1.482
1.256
1.619
1.657
1.991
1.443
2.091
1.839
2.093
2.389
2.504
2.191
2.143
1.463
1.675
1.276
1.229
0.815
1.005
0.851
1.187
1.364
1.481
1.760
1.931
2.171
1.948
2.447
2.306
2.764
2.978
2.676
2.590
2.219
1.953
1.710
1.393
1.341
1.142
0.839
0.878
0.548
0.902
0.620
1.200
1.207
1.714
1.804
2.250
2.532
2.723
2.932
2.959
3.184
3.223
3.227
2.912
2.774
2.921
2.756
2.385
2.503
2.624
2.336
2.052
2.344
2.395
1.848
1.764
2.307
2.389
2.539
2.260
2.034
1.686
1.887
1.991
1.698
1.417
1.732
1.816
1.422
1.574
1.656
1.818
2.156
3.014
2.932
2.458
2.625
2.837
3.011
2.448
2.796
2.417
2.819
3.031
3.324
3.561
3.736
3.779
3.459
3.374
3.020
3.100
2.711
2.950
2.933
2.779
2.627
2.404
2.285
2.061
2.037
1.911
2.190
2.412
2.245
2.731
2.970
3.222
3.483
3.193
2.734
2.937
3.024
2.701
2.619
2.224
2.137
1.815
1.769
1.487
1.516
0.980
1.310
0.899
1.028
1.342
1.210
0.831
1.014
0.597
1.062
1.156
1.369
1.355
1.851
2.031
2.323
2.624
2.841
3.149
3.389
3.669
3.524
3.997
3.895
4.362
4.566
4.225
4.107
3.736
3.439
3.206
2.869
2.845
2.581
2.203
2.045
1.678
1.551
1.191
1.058
0.683
0.850
0.539
0.948
1.021
1.372
1.358
1.517
1.838
2.061
1.981
1.644
1.667
1.901
1.703
1.300
1.673
1.860
1.526
1.407
1.852
1.972
1.476
1.843
2.217
2.565
2.618
2.241
2.100
1.601
2.122
2.360
2.126
1.938
2.446
2.613
2.443
2.120
2.006
1.791
2.152
2.345
2.565
2.260
1.779
2.178
2.279
1.816
2.132
1.533
1.829
2.268
2.336
2.796
2.892
2.753
2.342
2.305
1.843
2.033
1.698
1.843
1.891
1.534
1.408
1.638
1.538
1.239
1.445
1.036
1.284
1.089
1.414
1.403
1.692
2.015
1.860
1.680
1.333
1.353
1.504
1.246
1.304
0.804
1.189
0.853
1.199
1.157
1.515
1.145
1.808
1.591
1.868
2.185
2.264
1.947
1.856
1.203
1.376
0.898
1.017
0.377
0.772
0.624
0.976
1.178
1.342
1.626
1.823
2.087
1.950
2.412
2.330
2.805
2.990
2.632
2.508
2.134
1.847
1.606
1.277
1.321
1.050
0.754
0.720
0.342
0.709
0.379
0.961
0.913
1.486
1.531
1.964
2.261
2.462
2.693
2.675
2.943
2.976
3.067
2.768
2.583
2.753
2.647
2.245
2.366
2.546
2.290
1.882
2.255
2.403
1.849
1.781
2.333
2.449
2.661
2.423
2.248
1.828
2.035
2.215
1.986
1.589
1.950
2.124
1.760
1.906
2.008
2.146
2.494
3.335
3.251
2.760
2.882
3.037
3.123
2.505
2.629
2.271
2.432
2.636
2.745
3.078
3.313
3.275
3.024
3.049
2.782
3.021
2.737
3.118
3.155
3.034
2.913
2.750
2.709
2.502
2.393
2.313
2.441
2.665
2.467
2.948
2.945
3.212
3.555
3.277
3.052
2.974
2.943
2.714
2.477
2.300
2.281
2.017
2.036
1.826
1.907
1.431
1.789
1.379
1.500
1.815
1.636
1.276
1.429
1.028
1.356
1.477
1.572
1.699
1.881
2.104
2.059
2.395
2.528
2.834
3.129
3.437
3.508
3.893
3.948
4.403
4.556
4.208
4.032
3.673
3.459
3.116
2.778
2.617
2.141
1.976
1.676
1.453
1.299
1.192
1.202
0.931
1.132
0.944
1.310
1.413
1.792
1.747
1.879
2.183
2.339
2.220
1.892
1.955
2.117
1.841
1.509
1.815
1.753
1.408
1.456
1.640
1.483
0.938
1.244
1.608
1.863
1.734
1.425
1.176
0.746
1.239
1.435
1.146
1.110
1.541
1.676
1.478
1.147
1.011
0.801
1.190
1.437
1.634
1.282
0.971
1.346
1.525
1.108
1.652
1.260
1.732
2.030
2.335
2.583
2.647
2.687
2.304
2.124
1.708
1.634
1.245
1.264
1.235
1.087
0.906
0.891
0.956
0.600
0.557
0.360
0.455
0.670
0.673
1.098
1.426
1.783
1.721
1.548
1.122
1.336
1.456
1.162
1.168
0.586
0.582
0.259
0.248
0.210
0.542
0.544
1.057
1.137
1.415
1.768
1.774
1.382
1.151
0.739
0.648
0.323
0.466
0.233
0.737
0.443
1.071
1.283
1.516
1.766
1.950
2.211
2.034
2.518
2.385
2.856
3.044
2.667
2.523
2.176
1.836
1.682
1.383
1.585
1.302
0.908
0.950
0.562
0.697
0.401
0.756
0.782
1.021
1.266
1.424
1.735
1.755
2.084
1.960
2.088
2.041
2.300
2.069
1.744
1.993
2.080
1.658
1.605
1.959
1.963
1.372
1.842
2.112
1.812
1.622
2.200
2.440
2.713
2.549
2.474
2.013
2.202
2.411
2.264
1.795
2.187
2.395
2.104
2.241
2.360
2.435
2.826
3.650
3.640
3.185
3.082
3.268
3.364
2.746
2.900
2.472
2.604
2.892
2.954
3.351
3.573
3.467
3.179
3.222
2.904
3.185
2.871
3.207
3.283
3.055
3.036
3.006
2.833
2.688
2.647
2.442
2.588
2.700
2.670
2.893
2.971
3.210
3.504
3.149
2.871
2.782
2.872
2.626
2.547
2.299
2.397
2.137
2.297
2.159
2.331
1.729
2.276
1.916
1.985
2.267
2.157
1.830
2.032
1.447
1.743
1.705
1.693
1.665
1.853
2.038
2.112
2.355
2.457
2.764
2.987
3.269
3.182
3.625
3.623
4.074
4.254
3.940
3.840
3.454
3.244
2.919
2.578
2.374
2.079
1.796
1.657
1.395
1.443
1.240
1.430
1.194
1.603
1.553
1.983
2.095
2.433
2.395
2.589
2.908
3.013
2.936
2.602
2.584
2.675
2.403
2.138
2.309
2.292
1.947
1.924
2.132
2.005
1.472
1.628
2.069
2.289
2.165
1.847
1.559
1.245
1.608
1.719
1.372
1.324
1.706
1.746
1.459
1.230
1.073
1.087
1.166
1.502
1.759
1.526
1.400
1.815
2.033
1.672
2.220
1.838
2.317
2.605
2.922
3.161
3.234
3.284
2.900
2.722
2.306
2.223
1.833
1.789
1.709
1.558
1.236
0.911
0.880
0.437
0.553
0.503
0.833
1.116
1.194
1.607
1.996
2.347
2.266
2.145
1.431
1.986
2.123
1.873
1.797
1.151
1.177
0.836
0.652
0.262
0.514
0.302
0.745
0.761
1.022
1.369
1.499
1.136
1.009
0.625
0.687
0.443
0.763
0.619
1.268
1.195
1.837
2.058
2.283
2.524
2.676
2.902
2.582
3.108
2.890
3.337
3.554
3.224
3.111
2.769
2.454
2.367
2.100
2.266
2.036
1.654
1.701
1.305
1.225
0.946
0.899
0.562
1.040
1.073
1.334
1.611
1.539
1.937
1.903
2.090
2.053
2.346
2.112
1.759
2.101
2.212
1.748
1.822
2.190
2.194
1.599
2.157
2.425
2.065
2.010
2.583
2.867
3.126
2.875
2.854
2.363
2.632
2.863
2.774
2.264
2.749
2.977
2.763
2.740
2.804
2.769
3.193
3.189
3.304
2.886
2.634
2.959
3.101
2.538
2.881
2.409
2.665
2.988
3.145
3.511
3.698
3.616
3.274
3.259
2.818
2.979
2.613
2.780
2.831
2.529
2.390
2.454
2.152
2.012
2.085
1.803
2.100
2.113
2.300
2.428
2.684
2.897
3.088
2.775
2.392
2.429
2.606
2.319
2.308
1.848
2.014
1.653
1.891
1.638
1.915
1.217
1.853
1.570
1.825
2.118
2.185
1.812
1.855
1.163
1.502
1.248
1.437
1.069
1.642
1.632
1.980
2.237
2.335
2.635
2.795
3.029
2.710
3.229
3.097
3.538
3.761
3.489
3.439
3.082
2.838
2.609
2.274
2.150
1.943
1.651
1.652
1.338
1.352
0.956
1.253
0.917
1.431
1.390
1.834
2.053
2.364
2.456
2.498
2.793
2.898
2.848
2.511
2.474
2.638
2.410
2.036
2.319
2.400
2.079
1.850
2.220
2.254
1.648
1.832
2.337
2.609
2.618
2.302
2.066
1.629
2.004
2.204
1.917
1.658
2.122
2.144
1.850
1.739
1.685
1.719
1.874
2.299
2.532
2.195
1.986
2.367
2.544
2.046
2.524
2.056
2.481
2.806
3.055
3.375
3.490
3.469
3.074
2.958
2.515
2.562
2.192
2.246
2.239
1.990
1.762
1.684
1.613
1.099
1.300
1.049
1.440
1.604
1.693
1.976
2.291
2.651
2.621
2.493
1.906
2.316
2.397
2.069
1.980
1.478
1.506
1.111
1.219
0.894
1.036
0.400
0.724
0.585
0.783
1.096
1.270
0.999
1.021
0.580
0.920
0.610
0.947
0.627
1.315
1.371
1.839
2.129
2.388
2.671
2.893
3.169
2.937
3.450
3.271
3.729
3.941
3.600
3.482
3.145
2.806
2.653
2.336
2.455
2.162
1.842
1.666
1.332
1.152
0.858
0.873
0.430
1.063
0.988
1.297
1.505
1.465
1.824
1.941
2.244
2.341
2.544
2.261
1.968
2.368
2.384
1.891
2.119
2.382
2.241
1.712
2.259
2.489
1.956
2.010
2.585
2.875
3.068
2.817
2.663
2.174
2.483
2.714
2.574
2.110
2.604
2.826
2.608
2.485
2.460
2.410
2.782
3.060
3.180
2.783
2.467
2.771
2.893
2.329
2.695
2.160
2.453
2.843
2.929
3.380
3.531
3.363
2.996
2.985
2.541
2.723
2.359
2.557
2.631
2.313
2.223
2.357
2.052
1.961
2.010
1.705
1.935
1.898
2.099
2.181
2.419
2.618
2.808
2.472
2.141
2.083
2.278
2.028
2.033
1.601
1.800
1.463
1.748
1.574
1.876
1.303
1.970
1.693
1.978
2.296
2.346
2.022
1.921
1.277
1.463
1.157
1.265
0.889
1.376
1.359
1.664
1.851
1.868
2.155
2.256
2.519
2.257
2.766
2.683
3.116
3.327
3.067
3.028
2.665
2.473
2.178
1.804
1.596
1.420
1.199
1.309
1.036
1.114
0.698
1.129
0.953
1.498
1.573
2.006
2.309
2.534
2.745
2.713
2.976
3.061
3.095
2.769
2.649
2.851
2.697
2.267
2.508
2.607
2.282
1.995
2.380
2.386
1.797
1.857
2.387
2.588
2.612
2.286
2.024
1.673
1.969
2.078
1.771
1.556
1.923
1.920
1.612
1.541
1.505
1.624
1.678
2.203
2.406
2.074
2.100
2.464
2.678
2.202
2.688
2.277
2.753
3.015
3.329
3.578
3.698
3.736
3.363
3.225
2.812
2.808
2.409
2.472
2.417
2.258
1.993
1.681
1.735
1.280
1.296
1.244
1.562
1.831
1.818
2.297
2.604
2.967
2.993
2.901
2.281
2.773
2.813
2.469
2.331
1.886
1.760
1.396
1.282
0.925
0.858
0.237
0.509
0.322
0.384
0.666
0.789
0.587
0.787
0.347
0.827
0.617
1.065
1.059
1.630
1.812
2.229
2.540
2.825
3.110
3.353
3.644
3.487
3.977
3.835
4.301
4.499
4.130
3.982
3.636
3.290
3.127
2.809
2.886
2.601
2.226
2.044
1.677
1.479
1.178
0.973
0.489
0.916
0.719
1.016
1.105
1.115
1.307
1.590
1.905
2.103
2.261
1.945
1.741
2.157
2.173
1.638
1.970
2.246
2.087
1.643
2.225
2.420
1.834
2.081
2.567
2.890
2.996
2.685
2.524
2.009
2.416
2.661
2.486
2.110
2.639
2.841
2.681
2.437
2.405
2.294
2.687
2.780
2.933
2.537
2.162
2.474
2.579
2.031
2.397
1.836
2.142
2.546
2.645
3.092
3.221
3.048
2.659
2.654
2.202
2.366
2.020
2.184
2.263
1.910
1.823
2.042
1.754
1.717
1.804
1.418
1.640
1.480
1.727
1.761
2.023
2.154
2.321
1.992
1.661
1.528
1.743
1.605
1.648
1.147
1.485
1.167
1.489
1.409
1.734
1.326
1.995
1.746
2.054
2.396
2.416
2.087
1.912
1.355
1.365
0.997
1.036
0.623
1.049
0.928
1.288
1.407
1.431
1.679
1.734
1.973
1.708
2.197
2.136
2.584
2.781
2.494
2.440
2.073
1.883
1.605
1.236
1.077
0.965
0.816
1.024
0.663
0.851
0.427
0.955
0.968
1.441
1.620
2.010
2.338
2.560
2.820
2.700
2.920
2.971
3.027
2.717
2.553
2.745
2.629
2.203
2.382
2.562
2.302
1.876
2.290
2.448
1.869
1.854
2.413
2.534
2.662
2.359
2.111
1.785
1.999
2.076
1.767
1.540
1.838
1.858
1.433
1.608
1.659
1.822
1.817
2.468
2.590
2.211
2.390
2.676
2.912
2.426
2.833
2.420
2.808
3.055
3.335
3.596
3.770
3.791
3.452
3.373
2.998
3.095
2.684
2.808
2.737
2.649
2.359
2.027
2.178
1.726
1.655
1.661
1.899
2.184
2.088
2.696
2.955
3.316
3.293
3.252
2.732
3.044
3.079
2.744
2.619
2.219
2.102
1.719
1.572
1.198
1.100
0.661
0.609
0.312
0.226
0.515
0.574
0.363
0.619
0.355
0.870
0.946
1.321
1.423
1.812
2.117
2.332
2.653
2.897
3.207
3.484
3.791
3.721
4.173
4.099
4.572
4.761
4.399
4.257
3.880
3.579
3.330
2.985
2.997
2.653
2.301
2.086
1.692
1.514
1.132
1.049
0.599
0.813
0.489
0.794
0.856
0.878
0.985
1.344
1.664
1.905
2.040
1.704
1.534
1.943
1.938
1.411
1.832
2.088
1.792
1.525
2.008
2.154
1.587
1.899
2.336
2.670
2.750
2.425
2.288
1.755
2.206
2.461
2.296
1.956
2.497
2.701
2.576
2.287
2.238
2.067
2.468
2.837
3.076
2.687
2.172
2.477
2.489
2.107
2.366
1.758
1.964
2.437
2.374
2.906
2.947
2.757
2.357
2.376
1.928
2.087
1.828
1.996
2.102
1.709
1.705
2.029
1.909
1.868
2.087
1.625
1.764
1.323
1.571
1.470
1.648
1.659
1.788
1.444
1.117
1.025
1.229
1.170
1.357
0.916
1.442
1.365
1.751
1.886
2.238
2.065
2.679
2.514
2.822
3.168
3.165
2.832
2.617
2.101
2.006
1.630
1.495
1.124
1.095
0.738
1.001
1.076
1.115
1.352
1.418
1.625
1.247
1.786
1.604
2.039
2.268
2.023
2.012
1.658
1.396
1.197
0.870
0.815
0.708
0.587
0.779
0.371
0.984
0.894
1.449
1.686
2.067
2.326
2.687
3.026
3.275
3.526
3.340
3.509
3.501
3.542
3.254
3.053
3.181
3.069
2.722
2.745
2.888
2.628
2.316
2.587
2.664
2.156
2.000
2.524
2.514
2.731
2.505
2.302
1.983
2.063
2.170
1.891
1.578
1.874
1.935
1.479
1.818
1.934
2.137
2.114
2.810
2.849
2.447
2.761
2.973
3.180
2.681
3.052
2.734
3.172
3.343
3.668
3.863
4.026
4.133
3.824
3.705
3.338
3.384
2.977
3.180
3.115
3.075
2.801
2.457
2.685
2.241
2.113
2.163
2.332
2.603
2.428
3.080
3.318
3.676
3.722
3.728
3.201
3.602
3.580
3.231
3.048
2.639
2.415
2.081
1.901
1.583
1.422
1.154
1.079
0.722
0.590
0.833
0.470
0.341
0.833
0.786
1.165
1.386
1.653
1.914
2.261
2.604
2.854
3.197
3.485
3.784
4.080
4.403
4.365
4.816
4.737
5.213
5.395
5.009
4.840
4.473
4.148
3.927
3.587
3.674
3.278
2.956
2.693
2.308
2.032
1.670
1.429
1.070
0.934
0.478
0.762
0.652
0.883
0.752
1.187
1.514
1.830
1.851
1.482
1.468
1.813
1.689
1.228
1.724
1.965
1.712
1.590
2.070
2.235
1.840
2.182
2.541
2.900
2.978
2.578
2.513
2.050
2.539
2.851
2.706
2.441
2.991
3.215
3.132
2.779
2.657
2.353
2.702
2.331
2.532
2.134
1.694
1.996
2.066
1.601
1.960
1.381
1.740
2.163
2.235
2.701
2.730
2.598
2.179
2.145
1.688
1.818
1.482
1.646
1.745
1.375
1.282
1.537
1.322
1.316
1.451
1.008
1.211
0.932
1.183
1.211
1.421
1.465
1.607
1.278
0.950
0.882
1.072
0.944
1.098
0.607
0.982
0.752
1.130
1.222
1.580
1.449
2.013
1.871
2.192
2.548
2.535
2.209
1.967
1.462
1.355
0.958
0.888
0.492
0.681
0.373
0.908
0.929
1.056
1.279
1.396
1.620
1.414
1.903
1.764
2.233
2.433
2.083
1.980
1.617
1.324
1.122
0.828
0.960
0.759
0.447
0.682
0.205
0.646
0.343
0.883
1.071
1.462
1.735
2.072
2.414
2.634
2.892
2.727
2.902
2.915
2.990
2.700
2.495
2.670
2.587
2.182
2.284
2.480
2.245
1.806
2.184
2.362
1.826
1.714
2.283
2.378
2.587
2.353
2.161
1.799
1.941
2.079
1.810
1.461
1.784
1.903
1.487
1.735
1.856
2.030
2.080
2.717
2.776
2.350
2.599
2.810
2.999
2.454
2.772
2.400
2.778
2.980
3.263
3.501
3.689
3.736
3.424
3.349
3.010
3.108
2.726
2.982
2.938
2.878
2.638
2.340
2.566
2.126
1.988
2.007
2.174
2.425
2.243
2.847
3.027
3.381
3.360
3.378
2.982
3.188
3.174
2.850
2.701
2.298
2.166
1.854
1.730
1.429
1.340
1.042
1.114
0.698
0.751
1.073
0.878
0.504
0.785
0.607
1.011
1.190
1.406
1.607
1.882
2.197
2.385
2.729
2.980
3.289
3.588
3.909
3.905
4.333
4.291
4.767
4.943
4.567
4.408
4.027
3.732
3.466
3.118
3.135
2.718
2.416
2.172
1.767
1.526
1.176
1.078
0.747
0.749
0.382
0.698
0.776
1.057
1.120
1.283
1.612
1.865
1.852
1.521
1.447
1.761
1.611
1.167
1.605
1.808
1.458
1.355
1.791
1.842
1.355
1.746
2.091
2.428
2.422
2.072
1.944
1.437
1.957
2.227
2.062
1.852
2.374
2.562
2.465
2.120
2.024
1.741
2.120
1.629
1.767
1.381
1.063
1.438
1.610
1.178
1.709
1.294
1.770
2.070
2.361
2.627
2.697
2.719
2.328
2.162
1.735
1.686
1.304
1.328
1.311
1.086
0.856
0.976
0.688
0.643
0.636
0.390
0.539
0.685
0.764
1.018
1.370
1.515
1.618
1.378
0.899
1.200
1.310
1.058
1.082
0.382
0.622
0.278
0.343
0.275
0.632
0.676
1.124
1.172
1.452
1.806
1.831
1.442
1.199
0.786
0.685
0.329
0.463
0.351
0.734
0.417
1.117
1.277
1.514
1.704
1.877
2.117
1.881
2.394
2.204
2.661
2.866
2.506
2.357
2.027
1.673
1.578
1.314
1.584
1.333
0.881
1.062
0.676
0.814
0.696
0.715
0.773
1.036
1.286
1.461
1.775
1.809
2.132
2.027
2.171
2.143
2.352
2.110
1.824
2.048
2.118
1.685
1.661
2.001
1.979
1.390
1.871
2.134
1.799
1.624
2.211
2.448
2.717
2.552
2.560
2.087
2.227
2.476
2.475
1.935
2.360
2.611
2.318
2.541
2.675
2.638
3.014
3.426
3.464
2.992
3.006
3.059
3.115
2.501
2.644
2.273
2.457
2.669
2.799
3.126
3.358
3.329
3.063
3.078
2.796
3.030
2.730
3.107
3.217
3.092
3.092
3.058
3.255
2.906
2.745
2.579
2.601
2.779
2.560
2.930
2.985
3.303
3.174
3.271
3.049
2.979
2.956
2.718
2.488
2.280
2.272
2.133
2.236
2.164
2.259
1.787
2.103
1.686
1.702
1.997
1.689
1.458
1.738
1.381
1.689
1.816
1.646
1.844
1.867
2.086
2.067
2.422
2.571
2.875
3.169
3.474
3.524
3.915
3.959
4.416
4.570
4.225
4.071
3.695
3.480
3.137
2.797
2.649
2.187
1.995
1.716
1.461
1.285
1.182
1.311
1.232
1.453
1.287
1.576
1.538
1.961
1.877
1.999
2.286
2.463
2.297
1.984
2.099
2.150
1.859
1.660
1.820
1.777
1.432
1.452
1.659
1.536
0.982
1.285
1.665
1.931
1.822
1.511
1.266
0.818
1.314
1.517
1.234
1.163
1.611
1.753
1.588
1.246
1.128
0.906
1.280
2.188
2.449
2.196
1.655
2.226
2.338
2.044
2.473
1.944
2.303
2.687
2.853
3.245
3.360
3.269
2.864
2.785
2.324
2.294
2.006
1.836
1.777
1.443
1.018
1.256
0.932
0.712
1.126
0.840
1.252
1.021
1.493
1.479
1.902
1.985
2.017
1.891
1.169
1.705
1.870
1.691
1.696
0.960
1.389
1.035
1.312
1.108
1.428
1.046
1.634
1.493
1.789
2.132
2.199
1.883
1.708
1.156
1.231
0.822
1.030
0.448
1.167
1.031
1.536
1.793
1.980
2.242
2.373
2.581
2.255
2.774
2.586
3.022
3.240
2.907
2.796
2.444
2.159
2.094
1.811
1.825
1.658
1.392
1.309
0.962
0.985
0.616
0.990
0.784
1.353
1.483
1.867
2.183
2.333
2.641
2.563
2.801
2.878
2.963
2.652
2.461
2.709
2.630
2.164
2.356
2.578
2.381
1.884
2.362
2.572
1.994
1.990
2.570
2.795
2.983
2.737
2.581
2.111
2.371
2.572
2.394
1.942
2.375
2.571
2.258
2.314
2.384
2.446
2.692
3.159
3.305
2.854
2.840
3.073
3.221
2.626
2.959
2.519
2.854
3.130
3.360
3.665
3.850
3.832
3.492
3.441
3.060
3.205
2.842
3.083
3.107
2.923
2.804
2.669
2.770
2.354
2.291
2.149
2.357
2.571
2.450
2.847
3.044
3.399
3.337
3.281
2.921
3.024
3.086
2.770
2.679
2.294
2.274
1.964
2.022
1.778
1.877
1.249
1.706
1.331
1.383
1.659
1.580
1.271
1.494
0.902
1.354
1.360
1.532
1.509
1.881
2.137
2.326
2.630
2.838
3.151
3.417
3.712
3.621
4.076
4.011
4.480
4.671
4.329
4.205
3.822
3.544
3.274
2.928
2.874
2.552
2.203
2.030
1.635
1.536
1.173
1.206
0.788
1.211
1.017
1.460
1.620
1.909
1.892
2.109
2.440
2.597
2.547
2.205
2.186
2.414
2.190
1.786
2.114
2.262
1.960
1.719
2.152
2.236
1.648
1.932
2.393
2.707
2.737
2.434
2.213
1.717
2.170
2.405
2.169
1.893
2.408
2.587
2.399
2.110
1.940
1.804
2.013
2.797
2.997
2.638
2.295
2.709
2.851
2.336
2.766
2.250
2.600
2.978
3.148
3.537
3.659
3.570
3.168
3.095
2.637
2.756
2.391
2.492
2.482
2.158
1.793
1.920
1.545
1.322
1.642
1.329
1.788
1.719
2.043
2.129
2.432
2.647
2.718
2.483
1.926
2.166
2.339
2.092
2.079
1.515
1.757
1.375
1.633
1.359
1.668
1.039
1.670
1.463
1.730
2.049
2.162
1.855
1.754
1.119
1.371
1.022
1.282
0.772
1.467
1.378
1.836
2.089
2.272
2.551
2.688
2.881
2.478
3.009
2.791
3.223
3.462
3.193
3.148
2.777
2.541
2.407
2.139
2.070
1.931
1.634
1.578
1.234
1.259
0.862
1.201
0.851
1.463
1.490
1.909
2.201
2.337
2.618
2.620
2.896
3.006
3.076
2.753
2.568
2.844
2.755
2.280
2.529
2.738
2.525
2.049
2.542
2.735
2.137
2.198
2.763
3.021
3.174
2.898
2.721
2.255
2.545
2.747
2.551
2.120
2.568
2.754
2.414
2.437
2.474
2.526
2.755
3.209
3.395
2.964
2.882
3.162
3.320
2.733
3.097
2.632
2.968
3.277
3.501
3.822
3.996
3.956
3.597
3.543
3.137
3.281
2.922
3.114
3.138
2.913
2.795
2.674
2.706
2.235
2.287
2.102
2.375
2.540
2.514
2.839
3.071
3.427
3.362
3.251
2.862
2.977
3.076
2.767
2.702
2.317
2.317
1.974
2.074
1.811
1.923
1.206
1.566
1.208
1.267
1.538
1.640
1.307
1.603
0.924
1.464
1.386
1.610
1.474
1.935
2.104
2.362
2.653
2.847
3.157
3.398
3.675
3.513
3.993
3.897
4.360
4.564
4.240
4.135
3.759
3.479
3.226
2.888
2.821
2.562
2.190
2.054
1.685
1.604
1.280
1.331
0.844
1.378
1.183
1.633
1.783
1.972
2.010
2.296
2.626
2.823
2.801
2.458
2.392
2.653
2.464
2.035
2.363
2.534
2.246
1.945
2.404
2.509
1.908
2.154
2.641
2.946
2.992
2.690
2.470
1.980
2.399
2.625
2.380
2.079
2.579
2.752
2.538
2.291
2.230
2.160
2.488
3.060
3.191
2.789
2.555
2.935
3.096
2.577
3.015
2.520
2.880
3.240
3.432
3.801
3.931
3.859
3.463
3.386
2.934
3.041
2.675
2.759
2.777
2.481
2.259
2.285
1.958
1.782
1.907
1.630
2.024
2.061
2.262
2.430
2.732
2.956
3.106
2.835
2.338
2.559
2.710
2.413
2.386
1.850
2.019
1.627
1.811
1.490
1.739
0.997
1.591
1.365
1.593
1.880
2.030
1.744
1.723
1.039
1.456
1.184
1.495
1.046
1.739
1.697
2.144
2.406
2.593
2.883
3.034
3.245
2.858
3.392
3.207
3.636
3.874
3.619
3.583
3.231
2.985
2.802
2.491
2.406
2.266
1.932
1.878
1.536
1.513
1.133
1.361
0.905
1.520
1.439
1.875
2.132
2.247
2.493
2.584
2.896
3.041
3.100
2.770
2.586
2.892
2.809
2.324
2.623
2.828
2.613
2.155
2.668
2.855
2.250
2.374
2.922
3.205
3.342
3.034
2.815
2.383
2.697
2.897
2.634
2.289
2.726
2.843
2.519
2.462
2.442
2.512
2.690
3.106
3.331
2.970
2.825
3.193
3.373
2.812
3.190
2.701
3.018
3.362
3.551
3.910
4.075
4.003
3.629
3.581
3.155
3.310
2.947
3.085
3.084
2.823
2.605
2.515
2.441
1.915
2.122
1.905
2.287
2.420
2.522
2.782
3.053
3.403
3.325
3.163
2.719
2.862
2.999
2.707
2.676
2.223
2.320
1.941
2.036
1.698
1.832
1.084
1.530
1.242
1.415
1.675
1.823
1.538
1.683
0.978
1.557
1.354
1.685
1.388
1.959
2.024
2.336
2.606
2.775
3.079
3.292
3.548
3.319
3.819
3.699
4.154
4.368
4.066
3.982
3.613
3.340
3.098
2.771
2.680
2.468
2.102
2.013
1.682
1.641
1.293
1.470
0.954
1.558
1.358
1.800
2.004
2.127
2.282
2.487
2.816
3.016
3.056
2.717
2.555
2.887
2.735
2.294
2.611
2.784
2.511
2.162
2.625
2.734
2.123
2.319
2.833
3.121
3.176
2.866
2.644
2.184
2.558
2.768
2.506
2.194
2.667
2.813
2.555
2.376
2.328
2.322
2.649
3.337
3.407
2.960
2.852
3.189
3.364
2.802
3.207
2.730
3.088
3.416
3.632
3.971
4.125
4.072
3.698
3.632
3.204
3.325
2.963
3.092
3.104
2.853
2.671
2.579
2.325
2.110
2.187
1.974
2.332
2.456
2.523
2.801
3.068
3.306
3.513
3.225
2.756
2.944
3.070
2.762
2.712
2.252
2.318
1.943
2.058
1.738
1.889
1.107
1.629
1.334
1.480
1.755
1.876
1.542
1.696
0.974
1.535
1.367
1.672
1.403
1.988
2.067
2.418
2.700
2.894
3.196
3.407
3.642
3.334
3.860
3.681
4.100
4.344
4.103
4.037
3.680
3.402
3.189
2.875
2.778
2.599
2.237
2.125
1.790
1.700
1.357
1.452
0.916
1.513
1.314
1.771
1.983
2.159
2.278
2.462
2.794
2.983
2.995
2.655
2.530
2.831
2.699
2.238
2.565
2.769
2.490
2.138
2.633
2.748
2.144
2.376
2.872
3.172
3.218
2.912
2.688
2.210
2.614
2.833
2.568
2.276
2.763
2.905
2.665
2.443
2.368
2.337
2.623
2.894
3.133
2.811
2.510
2.930
3.079
2.573
3.011
2.492
2.842
3.223
3.390
3.782
3.908
3.819
3.414
3.340
2.879
2.994
2.630
2.707
2.720
2.399
2.148
2.256
2.085
1.569
1.889
1.579
1.993
1.963
2.261
2.322
2.664
3.006
2.891
2.703
2.219
2.424
2.581
2.315
2.312
1.743
1.988
1.601
1.824
1.510
1.794
1.100
1.640
1.399
1.618
1.834
2.031
1.838
1.853
1.207
1.549
1.229
1.515
0.999
1.714
1.598
2.075
2.318
2.494
2.776
2.949
3.181
2.881
3.395
3.219
3.669
3.894
3.595
3.519
3.172
2.874
2.694
2.390
2.375
2.178
1.861
1.809
1.466
1.505
1.105
1.425
1.015
1.634
1.593
2.029
2.299
2.348
2.573
2.739
3.035
3.152
3.232
2.901
2.715
3.013
2.902
2.436
2.721
2.917
2.668
2.241
2.723
2.877
2.266
2.388
2.926
3.195
3.309
3.000
2.796
2.351
2.663
2.862
2.633
2.248
2.695
2.849
2.527
2.480
2.481
2.534
2.871
3.532
3.594
3.162
3.083
3.443
3.628
3.083
3.504
3.034
3.404
3.728
3.952
4.285
4.436
4.390
4.014
3.942
3.510
3.616
3.253
3.350
3.347
3.097
2.867
2.755
2.490
2.250
2.362
2.160
2.542
2.697
2.775
3.065
3.351
3.590
3.772
3.499
2.988
3.221
3.359
3.053
3.004
2.510
2.591
2.206
2.283
1.938
2.038
1.247
1.669
1.342
1.468
1.721
1.867
1.580
1.832
1.139
1.768
1.590
1.938
1.667
2.291
2.347
2.731
3.009
3.201
3.500
3.701
3.948
3.692
4.197
4.046
4.495
4.721
4.419
4.335
3.979
3.686
3.482
3.162
3.107
2.897
2.543
2.442
2.111
2.017
1.672
1.736
1.176
1.750
1.484
1.919
2.043
2.210
2.262
2.571
2.899
3.140
3.117
2.777
2.692
3.005
2.828
2.410
2.756
2.935
2.619
2.385
2.844
2.931
2.349
2.630
3.094
3.406
3.417
3.115
2.885
2.393
2.848
3.072
2.798
2.552
3.044
3.187
2.952
2.701
2.604
2.520
2.842
3.048
3.291
2.992
2.597
3.040
3.167
2.707
3.140
2.589
2.943
3.352
3.476
3.902
3.989
3.889
3.473
3.403
2.930
3.032
2.688
2.737
2.754
2.403
2.136
2.343
2.108
1.615
2.043
1.701
2.098
1.949
2.324
2.283
2.664
2.986
2.811
2.604
2.152
2.307
2.474
2.280
2.324
1.688
2.075
1.700
1.984
1.720
2.042
1.419
1.909
1.764
1.983
2.239
2.444
2.216
2.188
1.534
1.844
1.456
1.730
1.111
1.845
1.582
2.120
2.320
2.461
2.720
2.847
3.043
2.656
3.185
2.969
3.402
3.640
3.370
3.322
2.954
2.706
2.559
2.286
2.262
2.121
1.863
1.869
1.490
1.678
1.275
1.685
1.337
1.954
1.909
2.358
2.616
2.691
2.965
3.069
3.366
3.459
3.557
3.225
3.038
3.334
3.225
2.761
3.018
3.237
2.978
2.551
3.033
3.175
2.563
2.666
3.210
3.458
3.567
3.254
3.034
2.610
2.915
3.099
2.840
2.487
2.902
3.017
2.665
2.664
2.659
2.752
3.059
3.477
3.444
3.017
3.124
3.462
3.672
3.138
3.551
3.142
3.561
3.814
4.108
4.361
4.521
4.542
4.184
4.094
3.669
3.741
3.361
3.444
3.415
3.198
2.943
2.743
2.512
2.236
2.349
2.195
2.573
2.816
2.828
3.200
3.496
3.747
3.933
3.683
3.115
3.440
3.559
3.241
3.168
2.673
2.700
2.314
2.308
1.951
1.904
1.197
1.407
1.013
0.986
1.225
1.295
1.059
1.487
0.990
1.678
1.610
1.986
1.820
2.445
2.535
2.935
3.226
3.440
3.739
3.949
4.204
3.956
4.461
4.301
4.752
4.978
4.667
4.574
4.221
3.913
3.723
3.403
3.385
3.155
2.800
2.672
2.334
2.194
1.850
1.764
1.220
1.560
1.197
1.547
1.573
1.729
1.688
2.108
2.429
2.705
2.746
2.406
2.313
2.669
2.573
2.083
2.514
2.746
2.461
2.234
2.742
2.904
2.365
2.684
3.114
3.455
3.525
3.179
3.058
2.523
2.996
3.250
3.059
2.746
3.281
3.475
3.298
3.024
2.914
2.785
3.103
3.273
3.521
3.256
2.783
3.170
3.251
2.756
3.095
2.497
2.772
3.215
3.250
3.734
3.834
3.669
3.264
3.249
2.790
2.974
2.649
2.816
2.869
2.482
2.219
2.494
2.250
1.826
2.275
1.925
2.313
2.028
2.364
2.291
2.595
2.905
2.692
2.450
2.087
2.058
2.259
2.124
2.233
1.706
2.163
1.853
2.197
2.025
2.361
1.765
2.337
2.158
2.375
2.650
2.822
2.517
2.505
1.816
2.112
1.728
1.828
1.296
1.727
1.513
1.907
2.038
2.108
2.360
2.429
2.638
2.203
2.718
2.494
2.895
3.147
2.934
2.938
2.528
2.396
2.216
1.884
1.785
1.696
1.480
1.590
1.227
1.599
1.211
1.754
1.588
2.178
2.170
2.621
2.892
3.057
3.264
3.334
3.629
3.736
3.780
3.449
3.310
3.533
3.400
2.961
3.174
3.341
3.062
2.667
3.070
3.189
2.604
2.588
3.141
3.263
3.427
3.144
2.917
2.539
2.783
2.898
2.600
2.319
2.638
2.703
2.282
2.453
2.498
2.645
2.969
3.516
3.493
3.098
3.236
3.571
3.810
3.321
3.766
3.364
3.809
4.060
4.370
4.613
4.759
4.792
4.434
4.323
3.919
3.947
3.548
3.629
3.566
3.410
3.125
2.801
2.650
2.332
2.420
2.352
2.694
2.983
2.963
3.447
3.747
4.013
4.173
3.941
3.332
3.708
3.836
3.520
3.444
2.921
2.911
2.542
2.423
2.063
1.943
1.266
1.346
0.963
0.935
1.108
1.158
1.138
1.541
1.168
1.817
1.760
2.172
2.086
2.709
2.808
3.239
3.528
3.744
4.039
4.238
4.486
4.203
4.719
4.537
4.980
5.212
4.912
4.828
4.484
4.171
3.999
3.686
3.674
3.455
3.108
2.986
2.649
2.484
2.149
2.003
1.457
1.757
1.368
1.696
1.672
1.716
1.607
2.157
2.502
2.795
2.889
2.493
2.435
2.832
2.774
2.268
2.727
2.974
2.724
2.476
3.007
3.187
2.674
2.972
3.416
3.760
3.847
3.492
3.364
2.841
3.328
3.586
3.376
3.074
3.613
3.814
3.628
3.341
3.240
3.065
3.415
3.593
3.824
3.535
3.018
3.423
3.491
3.046
3.382
2.778
3.030
3.479
3.460
3.981
4.044
3.856
3.457
3.470
3.021
3.189
2.888
3.010
3.067
2.676
2.481
2.807
2.600
2.267
2.640
2.272
2.552
2.228
2.580
2.461
2.777
3.063
2.803
2.541
2.217
2.107
2.323
2.301
2.447
1.873
2.416
2.123
2.475
2.358
2.706
2.112
2.701
2.484
2.702
2.965
3.123
2.820
2.832
2.138
2.447
2.055
2.160
1.594
2.023
1.735
2.094
2.173
2.194
2.400
2.345
2.496
1.985
2.501
2.348
2.734
2.976
2.801
2.836
2.469
2.358
2.120
1.833
1.716
1.711
1.644
1.828
1.419
1.880
1.519
2.065
1.919
2.501
2.494
2.947
3.212
3.375
3.566
3.660
3.960
4.059
4.095
3.769
3.641
3.829
3.677
3.262
3.460
3.606
3.311
2.961
3.340
3.421
2.837
2.819
3.369
3.470
3.611
3.309
3.058
2.720
2.953
3.023
2.707
2.486
2.782
2.786
2.356
2.536
2.561
2.713
3.020
