0.00000
0.00000
0.00000
0.00000
0.00000
0.00000
0.00000
0.00000
0.00000
0.00000
0.00000
0.00000
0.00000
0.00000
0.00000
0.00000
0.00000
0.00000
0.00000
0.00000
0.19675
0.11694
0.60357
0.16176
0.00000
0.00000
0.00000
0.00000
0.00000
0.00000
0.00000
0.00000
0.00000
0.00000
0.00000
0.00000
0.00000
0.00000
0.00000
0.00000
0.00000
0.00000
0.00000
0.21064
0.11054
0.63803
0.18282
0.00000
0.00000
0.00000
0.00000
0.00000
0.00000
0.00000
0.00000
0.00000
0.00000
0.00000
0.00000
0.00000
0.00000
0.00000
0.00000
0.00000
0.00000
0.18929
0.12359
0.58053
0.13747
0.00000
0.00000
0.00000
0.00000
0.00000
0.00000
0.00000
0.00000
0.00000
0.00000
0.00000
0.00000
0.00000
0.00000
0.00000
0.00000
0.00000
0.19541
0.11400
0.63685
0.16545
0.00000
0.00000
0.00000
0.00000
0.00000
0.00000
0.00000
0.00000
0.00000
0.00000
0.00000
0.00000
0.00000
0.00000
0.00000
0.00000
0.21182
0.12019
0.64830
0.16524
0.00000
0.00000
0.00000
0.00000
0.00000
0.00000
0.00000
0.00000
0.00000
0.00000
0.00000
0.00000
0.00000
0.00000
0.00000
0.21415
0.11902
0.65112
0.15262
0.00000
0.00000
0.00000
0.00000
0.00000
0.00000
0.00000
0.00000
0.00000
0.00000
0.00000
0.00000
0.00000
0.00000
0.21843
0.13350
0.67399
0.18947
0.00000
0.00000
0.00000
0.00000
0.00000
0.00000
0.00000
0.00000
0.00000
0.00000
0.00000
0.00000
0.00000
0.21240
0.13219
0.70149
0.16723
0.00000
0.00000
0.00000
0.00000
0.00000
0.00000
0.00000
0.00000
0.00000
0.00000
0.00000
0.00000
0.20690
0.11909
0.64015
0.15448
0.00000
0.00000
0.00000
0.00000
0.00000
0.00000
0.00000
0.00000
0.00000
0.00000
0.00000
0.19859
0.12994
0.63388
0.16170
0.00000
0.00000
0.00000
0.00000
0.00000
0.00000
0.00000
0.00000
0.00000
0.00000
0.20973
0.12337
0.66257
0.16491
0.00000
0.00000
0.00000
0.00000
0.00000
0.00000
0.00000
0.00000
0.00000
0.20791
0.12556
0.65756
0.15640
0.00000
0.00000
0.00000
0.00000
0.00000
0.00000
0.00000
0.00000
0.22092
0.11991
0.63974
0.16546
0.00000
0.00000
0.00000
0.00000
0.00000
0.00000
0.00000
0.20769
0.11447
0.64874
0.17987
0.00000
0.00000
0.00000
0.00000
0.00000
0.00000
0.20236
0.09946
0.56099
0.15674
0.00000
0.00000
0.00000
0.00000
0.00000
0.19828
0.13240
0.62524
0.16397
0.00000
0.00000
0.00000
0.00000
0.20145
0.11871
0.64583
0.14584
0.00000
0.00000
0.00000
0.18754
0.12298
0.64755
0.15720
0.00000
0.00000
0.21117
0.11847
0.63944
0.17327
0.00000
0.22094
0.13150
0.72534
0.17353
0.00000
0.00000
0.00000
0.00000
0.00000
0.00000
0.00000
0.00000
0.00000
0.00000
