48
49
50
51
284
304
305
306
307
308
309
310
311
312
313
314
316
346
348
562
563
564
565
566
567
568
569
570
571
572
573
574
604
605
606
607
608
609
729
731
821
822
823
824
825
826
827
828
829
830
831
832
862
863
864
865
866
867
963
965
985
986
987
988
989
991
1080
1082
1083
1084
1085
1086
1087
1088
1089
1118
1119
1120
1121
1122
1123
1124
1142
1189
1190
1191
1192
1193
1198
1199
1200
1201
1202
1203
1204
1205
1206
1207
1209
1218
1219
1220
1221
1222
1223
1224
1225
1226
1240
1242
1243
1244
1245
1246
1247
1248
1249
1338
1340
1341
1344
1346
1347
1348
1376
1377
1378
1379
1380
1447
1463
1465
1467
1475
1476
1477
1478
1479
1481
1503
1504
1505
1506
1507
1596
1604
1606
1608
1634
1635
1636
1638
1702
1703
1704
1705
1721
1722
1723
1724
1725
1726
1727
1728
1731
1732
1733
1734
1735
1736
1737
1738
1739
1761
1762
1763
1764
1765
1766
1767
1854
1864
1865
1866
1890
1891
1892
1893
1894
1963
1980
1981
1982
1983
1984
1985
1986
1987
1988
1989
1990
1991
1992
1993
1994
1995
2021
2022
2023
2024
2025
2026
2027
2028
2108
2122
2123
2124
2125
2126
2144
2145
2146
2147
2148
2149
2150
2151
2152
2239
2240
2241
2242
2243
2244
2245
2246
2247
2248
2249
2250
2251
2279
2280
2281
2282
2283
2284
2285
2286
2287
2360
2364
2382
2383
2384
2385
2386
2401
2402
2403
2404
2405
2406
2407
2408
2499
2500
2501
2502
2503
2504
2505
2506
2507
2508
2539
2540
2541
2542
2543
2544
2545
2603
2608
2609
2610
2611
2612
2617
2618
2619
2620
2621
2622
2623
2624
2625
2638
2639
2640
2641
2642
2643
2644
2645
2658
2659
2660
2661
2662
2663
2664
2665
2666
2667
2668
2757
2758
2759
2760
2761
2762
2763
2764
2765
2766
2767
2796
2797
2798
2799
2800
2801
2802
2860
2861
2863
2864
2866
2867
2868
2869
2870
2875
2876
2878
2879
2880
2881
2882
2883
2884
2896
2897
2898
2899
2900
2901
2920
2921
2922
2923
2924
2926
3017
3018
3021
3023
3055
3057
3119
3121
3122
3124
3126
3138
3140
3142
3144
3152
3154
3155
3156
3158
3180
3181
3182
3183
3184
3281
3313
3315
3402
3410
3412
3414
3440
3442
3533
3539
3571
3660
3668
3672
3700
3789
3797
3829
3918
3926
3958
4436
4437
4438
4442
4694
4695
