2.914
2.755
2.506
2.415
2.870
3.131
2.840
3.399
3.011
3.492
3.782
4.073
4.341
4.409
4.445
4.074
3.885
3.453
3.368
2.992
2.860
2.748
2.528
2.082
1.882
1.593
1.294
1.493
1.459
1.885
2.180
2.349
2.659
3.086
3.428
3.353
3.222
2.434
3.041
3.198
2.959
2.884
2.243
2.328
1.949
1.820
1.443
1.352
0.952
0.989
0.996
1.158
1.284
1.558
1.421
1.565
1.359
1.671
1.439
1.888
1.642
2.368
2.276
2.903
3.136
3.354
3.609
3.759
3.985
3.613
4.143
3.888
4.285
4.521
4.239
4.166
3.773
3.536
3.448
3.171
3.275
3.081
2.722
2.747
2.373
2.281
2.006
1.900
1.468
1.837
1.724
1.900
2.046
1.787
2.193
2.427
2.705
2.732
3.060
2.837
2.494
2.945
3.066
2.552
2.804
3.152
3.100
2.546
3.173
3.425
2.984
3.050
3.613
3.925
4.152
3.843
3.802
3.314
3.605
3.851
3.771
3.267
3.773
3.997
3.730
3.715
3.725
3.670
4.054
4.352
4.553
4.116
3.860
4.117
4.199
3.588
3.823
3.322
3.456
3.819
3.847
4.287
4.500
4.356
4.028
4.056
3.673
3.960
3.619
3.903
3.989
3.633
3.459
3.625
3.295
3.150
3.328
3.002
3.319
3.189
3.439
3.460
3.646
3.986
3.752
3.564
3.272
3.117
3.334
3.191
3.271
2.857
3.167
2.860
3.150
2.890
3.165
2.413
2.986
2.658
2.727
2.997
3.093
2.707
2.956
2.281
2.722
2.526
2.577
2.284
2.586
2.621
2.748
2.959
2.918
3.226
3.224
3.435
2.951
3.480
3.340
3.727
3.953
3.827
3.876
3.557
3.440
3.151
2.795
2.573
2.458
2.309
2.344
2.126
2.316
2.015
2.351
2.127
2.624
2.499
2.944
3.076
3.357
3.408
3.581
3.907
4.060
3.988
3.658
3.632
3.762
3.509
3.188
3.418
3.445
3.102
2.978
3.263
3.180
2.639
2.734
3.213
3.412
3.274
2.961
2.648
2.425
2.721
2.728
2.387
2.344
2.648
2.521
2.182
2.132
2.005
2.066
2.290
2.685
2.522
2.264
2.180
2.627
2.887
2.593
3.154
2.773
3.254
3.542
3.842
4.100
4.166
4.209
3.842
3.649
3.223
3.130
2.751
2.628
2.515
2.313
1.912
1.673
1.381
1.072
1.275
1.227
1.645
1.945
2.102
2.452
2.861
3.205
3.203
3.106
2.307
2.993
3.105
2.785
2.665
2.099
2.093
1.720
1.572
1.197
1.112
0.657
0.523
0.400
0.573
0.712
0.985
0.875
1.062
0.904
1.271
1.177
1.640
1.425
2.148
2.123
2.699
2.965
3.222
3.490
3.682
3.943
3.672
4.181
3.988
4.417
4.635
4.307
4.196
3.862
3.526
3.401
3.101
3.239
2.987
2.619
2.556
2.222
2.068
1.781
1.598
1.171
1.374
1.193
1.354
1.471
1.262
1.627
1.882
2.182
2.296
2.569
2.299
2.009
2.467
2.564
2.028
2.378
2.693
2.605
2.147
2.752
2.991
2.568
2.701
3.225
3.559
3.782
3.412
3.417
2.902
3.236
3.508
3.436
2.962
3.496
3.728
3.540
3.419
3.427
3.303
3.741
4.052
4.159
3.747
3.467
3.659
3.724
3.127
3.353
2.812
2.943
3.335
3.345
3.803
4.004
3.833
3.492
3.525
3.134
3.428
3.098
3.438
3.569
3.236
3.187
3.376
3.051
2.935
3.056
2.741
2.954
2.841
2.961
3.040
3.092
3.449
3.194
3.101
2.845
2.647
2.839
2.668
2.727
2.485
2.680
2.466
2.766
2.605
2.881
2.131
2.732
2.422
2.591
2.860
2.995
2.638
2.765
2.051
2.439
2.224
2.176
1.987
2.076
2.153
2.178
2.380
2.330
2.648
2.691
2.936
2.515
3.061
2.951
3.361
3.568
3.403
3.424
3.087
2.980
2.669
2.293
2.045
1.896
1.724
1.806
1.606
1.834
1.560
1.981
1.854
2.379
2.325
2.770
2.951
3.255
3.370
3.420
3.730
3.836
3.770
3.438
3.409
3.534
3.288
2.971
3.147
3.202
2.868
2.680
2.978
2.922
2.378
2.391
2.899
3.037
3.008
2.683
2.381
2.143
2.404
2.394
2.061
1.967
2.246
2.147
1.812
1.818
1.759
1.830
2.053
2.551
2.490
2.092
2.236
2.565
2.838
2.468
2.975
2.620
3.103
3.354
3.688
3.908
4.001
4.086
3.747
3.562
3.159
3.095
2.687
2.691
2.581
2.454
2.127
1.750
1.609
1.295
1.383
1.344
1.695
2.016
2.030
2.548
2.886
3.245
3.293
3.184
2.463
3.066
3.126
2.786
2.647
2.164
2.057
1.677
1.477
1.120
0.910
0.465
0.349
0.221
0.379
0.595
0.793
0.610
0.829
0.605
1.023
0.972
1.425
1.366
2.005
2.120
2.595
2.894
3.175
3.460
3.695
3.987
3.724
4.259
4.096
4.543
4.765
4.451
4.313
3.967
3.627
3.458
3.134
3.189
2.959
2.624
2.450
2.138
1.876
1.614
1.382
0.944
1.126
0.781
1.084
1.144
1.095
1.333
1.625
1.948
2.080
2.315
1.993
1.774
2.225
2.231
1.696
2.129
2.399
2.218
1.901
2.453
2.659
2.201
2.434
2.907
3.256
3.413
3.030
3.019
2.482
2.883
3.165
3.060
2.656
3.206
3.428
3.257
3.061
3.045
2.860
3.288
3.576
3.707
3.296
2.955
3.181
3.252
2.680
2.946
2.359
2.540
2.966
2.985
3.456
3.630
3.448
3.078
3.087
2.664
2.926
2.600
2.898
3.023
2.670
2.645
2.879
2.570
2.440
2.633
2.267
2.446
2.265
2.423
2.472
2.563
2.912
2.669
2.527
2.257
2.087
2.286
2.117
2.213
1.897
2.178
1.961
2.291
2.210
2.516
1.795
2.413
2.112
2.315
2.584
2.724
2.376
2.461
1.746
2.122
1.816
1.773
1.488
1.601
1.607
1.705
1.882
1.895
2.177
2.254
2.510
2.117
2.682
2.530
2.958
3.179
2.984
2.980
2.625
2.470
2.173
1.805
1.602
1.436
1.233
1.355
1.073
1.404
1.113
1.636
1.545
2.127
2.064
2.528
2.773
2.982
3.161
3.228
3.543
3.627
3.586
3.261
3.185
3.319
3.098
2.757
2.924
2.978
2.650
2.429
2.748
2.689
2.153
2.149
2.657
2.788
2.773
2.447
2.151
1.906
2.163
2.159
1.828
1.719
2.003
1.928
1.601
1.593
1.551
1.689
1.978
2.786
2.742
2.269
2.431
2.734
2.972
2.483
2.936
2.556
3.029
3.257
3.589
3.810
3.937
4.008
3.677
3.525
3.138
3.131
2.723
2.829
2.761
2.644
2.365
2.046
1.951
1.661
1.671
1.619
1.913
2.196
2.137
2.697
2.969
3.333
3.350
3.239
2.652
3.012
3.122
2.798
2.695
2.232
2.117
1.750
1.609
1.256
1.162
0.598
0.742
0.401
0.395
0.690
0.742
0.424
0.742
0.363
0.990
0.953
1.360
1.356
1.949
2.093
2.506
2.798
3.022
3.325
3.552
3.829
3.588
4.113
3.981
4.437
4.648
4.325
4.221
3.857
3.560
3.338
3.002
3.004
2.753
2.403
2.263
1.926
1.767
1.417
1.212
0.727
0.935
0.542
0.862
0.950
1.038
1.204
1.443
1.757
2.002
2.097
1.775
1.602
2.006
1.992
1.461
1.906
2.164
1.974
1.690
2.223
2.425
1.902
2.205
2.650
2.985
3.054
2.729
2.581
2.054
2.511
2.760
2.568
2.252
2.784
2.975
2.814
2.533
2.478
2.320
2.715
2.992
3.184
2.781
2.426
2.739
2.845
2.313
2.687
2.105
2.293
2.721
2.741
3.212
3.384
3.204
2.832
2.840
2.411
2.588
2.259
2.441
2.525
2.157
2.043
2.257
1.961
1.893
2.021
1.652
1.894
1.716
1.985
1.972
2.224
2.539
2.342
2.128
1.820
1.738
1.937
1.761
1.854
1.369
1.750
1.428
1.754
1.609
1.951
1.406
2.135
1.872
2.132
2.407
2.520
2.174
2.126
1.502
1.634
1.251
1.351
0.878
1.337
1.152
1.463
1.648
1.678
1.960
2.073
2.334
1.954
2.512
2.334
2.781
3.005
2.752
2.720
2.374
2.149
1.926
1.613
1.429
1.239
0.998
1.108
0.835
1.170
0.757
1.274
1.142
1.713
1.811
2.246
2.534
2.749
2.964
2.941
3.184
3.246
3.311
3.002
2.843
3.047
2.928
2.491
2.694
2.826
2.520
2.126
2.568
2.607
2.032
2.011
2.553
2.638
2.762
2.471
2.221
1.882
2.100
2.173
1.862
1.635
1.928
1.946
1.543
1.715
1.759
1.906
2.234
3.027
2.987
2.469
2.696
2.861
2.996
2.412
2.682
2.326
2.672
2.856
3.124
3.358
3.550
3.613
3.337
3.256
2.935
3.055
2.685
3.007
2.997
2.862
2.702
2.457
2.402
2.178
2.106
2.024
2.254
2.475
2.308
2.832
2.998
3.337
3.263
3.334
2.892
3.107
3.127
2.811
2.650
2.276
2.152
1.883
1.832
1.560
1.566
1.062
1.265
0.862
0.802
1.071
1.000
0.660
1.050
0.639
1.132
1.222
1.440
1.500
1.852
2.155
2.284
2.648
2.884
3.194
3.504
3.833
3.737
4.223
4.185
4.653
4.834
4.479
4.341
3.956
3.687
3.399
3.045
3.017
2.597
2.324
2.051
1.679
1.420
1.124
1.086
0.654
0.888
0.593
0.960
1.064
1.318
1.303
1.555
1.873
2.065
1.913
1.598
1.677
1.864
1.561
1.270
1.592
1.704
1.353
1.285
1.650
1.711
1.183
1.553
1.929
2.267
2.288
1.954
1.837
1.296
1.792
2.059
1.900
1.646
2.177
2.371
2.275
1.942
1.882
1.623
2.042
2.312
2.448
2.045
1.629
1.893
1.937
1.494
1.836
1.245
1.591
2.029
2.091
2.550
2.633
2.495
2.079
1.990
1.509
1.630
1.316
1.491
1.606
1.239
1.312
1.554
1.447
1.478
1.475
1.041
1.162
0.861
1.035
1.031
1.265
1.575
1.439
1.251
0.952
0.982
1.113
0.836
0.897
0.469
0.863
0.686
1.034
1.107
1.446
1.166
1.869
1.675
1.989
2.343
2.394
2.058
1.818
1.337
1.194
0.783
0.696
0.344
0.586
0.184
0.769
0.933
1.147
1.394
1.576
1.846
1.708
2.158
2.062
2.515
2.695
2.324
2.189
1.830
1.514
1.325
1.012
1.236
0.950
0.533
0.677
0.287
0.509
0.275
0.762
0.917
1.334
1.622
1.942
2.287
2.491
2.736
2.562
2.717
2.712
2.815
2.546
2.315
2.495
2.445
2.035
2.099
2.324
2.143
1.570
2.050
2.260
1.760
1.603
2.185
2.322
2.566
2.387
2.271
1.825
1.987
2.193
2.003
1.581
1.954
2.123
1.757
1.938
2.055
2.205
2.554
3.157
3.071
2.591
2.638
2.897
3.071
2.492
2.870
2.437
2.817
3.088
3.357
3.634
3.800
3.814
3.481
3.383
2.992
3.091
2.712
2.911
2.911
2.733
2.528
2.395
2.243
2.047
2.030
1.880
2.148
2.305
2.269
2.676
2.917
3.275
3.188
3.051
2.594
2.745
2.898
2.605
2.573
2.107
2.124
1.782
1.821
1.543
1.626
0.938
1.354
0.985
1.056
1.347
1.379
0.992
1.261
0.625
1.168
1.120
1.377
1.297
1.779
1.909
2.271
2.535
2.700
3.004
3.208
3.464
3.174
3.717
3.591
4.047
4.261
3.966
3.888
3.520
3.262
3.010
2.679
2.586
2.384
2.034
1.962
1.614
1.473
1.115
1.084
0.555
1.068
0.838
1.270
1.417
1.636
1.750
1.913
2.242
2.474
2.455
2.116
2.030
2.323
2.161
1.721
2.056
2.260
1.970
1.660
2.145
2.286
1.697
1.962
2.435
2.729
2.709
2.401
2.161
1.696
2.135
2.346
2.052
1.845
2.319
2.448
2.220
1.954
1.867
1.787
2.129
2.406
2.634
2.241
1.967
2.365
2.524
2.051
2.534
1.993
2.312
2.711
2.846
3.259
3.396
3.294
2.902
2.828
2.369
2.494
2.133
2.160
2.170
1.870
1.637
1.693
1.366
1.257
1.373
1.046
1.433
1.440
1.703
1.835
2.167
2.512
2.406
2.236
1.727
1.910
2.086
1.811
1.815
1.293
1.458
1.054
1.279
0.974
1.305
0.763
1.449
1.261
1.493
1.757
1.935
1.671
1.539
1.021
1.154
0.736
1.073
0.498
1.223
1.119
1.523
1.760
1.910
2.194
2.362
2.593
2.247
2.794
2.633
3.085
3.304
3.028
2.974
2.618
2.370
2.139
1.827
1.765
1.573
1.257
1.234
0.898
1.005
0.591
1.011
0.694
1.319
1.398
1.760
2.059
2.133
2.464
2.438
2.685
2.732
2.898
2.602
2.346
2.648
2.626
2.144
2.322
2.591
2.337
1.845
2.348
2.510
1.914
1.949
2.504
2.736
2.879
2.600
2.414
1.967
2.248
2.436
2.215
1.808
2.234
2.406
2.054
2.099
2.152
2.237
2.599
3.271
3.059
2.712
2.492
2.828
2.980
2.427
2.818
2.336
2.634
2.948
3.106
3.472
3.664
3.595
3.251
3.201
2.753
2.885
2.518
2.655
2.692
2.394
2.215
2.285
1.969
1.851
1.934
1.639
1.957
1.964
2.171
2.323
2.592
2.940
2.832
2.697
2.252
2.401
2.545
2.249
2.225
1.755
1.897
1.525
1.761
1.476
1.761
1.046
1.728
1.434
1.699
1.996
1.979
1.596
1.666
1.037
1.400
1.121
1.346
0.956
1.562
1.552
1.930
2.192
2.303
2.609
2.811
3.094
2.779
3.334
3.201
3.652
3.869
3.599
3.545
3.183
2.930
2.680
2.346
2.190
1.941
1.623
1.576
1.253
1.297
0.910
1.164
0.801
1.273
1.197
1.633
1.833
2.150
2.321
2.282
2.585
2.699
2.651
2.313
2.292
2.462
2.230
1.851
2.147
2.244
1.931
1.703
2.085
2.128
1.526
1.745
2.236
2.527
2.486
2.174
1.927
1.479
1.915
2.117
1.809
1.632
2.047
2.105
1.841
1.686
1.619
1.540
1.880
2.162
2.387
1.992
1.743
2.141
2.311
1.850
2.352
1.884
2.309
2.648
2.878
3.214
3.312
3.291
2.903
2.757
2.304
2.325
1.964
1.970
1.965
1.696
1.481
1.484
1.173
1.055
1.134
0.825
1.208
1.291
1.476
1.696
2.027
2.385
2.370
2.217
1.605
2.046
2.143
1.818
1.735
1.216
1.269
0.859
1.033
0.725
1.016
0.277
0.863
0.624
0.892
1.225
1.373
1.060
1.019
0.492
0.921
0.523
0.870
0.386
1.149
1.131
1.642
1.927
2.174
2.460
2.664
2.932
2.695
3.189
3.018
3.458
3.668
3.335
3.226
2.887
2.557
2.408
2.100
2.228
1.938
1.618
1.458
1.123
0.980
0.666
0.812
0.440
1.038
0.904
1.261
1.504
1.533
1.882
1.933
2.238
2.322
2.502
2.206
1.929
2.304
2.315
1.823
2.089
2.359
2.204
1.615
2.198
2.426
1.880
1.893
2.478
2.754
2.940
2.702
2.545
2.066
2.354
2.574
2.439
1.958
2.433
2.644
2.405
2.342
2.310
2.267
2.634
3.151
2.903
2.578
2.291
2.615
2.746
2.199
2.599
2.067
2.390
2.749
2.877
3.266
3.455
3.360
2.992
2.913
2.458
2.605
2.239
2.396
2.457
2.135
1.998
2.131
1.828
1.767
1.830
1.505
1.757
1.704
1.953
2.038
2.295
2.637
2.514
2.372
1.975
2.027
2.215
1.927
1.920
1.458
1.651
1.299
1.588
1.385
1.706
1.120
1.844
1.570
1.865
2.190
2.267
1.946
1.822
1.205
1.362
1.011
1.164
0.732
1.297
1.236
1.619
1.870
1.920
2.214
2.334
2.608
2.325
2.855
2.758
3.211
3.430
3.150
3.092
2.737
2.491
2.258
1.894
1.681
1.486
1.244
1.322
0.989
1.058
0.644
1.062
0.840
1.432
1.522
1.940
2.245
2.435
2.710
2.638
2.893
2.974
2.980
2.655
2.557
2.712
2.512
2.144
2.347
2.441
2.119
1.846
2.210
2.242
1.644
1.713
2.250
2.487
2.507
2.179
1.911
1.567
1.875
1.974
1.680
1.466
1.830
1.868
1.600
1.467
1.440
1.546
1.866
2.185
2.390
1.948
2.002
2.340
2.569
2.082
2.550
2.129
2.591
2.856
3.165
3.418
3.541
3.582
3.230
3.084
2.676
2.690
2.292
2.380
2.314
2.178
1.900
1.612
1.497
1.221
1.230
1.148
1.458
1.737
1.719
2.220
2.494
2.860
2.864
2.796
2.205
2.632
2.685
2.340
2.206
1.804
1.659
1.290
1.181
0.825
0.812
0.145
0.657
0.345
0.464
0.741
0.877
0.652
0.774
0.293
0.728
0.528
0.939
0.924
1.475
1.693
2.061
2.375
2.651
2.945
3.190
3.484
3.296
3.789
3.647
4.096
4.303
3.965
3.845
3.491
3.169
2.980
2.649
2.767
2.451
2.107
1.894
1.566
1.300
1.010
0.810
0.308
0.806
0.687
1.036
1.158
1.175
1.413
1.643
1.953
2.078
2.274
1.987
1.694
2.084
2.089
1.596
1.884
2.143
2.010
1.483
2.084
2.313
1.753
1.927
2.472
2.792
2.884
2.579
2.392
1.884
2.309
2.550
2.340
2.013
2.535
2.721
2.546
2.285
2.240
2.129
2.514
3.069
2.813
2.490
2.176
2.447
2.558
1.989
2.350
1.801
2.097
2.493
2.628
3.038
3.184
3.082
2.698
2.633
2.185
2.365
2.002
2.223
2.312
1.982
1.865
2.109
1.834
1.784
1.835
1.468
1.655
1.547
1.762
1.827
2.070
2.402
2.224
2.040
1.733
1.597
1.810
1.655
1.677
1.219
1.474
1.172
1.482
1.393
1.717
1.254
1.981
1.708
2.024
2.363
2.381
2.050
1.876
1.326
1.330
0.985
0.997
0.684
1.016
0.994
1.323
1.481
1.514
1.773
1.847
2.098
1.762
2.305
2.219
2.676
2.875
2.598
2.548
2.184
2.004
1.715
1.352
1.185
1.055
0.881
1.013
0.678
0.794
0.372
0.896
0.909
1.390
1.573
1.963
2.288
2.519
2.769
2.641
2.861
2.906
2.962
2.655
2.491
2.676
2.557
2.136
2.314
2.488
2.219
1.747
2.212
2.359
1.779
1.766
2.318
2.509
2.623
2.316
2.070
1.739
1.971
2.050
1.741
1.519
1.818
1.855
1.478
1.580
1.629
1.788
2.125
2.462
2.583
2.132
2.353
2.620
2.858
2.366
2.734
2.329
2.729
2.964
3.256
3.503
3.669
3.715
3.395
3.289
2.919
3.000
2.613
2.751
2.682
2.594
2.314
1.980
1.955
1.663
1.619
1.606
1.851
2.134
2.037
2.648
2.867
3.225
3.179
3.186
2.661
2.972
3.011
2.673
2.542
2.142
2.041
1.668
1.525
1.156
1.071
0.608
0.602
0.303
0.262
0.553
0.643
0.427
0.665
0.295
0.842
0.890
1.267
1.357
1.734
2.044
2.262
2.585
2.832
3.144
3.417
3.723
3.562
4.066
3.969
4.432
4.631
4.298
4.180
3.805
3.518
3.267
2.918
2.940
2.600
2.242
2.024
1.627
1.444
1.059
0.961
0.487
0.795
0.481
0.802
0.922
0.938
1.102
1.408
1.727
1.963
2.072
1.773
1.547
1.945
1.918
1.416
1.811
2.021
1.743
1.457
1.940
2.099
1.531
1.819
2.273
2.608
2.702
2.379
2.247
1.719
2.155
2.411
2.251
1.900
2.443
2.647
2.526
2.243
2.209
2.043
2.457
3.378
2.991
2.764
2.248
2.563
2.584
2.194
2.431
1.821
2.017
2.472
2.448
2.959
3.098
2.871
2.471
2.467
2.021
2.194
1.930
2.086
2.182
1.788
1.732
2.073
1.939
1.883
2.141
1.688
1.838
1.396
1.667
1.531
1.758
2.052
1.783
1.531
1.226
1.121
1.328
1.280
1.465
0.990
1.538
1.441
1.829
1.916
2.281
1.960
2.672
2.429
2.748
3.090
3.099
2.767
2.562
2.039
1.963
1.598
1.469
1.169
1.099
0.840
1.087
1.165
1.203
1.446
1.523
1.743
1.366
1.920
1.759
2.183
2.419
2.180
2.118
1.769
1.522
1.310
0.975
0.887
0.787
0.644
0.815
0.433
0.985
0.852
1.418
1.625
2.023
2.269
2.636
2.969
3.215
3.456
3.285
3.463
3.460
3.507
3.220
3.021
3.155
3.044
2.687
2.730
2.873
2.610
2.220
2.573
2.652
2.137
1.988
2.515
2.531
2.728
2.497
2.295
1.971
2.069
2.177
1.895
1.587
1.885
1.943
1.499
1.818
1.937
2.132
2.420
2.820
2.849
2.398
2.752
2.947
3.158
2.658
3.030
2.712
3.152
3.322
3.647
3.840
3.990
4.111
3.822
3.683
3.315
3.358
2.951
3.154
3.090
3.048
2.781
2.429
2.482
2.194
2.097
2.129
2.311
2.582
2.410
3.057
3.289
3.644
3.662
3.700
3.154
3.553
3.553
3.200
3.021
2.615
2.396
2.061
1.888
1.571
1.432
1.145
1.082
0.711
0.541
0.795
0.572
0.344
0.848
0.756
1.160
1.357
1.630
1.877
2.233
2.574
2.823
3.160
3.443
3.747
4.035
4.354
4.230
4.719
4.619
5.077
5.275
4.925
4.789
4.420
4.110
3.882
3.537
3.616
3.238
2.903
2.649
2.260
2.000
1.633
1.402
1.038
0.937
0.486
0.786
0.719
0.924
0.861
1.249
1.583
1.877
1.895
1.552
1.496
1.848
1.768
1.263
1.747
1.989
1.735
1.600
2.078
2.246
1.830
2.160
2.537
2.896
3.001
2.588
2.596
2.081
2.525
2.830
2.735
2.408
2.958
3.176
3.113
2.794
2.715
2.418
2.769
2.732
2.361
2.124
1.638
1.962
2.021
1.571
1.916
1.329
1.680
2.112
2.192
2.641
2.737
2.603
2.192
2.101
1.623
1.746
1.419
1.586
1.659
1.281
1.187
1.466
1.298
1.308
1.466
1.010
1.188
0.837
1.129
1.118
1.390
1.709
1.552
1.321
1.013
0.906
1.111
0.980
1.019
0.509
0.940
0.791
1.164
1.253
1.615
1.335
2.026
1.835
2.159
2.515
2.525
2.195
1.955
1.455
1.356
0.936
0.900
0.508
0.670
0.290
0.850
0.999
1.090
1.309
1.410
1.628
1.377
1.870
1.756
2.211
2.413
2.082
1.983
1.620
1.359
1.133
0.844
0.899
0.758
0.521
0.712
0.280
0.684
0.406
0.916
1.065
1.479
1.747
2.079
2.418
2.616
2.875
2.722
2.897
2.909
3.000
2.718
2.505
2.687
2.618
2.205
2.300
2.509
2.290
1.753
2.220
2.410
1.879
1.754
2.315
2.405
2.599
2.363
2.175
1.804
1.965
2.108
1.840
1.490
1.817
1.938
1.534
1.763
1.882
2.053
2.381
2.757
2.803
2.324
2.616
2.806
2.993
2.464
2.810
2.450
2.822
3.012
3.294
3.524
3.708
3.776
3.488
3.396
3.064
3.146
2.749
2.975
2.932
2.868
2.640
2.335
2.367
2.106
1.999
1.995
2.175
2.422
2.244
2.859
3.068
3.421
3.380
3.445
2.963
3.233
3.233
2.909
2.763
2.359
2.189
1.862
1.740
1.442
1.380
1.025
1.131
0.719
0.780
1.104
0.946
0.556
0.833
0.593
1.034
1.179
1.420
1.649
1.945
2.256
2.426
2.771
3.014
3.326
3.619
3.936
3.824
4.317
4.254
4.720
4.909
4.568
4.440
4.058
3.784
3.507
3.154
3.154
2.744
2.440
2.194
1.796
1.564
1.227
1.126
0.776
0.777
0.438
0.756
0.846
1.122
1.234
1.351
1.679
1.930
1.910
1.579
1.498
1.813
1.635
1.220
1.640
1.777
1.420
1.421
1.790
1.827
1.369
1.760
2.092
2.432
2.416
2.058
1.940
1.452
1.974
2.249
2.087
1.851
2.387
2.580
2.471
2.147
2.045
1.758
2.104
2.540
2.160
1.985
1.437
1.866
1.950
1.604
2.029
1.506
1.903
2.319
2.389
2.834
2.844
2.746
2.338
2.210
1.738
1.764
1.481
1.460
1.486
1.117
0.959
1.232
1.051
0.977
1.239
0.793
1.001
0.653
1.072
0.950
1.356
1.654
1.482
1.282
0.808
1.081
1.211
1.015
1.080
0.367
0.933
0.643
1.023
1.090
1.447
1.317
1.937
1.823
2.120
2.465
2.561
2.214
2.012
1.522
1.450
1.007
1.055
0.576
0.956
0.451
1.137
1.228
1.454
1.642
1.802
2.046
1.808
2.313
2.142
2.579
2.807
2.431
2.290
1.957
1.609
1.493
1.221
1.432
1.260
0.803
1.087
0.687
1.017
0.771
1.238
1.148
1.689
1.873
2.225
2.547
2.632
2.947
2.821
2.955
2.909
3.120
2.872
2.606
2.817
2.839
2.411
2.398
2.698
2.602
1.963
2.474
2.706
2.257
2.072
2.654
2.753
3.051
2.904
2.754
2.316
2.512
2.706
2.468
2.083
2.437
2.545
2.113
2.386
2.493
2.663
2.990
3.359
3.423
2.952
3.140
3.321
3.475
2.893
3.174
2.811
3.116
3.287
3.500
3.753
3.968
4.022
3.767
3.719
3.397
3.519
3.145
3.410
3.414
3.277
3.130
2.899
2.846
2.583
2.541
2.459
2.672
2.895
2.737
3.232
3.402
3.753
3.673
3.697
3.296
3.441
3.489
3.170
3.057
2.666
2.588
2.286
2.288
2.013
1.977
1.460
1.570
1.199
1.095
1.352
1.237
0.949
1.435
1.048
1.585
1.643
1.845
1.912
2.244
2.534
2.706
3.017
3.227
3.543
3.815
4.112
3.927
4.446
4.359
4.821
5.022
4.712
4.612
4.231
3.973
3.692
3.342
3.281
2.934
2.605
2.411
2.012
1.868
1.512
1.496
1.078
1.384
1.047
1.366
1.296
1.587
1.538
1.870
2.177
2.462
2.290
1.987
2.082
2.252
1.896
1.720
2.029
2.053
1.697
1.751
2.040
1.982
1.476
1.907
2.221
2.532
2.417
2.115
1.868
1.451
2.011
2.232
1.982
1.920
2.386
2.529
2.369
2.016
1.863
1.589
1.901
2.788
2.433
2.266
1.782
2.337
2.461
2.103
2.557
2.027
2.390
2.775
2.940
3.333
3.452
3.373
2.978
2.847
2.369
2.378
2.057
1.974
1.920
1.593
1.163
1.356
1.038
0.818
1.239
0.939
1.359
1.146
1.618
1.551
1.998
2.323
2.180
2.005
1.333
1.795
1.943
1.719
1.725
1.026
1.435
1.084
1.370
1.172
1.523
1.003
1.716
1.488
1.780
2.115
2.219
1.899
1.750
1.187
1.306
0.895
1.129
0.559
1.262
1.040
1.620
1.868
2.040
2.308
2.449
2.668
2.310
2.854
2.645
3.074
3.311
3.016
2.944
2.588
2.294
2.177
1.885
1.850
1.698
1.440
1.386
1.043
1.085
0.717
1.089
0.814
1.430
1.533
1.923
2.229
2.356
2.666
2.611
2.856
2.931
3.034
2.727
2.515
2.783
2.716
2.245
2.434
2.669
2.474
1.912
2.456
2.666
2.085
2.079
2.658
2.888
3.066
2.816
2.657
2.193
2.456
2.653
2.463
2.025
2.451
2.637
2.311
2.373
2.446
2.517
2.901
3.251
3.369
2.871
2.926
3.144
3.297
2.703
3.042
2.606
2.943
3.214
3.445
3.745
3.928
3.932
3.606
3.532
3.151
3.288
2.922
3.157
3.178
2.992
2.875
2.708
2.576
2.374
2.348
2.192
2.427
2.638
2.529
2.931
3.122
3.474
3.379
3.361
2.966
3.082
3.163
2.848
2.762
2.380
2.361
2.041
2.100
1.843
1.940
1.263
1.686
1.312
1.305
1.573
1.610
1.233
1.551
0.939
1.437
1.420
1.621
1.585
1.968
2.218
2.405
2.706
2.904
3.218
3.472
3.757
3.533
4.061
3.957
4.417
4.623
4.324
4.235
3.859
3.604
3.329
2.984
2.914
2.614
2.259
2.101
1.705
1.624
1.261
1.298
0.837
1.299
1.084
1.524
1.633
1.896
1.916
2.161
2.488
2.669
2.626
2.287
2.250
2.497
2.279
1.874
2.204
2.357
2.053
1.827
2.249
2.328
1.742
2.020
2.483
2.796
2.815
2.517
2.282
1.798
2.251
2.480
2.228
1.971
2.476
2.643
2.438
2.165
2.024
1.881
2.106
3.231
2.987
2.673
2.406
2.789
2.938
2.430
2.872
2.356
2.709
3.088
3.259
3.647
3.774
3.698
3.307
3.209
2.747
2.852
2.488
2.568
2.593
2.274
1.887
2.030
1.685
1.451
1.814
1.503
1.874
1.816
2.129
2.193
2.525
2.871
2.775
2.561
2.014
2.245
2.429
2.187
2.176
1.609
1.850
1.463
1.720
1.414
1.723
1.045
1.709
1.474
1.732
2.037
2.192
1.894
1.814
1.173
1.470
1.120
1.401
0.877
1.581
1.471
1.941
2.187
2.364
2.651
2.754
2.961
2.521
3.082
2.868
3.301
3.538
3.288
3.255
2.893
2.668
2.491
2.194
2.135
2.017
1.719
1.678
1.335
1.380
0.985
1.320
0.903
1.563
1.561
1.984
2.261
2.371
2.690
2.684
2.967
3.068
3.164
2.846
2.640
2.936
2.861
2.380
2.627
2.849
2.638
2.109
2.657
2.848
2.248
2.307
2.871
3.136
3.279
2.997
2.817
2.357
2.650
2.849
2.639
2.224
2.664
2.818
2.453
2.500
2.530
2.613
2.973
3.305
3.484
3.001
2.982
3.251
3.415
2.829
3.200
2.738
3.076
3.381
3.603
3.923
4.097
4.076
3.730
3.654
3.247
3.382
3.021
3.205
3.225
2.999
2.865
2.714
2.506
2.261
2.333
2.150
2.462
2.611
2.612
2.939
3.167
3.521
3.420
3.345
2.922
3.048
3.166
2.861
2.802
2.422
2.417
2.064
2.171
1.870
1.927
1.208
1.540
1.169
1.246
1.505
1.639
1.335
1.650
0.974
1.570
1.469
1.722
1.569
2.043
2.206
2.459
2.746
2.928
3.237
3.464
3.728
3.435
3.980
3.841
4.292
4.510
4.235
4.169
3.801
3.548
3.292
2.957
2.872
2.639
2.261
2.144
1.776
1.715
1.390
1.446
0.935
1.488
1.259
1.705
1.842
1.997
2.081
2.353
2.677
2.916
2.900
2.561
2.466
2.756
2.575
2.144
2.474
2.650
2.361
2.061
2.522
2.622
2.023
2.262
2.752
3.056
3.090
2.786
2.562
2.082
2.500
2.721
2.454
2.178
2.667
2.817
2.591
2.353
2.287
2.232
2.572
3.373
3.154
2.833
2.612
3.019
3.184
2.685
3.141
2.648
3.011
3.376
3.567
3.938
4.066
4.005
3.617
3.512
3.053
3.142
2.777
2.826
2.830
2.526
2.238
2.291
1.943
1.790
1.956
1.657
2.080
2.081
2.353
2.480
2.819
3.168
3.092
2.900
2.355
2.626
2.785
2.502
2.481
1.917
2.113
1.714
1.899
1.555
1.797
1.068
1.636
1.418
1.630
1.899
2.081
1.836
1.828
1.164
1.600
1.306
1.633
1.143
1.870
1.783
2.261
2.513
2.694
2.984
3.128
3.360
2.932
3.501
3.298
3.716
3.962
3.737
3.716
3.339
3.117
2.914
2.593
2.478
2.352
2.045
1.997
1.656
1.663
1.283
1.519
1.018
1.680
1.582
2.009
2.251
2.318
2.618
2.703
3.016
3.129
3.244
2.922
2.705
3.037
2.976
2.487
2.772
2.997
2.794
2.282
2.842
3.029
2.417
2.536
3.085
3.362
3.447
3.132
2.909
2.487
2.808
3.000
2.731
2.402
2.834
2.941
2.631
2.558
2.538
2.600
2.928
3.235
3.453
3.020
2.915
3.272
3.454
2.916
3.350
2.867
3.198
3.534
3.730
4.077
4.249
4.196
3.836
3.764
3.330
3.434
3.072
3.155
3.157
2.890
2.644
2.591
2.292
2.083
2.207
1.970
2.368
2.468
2.608
2.858
3.155
3.510
3.433
3.272
2.754
2.986
3.145
2.847
2.809
2.311
2.408
2.014
2.128
1.779
1.919
1.163
1.627
1.320
1.475
1.702
1.876
1.638
1.799
1.097
1.674
1.453
1.802
1.469
2.123
2.146
2.516
2.780
2.932
3.235
3.426
3.673
3.315
3.875
3.695
4.133
4.365
4.115
4.071
3.719
3.458
3.239
2.919
2.801
2.604
2.249
2.182
1.847
1.831
1.484
1.622
1.090
1.687
1.477
1.921
2.119
2.226
2.368
2.604
2.930
3.121
3.174
2.844
2.668
3.006
2.877
2.426
2.753
2.935
2.656
2.307
2.784
2.879
2.271
2.470
2.980
3.269
3.300
2.986
2.756
2.306
2.690
2.894
2.601
2.334
2.792
2.904
2.655
2.461
2.398
2.402
2.713
3.480
3.318
2.955
2.844
3.228
3.415
2.895
3.346
2.873
3.259
3.592
3.821
4.155
4.293
4.263
3.890
3.780
3.337
3.416
3.050
3.110
3.098
2.834
2.555
2.503
2.188
1.977
2.121
1.885
2.295
2.410
2.562
2.819
3.133
3.490
3.427
3.273
2.712
3.011
3.155
2.848
2.799
2.279
2.375
1.974
2.070
1.709
1.838
1.084
1.527
1.227
1.402
1.655
1.814
1.532
1.738
1.049
1.645
1.408
1.778
1.439
2.120
2.133
2.563
2.837
3.031
3.331
3.536
3.782
3.406
3.979
3.772
4.198
4.439
4.208
4.163
3.808
3.535
3.313
2.986
2.908
2.730
2.389
2.293
1.953
1.881
1.534
1.624
1.078
1.663
1.413
1.852
2.029
2.142
2.299
2.519
2.844
3.062
3.103
2.770
2.607
2.948
2.847
2.379
2.716
2.934
2.677
2.299
2.822
2.977
2.377
2.598
3.100
3.409
3.481
3.178
2.963
2.481
2.881
3.103
2.849
2.540
3.028
3.177
2.938
2.731
2.678
2.636
2.986
3.271
3.498
3.093
2.830
3.201
3.346
2.824
3.248
2.717
3.033
3.419
3.564
3.967
4.115
4.020
3.632
3.560
3.099
3.230
2.870
2.971
3.003
2.674
2.429
2.535
2.191
1.996
2.224
1.907
2.291
2.221
2.544
2.578
2.897
3.233
3.114
2.896
2.456
2.563
2.745
2.512
2.535
1.989
2.254
1.874
2.131
1.818
2.087
1.363
1.808
1.546
1.762
1.972
2.182
1.985
2.101
1.430
1.827
1.516
1.777
1.282
1.953
1.822
2.253
2.480
2.607
2.890
3.028
3.245
2.804
3.369
3.149
3.575
3.815
3.588
3.569
3.215
2.990
2.794
2.493
2.403
2.253
1.939
1.934
1.612
1.701
1.292
1.653
1.237
1.876
1.803
2.260
2.478
2.502
2.746
2.958
3.277
3.410
3.454
3.121
2.965
3.253
3.108
2.659
2.952
3.132
2.851
2.427
2.935
3.048
2.433
2.563
3.100
3.364
3.422
3.104
2.869
2.464
2.785
2.961
2.678
2.379
2.800
2.888
2.581
2.500
2.467
2.546
2.845
3.694
3.541
3.187
3.091
3.501
3.693
3.194
3.656
3.189
3.582
3.914
4.146
4.477
4.612
4.585
4.210
4.096
3.651
3.716
3.348
3.381
3.356
3.093
2.769
2.711
2.380
2.150
2.328
2.105
2.533
2.667
2.836
3.086
3.425
3.781
3.727
3.552
2.959
3.292
3.447
3.146
3.100
2.550
2.666
2.260
2.327
1.951
2.032
1.312
1.624
1.268
1.339
1.562
1.725
1.492
1.848
1.215
1.900
1.676
2.073
1.732
2.436
2.426
2.882
3.150
3.340
3.636
3.830
4.078
3.744
4.294
4.119
4.563
4.791
4.508
4.438
4.086
3.802
3.594
3.274
3.227
3.029
2.697
2.613
2.272
2.208
1.861
1.914
1.338
1.870
1.532
1.934
2.031
2.123
2.198
2.546
2.865
3.117
3.172
2.847
2.697
3.060
2.964
2.487
2.869
3.096
2.819
2.520
3.031
3.180
2.599
2.865
3.340
3.663
3.725
3.417
3.219
2.716
3.149
3.382
3.140
2.838
3.341
3.506
3.258
3.044
2.961
2.896
3.230
3.485
3.733
3.354
3.021
3.400
3.523
3.015
3.415
2.847
3.151
3.567
3.662
4.105
4.245
4.111
3.713
3.657
3.191
3.339
2.995
3.109
3.149
2.795
2.492
2.666
2.318
2.102
2.414
2.091
2.494
2.332
2.676
2.659
2.985
3.303
3.131
2.894
2.495
2.521
2.718
2.549
2.618
2.056
2.425
2.066
2.366
2.087
2.365
1.685
2.198
1.994
2.214
2.434
2.648
2.372
2.457
1.766
2.144
1.795
2.012
1.480
2.075
1.892
2.321
2.504
2.588
2.849
2.920
3.127
2.604
3.132
2.879
3.264
3.522
3.360
3.394
2.985
2.886
2.691
2.388
2.290
2.187
1.941
2.004
1.666
1.892
1.468
1.913
1.567
2.209
2.122
2.583
2.813
2.931
3.156
3.283
3.613
3.746
3.781
3.447
3.302
3.587
3.436
2.988
3.277
3.455
3.172
2.729
3.232
3.357
2.744
2.814
3.366
3.576
3.694
3.377
3.132
2.744
3.042
3.183
2.897
2.596
2.965
3.031
2.657
2.715
2.680
2.769
3.060
3.461
3.393
2.992
3.083
3.441
3.691
3.249
3.731
3.323
3.774
4.050
4.345
4.611
4.734
4.772
4.401
4.267
3.826
3.850
3.454
3.475
3.401
3.187
2.825
2.615
2.384
2.088
2.237
2.129
2.522
2.778
2.850
3.213
3.572
3.930
3.899
3.732
3.078
3.508
3.650
3.339
3.273
2.712
2.789
2.382
2.301
1.922
1.811
1.252
1.209
0.873
0.953
1.082
1.310
1.273
1.564
1.181
1.802
1.677
2.123
1.897
2.616
2.621
3.104
3.380
3.591
3.885
4.082
4.336
4.011
4.555
4.369
4.809
5.039
4.748
4.670
4.324
4.023
3.835
3.516
3.509
3.297
2.970
2.865
2.522
2.419
2.076
1.995
1.462
1.814
1.485
1.783
1.815
1.735
1.885
2.280
2.617
2.859
3.014
2.679
2.502
2.933
2.936
2.404
2.840
3.098
2.898
2.559
3.120
3.323
2.808
3.037
3.532
3.871
4.003
3.657
3.537
3.024
3.450
3.703
3.481
3.150
3.666
3.852
3.601
3.398
3.314
3.202
3.543
3.791
4.029
3.655
3.252
3.656
3.759
3.276
3.593
3.004
3.223
3.651
3.679
4.152
4.319
4.139
3.758
3.755
3.315
3.524
3.201
3.303
3.341
2.969
2.697
2.932
2.606
2.397
2.744
2.390
2.751
2.502
2.877
2.800
3.148
3.442
3.193
2.936
2.630
2.510
2.725
2.670
2.789
2.203
2.672
2.333
2.655
2.417
2.751
2.065
2.643
2.396
2.597
2.850
3.013
2.690
2.796
2.077
2.484
2.141
2.301
1.769
2.230
2.066
2.370
2.522
2.536
2.796
2.762
2.903
2.321
2.828
2.621
2.992
3.244
3.132
3.204
2.823
2.775
2.532
2.265
2.141
2.048
1.894
2.029
1.711
2.047
1.667
2.163
1.897
2.489
2.412
2.875
3.113
3.298
3.473
3.576
3.897
4.025
4.038
3.703
3.590
3.844
3.656
3.229
3.504
3.622
3.310
2.966
3.378
3.422
2.832
2.850
3.393
3.540
3.606
3.282
3.008
2.696
2.967
3.009
2.682
2.513
2.806
2.766
2.387
2.474
2.454
2.591
2.884
3.618
3.544
3.182
3.249
3.631
3.893
3.498
3.999
3.596
4.066
4.336
4.641
4.899
5.010
5.052
4.692
4.535
4.109
4.086
3.690
3.669
3.577
3.400
3.015
2.752
2.504
2.192
2.383
2.289
2.692
2.992
3.066
3.463
3.836
4.195
4.155
3.990
3.312
3.772
3.913
3.616
3.553
2.970
3.026
2.630
2.513
2.127
1.997
1.472
1.362
1.093
1.177
1.204
1.442
1.533
1.797
1.497
2.068
1.936
2.396
2.180
2.910
2.897
3.401
3.673
3.881
4.171
4.359
4.605
4.253
4.800
4.595
5.027
5.262
4.984
4.916
4.564
4.275
4.100
3.789
3.781
3.582
3.262
3.166
2.822
2.725
2.385
2.293
1.774
2.105
1.788
2.032
2.060
1.879
1.952
2.476
2.827
3.062
3.269
2.893
2.749
3.200
3.235
2.692
3.137
3.402
3.212
2.868
3.441
3.651
3.151
3.363
3.867
4.206
4.340
3.987
3.882
3.350
3.796
4.042
3.841
3.473
3.979
4.162
3.906
3.741
3.704
3.609
3.982
4.240
4.461
4.067
3.658
4.000
4.080
3.572
3.890
3.286
3.511
3.958
3.951
4.451
4.604
4.397
4.008
4.007
3.559
3.767
3.455
3.637
3.710
3.329
3.119
3.385
3.063
2.833
3.222
2.860
3.149
2.877
3.190
3.123
3.361
3.678
3.406
3.168
2.874
2.720
2.940
2.883
3.027
2.528
2.997
2.701
3.040
2.837
3.135
2.394
2.962
2.685
2.864
3.113
3.280
2.971
3.096
2.376
2.794
2.508
2.645
2.155
2.527
2.345
2.608
2.722
2.717
2.950
2.881
3.024
2.451
2.925
2.739
3.081
3.332
3.264
3.363
2.986
2.976
2.706
2.418
2.250
2.212
2.130
2.313
1.944
2.378
2.011
2.505
2.207
2.801
2.715
3.179
3.411
3.582
3.748
3.878
4.205
4.336
4.347
4.012
3.899
4.156
3.965
3.540
3.820
3.923
3.604
3.291
3.688
3.708
3.123
3.149
3.683
3.824
3.856
3.530
3.241
2.961
3.228
3.239
2.905
2.778
3.056
2.970
2.603
2.681
2.638
2.771
3.041
