2.848
2.617
2.173
2.224
2.613
2.870
2.488
2.999
2.619
3.091
3.354
3.697
3.930
4.018
4.090
3.725
3.546
3.138
3.106
2.646
2.672
2.585
2.476
2.102
1.754
1.710
1.364
1.381
1.381
1.702
2.013
2.038
2.563
2.891
3.241
3.258
3.160
2.458
3.077
3.116
2.779
2.641
2.139
2.041
1.681
1.477
1.088
0.983
0.288
0.579
0.331
0.546
0.757
0.956
0.798
0.943
0.691
1.063
0.947
1.408
1.364
1.994
2.155
2.593
2.901
3.191
3.459
3.691
3.979
3.715
4.221
3.920
4.296
4.557
4.312
4.222
3.888
3.571
3.410
3.133
3.300
2.998
2.646
2.463
2.156
1.877
1.611
1.384
0.964
1.140
0.881
1.178
1.306
1.279
1.527
1.779
2.083
2.240
2.437
2.135
1.901
2.314
2.327
1.785
2.211
2.486
2.340
1.969
2.545
2.760
2.319
2.509
3.005
3.340
3.512
3.162
3.119
2.588
2.976
3.244
3.151
2.725
3.261
3.492
3.383
3.171
3.171
2.976
3.393
3.900
3.806
3.409
3.092
3.322
3.395
2.834
3.072
2.511
2.675
3.073
3.138
3.577
3.806
3.585
3.243
3.270
2.857
3.077
2.742
3.045
3.172
2.834
2.791
3.038
2.768
2.767
2.860
2.425
2.584
2.445
2.577
2.589
2.720
3.052
2.793
2.585
2.249
2.146
2.360
2.247
2.374
2.035
2.317
2.099
2.405
2.340
2.639
2.010
2.575
2.305
2.471
2.742
2.860
2.548
2.613
1.890
2.173
1.899
1.859
1.547
1.714
1.752
1.853
2.071
1.984
2.301
2.421
2.474
2.560
2.734
2.957
2.942
2.635
2.454
2.047
1.890
1.537
1.548
1.196
1.466
1.673
1.411
1.488
1.252
1.500
1.364
1.684
1.676
2.126
2.209
2.634
2.873
3.145
3.344
3.283
3.559
3.620
3.577
3.271
3.179
3.305
3.089
2.758
2.909
2.963
2.654
2.482
2.760
2.719
2.145
2.199
2.705
2.872
2.819
2.496
2.222
1.925
2.205
2.250
1.933
1.774
2.089
2.068
1.748
1.669
1.659
1.776
2.089
2.883
2.665
2.179
2.344
2.660
2.904
2.450
2.914
2.544
3.002
3.243
3.588
3.812
3.925
4.015
3.646
3.491
3.081
3.096
2.650
2.732
2.676
2.552
2.232
1.930
1.888
1.573
1.555
1.512
1.822
2.104
2.078
2.593
2.893
3.251
3.268
3.153
2.523
3.026
3.070
2.730
2.603
2.144
2.038
1.673
1.541
1.169
1.074
0.385
0.677
0.344
0.513
0.798
0.916
0.636
0.776
0.487
0.931
0.899
1.336
1.289
1.894
2.091
2.474
2.790
3.066
3.351
3.592
3.886
3.580
4.097
3.809
4.186
4.446
4.235
4.180
3.848
3.530
3.337
3.038
3.123
2.854
2.510
2.311
1.987
1.729
1.421
1.232
0.745
0.906
0.630
0.951
1.114
1.171
1.420
1.593
1.900
2.102
2.224
1.921
1.695
2.091
2.086
1.550
1.977
2.243
2.090
1.727
2.300
2.512
2.077
2.277
2.762
3.101
3.263
2.915
2.813
2.285
2.742
3.003
2.852
2.513
3.046
3.268
3.146
2.869
2.821
2.607
2.987
3.540
3.415
3.039
2.645
2.941
3.011
2.515
2.815
2.223
2.428
2.825
2.898
3.332
3.559
3.346
3.003
3.009
2.556
2.715
2.371
2.594
2.692
2.338
2.228
2.512
2.237
2.214
2.390
1.945
2.133
1.921
2.142
2.114
2.335
2.639
2.385
2.134
1.773
1.742
1.945
1.862
1.991
1.514
1.922
1.667
2.001
1.940
2.280
1.690
2.261
2.008
2.194
2.461
2.591
2.299
2.342
1.604
1.942
1.565
1.584
1.106
1.406
1.284
1.600
1.797
1.786
2.093
2.245
2.317
2.275
2.477
2.654
2.554
2.253
2.121
1.723
1.644
1.349
1.207
0.931
1.255
1.450
1.196
1.247
0.933
1.252
1.065
1.465
1.432
1.894
1.974
2.401
2.669
2.877
3.102
3.069
3.343
3.409
3.394
3.088
2.978
3.129
2.938
2.570
2.724
2.814
2.525
2.281
2.581
2.592
2.017
2.011
2.544
2.681
2.723
2.409
2.160
1.821
2.084
2.157
1.844
1.626
1.934
1.970
1.606
1.635
1.693
1.842
2.182
3.180
2.954
2.454
2.623
2.893
3.107
2.574
2.981
2.592
3.017
3.251
3.557
3.815
3.962
4.031
3.683
3.552
3.167
3.225
2.802
2.961
2.929
2.801
2.557
2.274
2.229
1.972
1.918
1.848
2.133
2.387
2.289
2.767
3.057
3.415
3.360
3.202
2.692
2.982
3.087
2.771
2.708
2.227
2.226
1.859
1.790
1.441
1.440
0.816
1.119
0.743
0.856
1.142
1.129
0.696
1.030
0.591
1.133
1.107
1.446
1.354
1.978
2.093
2.463
2.757
2.974
3.271
3.490
3.762
3.447
3.954
3.694
4.091
4.344
4.110
4.075
3.735
3.462
3.206
2.933
2.937
2.692
2.334
2.208
1.870
1.738
1.377
1.217
0.690
0.994
0.648
1.059
1.163
1.361
1.457
1.643
1.970
2.234
2.232
1.889
1.824
2.138
2.007
1.533
1.971
2.205
1.923
1.701
2.229
2.362
1.805
2.129
2.554
2.873
2.877
2.569
2.365
1.866
2.351
2.577
2.354
2.115
2.620
2.799
2.636
2.339
2.263
2.080
2.428
3.013
2.879
2.513
2.126
2.502
2.605
2.149
2.545
1.979
2.228
2.659
2.746
3.189
3.348
3.167
2.784
2.765
2.310
2.440
2.064
2.183
2.234
1.900
1.709
1.925
1.631
1.582
1.781
1.360
1.606
1.457
1.758
1.752
2.072
2.383
2.149
1.905
1.545
1.524
1.722
1.618
1.738
1.122
1.511
1.167
1.483
1.354
1.707
1.260
1.895
1.721
1.938
2.230
2.387
2.093
1.968
1.332
1.490
1.050
1.203
0.565
1.167
0.999
1.360
1.565
1.613
1.930
2.132
2.210
2.060
2.294
2.453
2.363
2.072
1.979
1.572
1.524
1.266
1.024
0.816
1.122
1.286
0.998
1.032
0.701
1.053
0.695
1.187
1.058
1.600
1.732
2.123
2.440
2.602
2.892
2.795
3.028
3.088
3.176
2.901
2.684
2.931
2.849
2.403
2.568
2.780
2.520
2.099
2.533
2.627
2.047
2.031
2.581
2.745
2.837
2.565
2.352
1.951
2.210
2.354
2.075
1.750
2.097
2.215
1.844
1.918
2.011
2.159
2.510
3.394
3.140
2.647
2.723
2.957
3.126
2.546
2.879
2.466
2.807
3.071
3.263
3.623
3.805
3.788
3.456
3.402
3.023
3.155
2.774
2.936
2.966
2.730
2.563
2.453
2.254
2.042
2.068
1.870
2.205
2.349
2.367
2.655
2.927
3.280
3.191
3.026
2.593
2.768
2.891
2.589
2.554
2.094
2.177
1.801
1.932
1.630
1.765
1.123
1.594
1.204
1.377
1.669
1.613
1.171
1.348
0.809
1.250
1.263
1.471
1.247
1.854
1.915
2.257
2.538
2.704
3.016
3.239
3.504
3.142
3.652
3.408
3.782
4.034
3.853
3.836
3.502
3.239
2.960
2.690
2.611
2.359
2.041
1.918
1.540
1.530
1.147
1.134
0.683
1.089
0.883
1.311
1.504
1.781
1.952
1.949
2.285
2.450
2.408
2.055
2.044
2.273
2.036
1.647
1.990
2.150
1.823
1.622
2.082
2.141
1.583
1.914
2.330
2.645
2.621
2.307
2.068
1.621
2.049
2.236
1.934
1.752
2.201
2.339
2.115
1.848
1.773
1.696
2.017
2.609
2.526
2.126
1.876
2.254
2.362
1.908
2.320
1.776
2.142
2.534
2.722
3.092
3.219
3.123
2.728
2.637
2.171
2.227
1.844
1.955
2.006
1.683
1.522
1.615
1.299
1.216
1.349
0.986
1.353
1.248
1.531
1.547
1.869
2.193
2.049
1.826
1.380
1.605
1.744
1.541
1.540
0.935
1.268
0.917
1.170
0.865
1.182
0.668
1.285
1.168
1.383
1.697
1.867
1.554
1.412
0.872
1.061
0.645
0.982
0.323
1.006
0.831
1.346
1.631
1.815
2.143
2.409
2.571
2.185
2.475
2.572
2.470
2.236
2.220
1.877
1.842
1.685
1.281
1.317
1.582
1.601
1.266
1.160
0.784
0.888
0.477
0.961
0.641
1.222
1.315
1.636
1.935
2.016
2.345
2.297
2.546
2.599
2.760
2.491
2.209
2.525
2.525
2.042
2.220
2.494
2.346
1.831
2.325
2.510
1.940
1.934
2.490
2.720
2.845
2.616
2.450
1.986
2.252
2.447
2.257
1.817
2.233
2.427
2.135
2.163
2.272
2.359
2.746
3.546
3.258
2.792
2.800
2.959
3.089
2.483
2.651
2.285
2.480
2.685
2.828
3.164
3.405
3.391
3.113
3.100
2.787
3.023
2.687
2.947
3.009
2.848
2.752
2.660
2.612
2.436
2.332
2.171
2.311
2.508
2.388
2.727
2.884
3.226
3.076
3.059
2.794
2.756
2.802
2.531
2.444
2.121
2.131
1.887
1.995
1.825
1.996
1.437
1.978
1.605
1.831
2.124
2.040
1.611
1.677
1.084
1.408
1.418
1.420
1.430
1.711
1.938
2.005
2.281
2.416
2.724
2.995
3.287
3.087
3.572
3.452
3.872
4.085
3.845
3.809
3.434
3.235
2.909
2.570
2.404
2.030
1.777
1.604
1.292
1.300
0.986
1.114
0.851
1.250
1.223
1.630
1.831
2.170
2.346
2.208
2.495
2.554
2.412
2.099
2.113
2.181
1.879
1.660
1.886
1.862
1.524
1.507
1.752
1.650
1.100
1.378
1.768
2.025
1.912
1.605
1.350
0.930
1.397
1.578
1.286
1.217
1.648
1.784
1.567
1.266
1.163
0.984
1.335
1.914
1.814
1.417
1.154
1.544
1.699
1.302
1.809
1.388
1.853
2.158
2.450
2.711
2.803
2.805
2.424
2.258
1.829
1.768
1.336
1.369
1.368
1.128
0.967
1.049
0.817
0.754
0.765
0.403
0.611
0.723
0.879
1.100
1.467
1.805
1.739
1.609
0.951
1.527
1.637
1.359
1.232
0.638
0.679
0.267
0.440
0.270
0.617
0.344
0.768
0.818
1.047
1.385
1.513
1.117
1.001
0.602
0.645
0.317
0.506
0.262
0.748
0.754
1.295
1.586
1.870
2.148
2.462
2.679
2.119
2.443
2.458
2.359
2.229
2.318
2.044
2.055
1.976
1.497
1.707
1.905
1.749
1.236
1.254
0.982
0.828
0.461
0.719
0.441
0.928
1.061
1.285
1.586
1.537
1.911
1.890
2.103
2.101
2.331
2.097
1.767
2.063
2.133
1.689
1.708
2.035
2.013
1.420
1.924
2.184
1.843
1.684
2.262
2.507
2.743
2.576
2.519
2.028
2.277
2.522
2.423
1.922
2.384
2.621
2.431
2.376
2.476
2.478
2.904
3.475
3.164
2.755
2.519
2.842
2.996
2.447
2.834
2.330
2.638
3.005
3.111
3.544
3.736
3.603
3.253
3.186
2.734
2.900
2.516
2.667
2.724
2.453
2.332
2.316
2.074
1.919
1.948
1.699
1.989
2.058
2.200
2.345
2.610
2.956
2.838
2.666
2.289
2.390
2.526
2.235
2.226
1.769
1.914
1.547
1.782
1.518
1.814
1.160
1.837
1.527
1.795
2.098
2.192
1.817
1.801
0.983
1.429
1.162
1.343
0.978
1.571
1.563
1.917
2.180
2.277
2.576
2.756
3.033
2.630
3.147
2.886
3.256
3.510
3.335
3.354
3.008
2.815
2.491
2.249
2.103
1.880
1.579
1.581
1.285
1.299
0.918
1.216
0.839
1.453
1.447
1.895
2.168
2.399
2.645
2.592
2.894
3.005
3.013
2.667
2.591
2.802
2.609
2.174
2.475
2.612
2.289
1.993
2.423
2.431
1.832
1.976
2.481
2.719
2.687
2.364
2.120
1.746
2.081
2.220
1.904
1.716
2.087
2.141
1.822
1.740
1.665
1.690
1.951
2.547
2.470
2.093
1.866
2.344
2.526
2.148
2.653
2.224
2.668
2.988
3.271
3.549
3.662
3.645
3.260
3.110
2.669
2.623
2.197
2.177
2.134
1.899
1.559
1.497
1.172
1.024
1.229
0.892
1.337
1.495
1.697
1.917
2.294
2.630
2.531
2.387
1.722
2.254
2.386
2.149
2.049
1.407
1.541
1.126
1.191
0.833
1.033
0.362
0.739
0.558
0.757
1.069
1.234
0.977
0.992
0.508
0.995
0.666
1.090
0.760
1.484
1.468
2.009
2.319
2.560
2.879
3.156
3.346
2.877
3.169
3.231
3.102
2.912
2.897
2.626
2.559
2.467
2.041
2.071
2.346
2.384
1.978
1.859
1.527
1.391
0.890
1.048
0.553
1.098
0.933
1.244
1.454
1.448
1.811
1.886
2.189
2.311
2.487
2.220
1.918
2.320
2.346
1.859
2.145
2.423
2.282
1.809
2.377
2.557
1.960
2.157
2.671
2.970
3.056
2.766
2.558
2.109
2.453
2.688
2.478
2.115
2.617
2.808
2.616
2.384
2.383
2.319
2.726
3.370
3.043
2.674
2.351
2.669
2.804
2.267
2.647
2.117
2.406
2.771
2.862
3.302
3.509
3.306
2.943
2.948
2.486
2.657
2.280
2.444
2.522
2.222
2.110
2.202
1.928
1.826
1.857
1.572
1.819
1.808
2.007
2.081
2.350
2.676
2.466
2.239
1.902
1.909
2.091
1.898
1.961
1.456
1.708
1.355
1.643
1.453
1.779
1.235
1.948
1.661
1.950
2.275
2.353
2.010
1.888
1.102
1.428
1.087
1.213
0.794
1.343
1.251
1.588
1.782
1.813
2.100
2.217
2.484
2.109
2.625
2.405
2.774
3.016
2.849
2.857
2.499
2.311
2.002
1.724
1.543
1.360
1.131
1.248
0.990
1.119
0.709
1.123
0.881
1.487
1.589
2.001
2.313
2.530
2.786
2.708
2.963
3.043
3.104
2.775
2.640
2.852
2.644
2.257
2.476
2.575
2.261
2.008
2.348
2.370
1.776
1.832
2.362
2.568
2.580
2.258
2.024
1.654
1.948
2.055
1.758
1.528
1.887
1.916
1.581
1.538
1.539
1.654
1.968
2.468
2.491
2.068
2.132
2.469
2.684
2.209
2.664
2.270
2.743
2.993
3.333
3.546
3.696
3.731
3.387
3.244
2.852
2.825
2.378
2.487
2.443
2.302
2.026
1.781
1.631
1.348
1.437
1.274
1.609
1.870
1.837
2.309
2.610
2.968
2.979
2.828
2.212
2.699
2.781
2.472
2.328
1.867
1.765
1.386
1.292
0.967
0.861
0.248
0.516
0.340
0.377
0.664
0.757
0.570
0.758
0.263
0.824
0.619
1.055
1.045
1.595
1.854
2.202
2.548
2.794
3.087
3.343
3.559
3.186
3.570
3.621
3.538
3.379
3.417
3.063
3.053
2.836
2.470
2.360
2.616
2.670
2.276
2.062
1.696
1.461
0.960
0.959
0.458
0.868
0.702
0.978
1.065
1.096
1.321
1.550
1.860
2.073
2.211
1.900
1.695
2.107
2.112
1.592
1.922
2.184
2.043
1.595
2.167
2.392
1.821
2.054
2.552
2.867
2.940
2.632
2.450
1.997
2.368
2.614
2.415
2.079
2.600
2.797
2.643
2.362
2.339
2.215
2.632
3.137
2.798
2.453
2.068
2.369
2.486
1.956
2.323
1.772
2.073
2.476
2.627
3.047
3.187
3.037
2.656
2.595
2.129
2.299
1.931
2.088
2.178
1.845
1.764
1.934
1.671
1.648
1.698
1.327
1.553
1.425
1.644
1.685
1.957
2.283
2.105
1.889
1.553
1.496
1.707
1.530
1.574
1.076
1.391
1.069
1.391
1.319
1.656
1.274
1.961
1.734
2.044
2.391
2.427
2.097
1.882
1.175
1.332
0.942
0.973
0.574
0.998
0.857
1.273
1.398
1.431
1.679
1.745
1.983
1.584
2.088
1.882
2.280
2.514
2.317
2.337
2.011
1.844
1.479
1.200
1.074
0.969
0.820
1.027
0.663
0.836
0.427
0.933
0.889
1.421
1.633
1.997
2.332
2.556
2.805
2.680
2.891
2.933
3.010
2.699
2.524
2.715
2.607
2.161
2.355
2.539
2.319
1.856
2.292
2.471
1.905
1.878
2.425
2.521
2.631
2.345
2.126
1.773
1.999
2.082
1.781
1.524
1.826
1.857
1.416
1.641
1.731
1.877
2.214
2.622
2.683
2.232
2.425
2.688
2.923
2.432
2.844
2.452
2.826
3.053
3.334
3.580
3.791
3.799
3.497
3.415
3.062
3.105
2.661
2.821
2.765
2.684
2.391
2.134
2.076
1.796
1.802
1.692
1.950
2.221
2.112
2.698
2.959
3.319
3.272
3.181
2.641
2.945
3.039
2.732
2.632
2.249
2.098
1.727
1.589
1.219
1.143
0.679
0.636
0.284
0.263
0.547
0.558
0.335
0.600
0.416
0.894
0.953
1.314
1.466
1.823
2.129
2.314
2.659
2.839
3.095
3.322
3.581
3.330
3.725
3.828
3.792
3.629
3.625
3.230
3.259
2.956
2.667
2.491
2.715
2.727
2.325
2.089
1.689
1.518
1.113
1.101
0.635
0.802
0.465
0.761
0.815
0.867
1.073
1.299
1.613
1.859
1.978
1.661
1.481
1.907
1.899
1.380
1.797
2.048
1.753
1.544
1.993
2.107
1.549
1.879
2.290
2.617
2.677
2.354
2.205
1.745
2.142
2.398
2.223
1.911
2.444
2.648
2.531
2.219
2.183
1.997
2.425
3.444
3.051
2.765
2.242
2.546
2.575
2.170
2.375
1.766
1.942
2.396
2.386
2.901
3.059
2.801
2.419
2.436
1.989
2.184
1.903
2.071
2.184
1.803
1.761
2.094
1.861
1.761
2.049
1.641
1.821
1.402
1.650
1.558
1.741
2.009
1.729
1.462
1.142
1.084
1.285
1.251
1.449
1.009
1.524
1.420
1.806
1.860
2.223
1.973
2.590
2.464
2.752
3.092
3.193
2.863
2.620
1.957
2.011
1.630
1.485
1.146
1.085
0.834
1.034
1.177
1.225
1.469
1.512
1.758
1.273
1.770
1.441
1.775
2.042
1.898
1.966
1.551
1.427
1.122
0.989
0.833
0.734
0.583
0.783
0.425
0.993
0.894
1.457
1.655
2.078
2.362
2.700
3.043
3.293
3.529
3.345
3.512
3.497
3.555
3.266
3.056
3.181
3.074
2.700
2.746
2.907
2.659
2.315
2.609
2.703
2.196
2.033
2.558
2.552
2.753
2.548
2.370
2.027
2.126
2.252
1.963
1.630
1.925
2.024
1.571
1.914
2.061
2.240
2.552
2.888
2.984
2.506
2.834
3.031
3.244
2.740
3.082
2.779
3.210
3.371
3.698
3.872
4.056
4.159
3.885
3.761
3.402
3.442
3.017
3.240
3.189
3.150
2.875
2.594
2.618
2.330
2.284
2.227
2.425
2.684
2.503
3.137
3.362
3.719
3.724
3.681
3.134
3.528
3.567
3.240
3.069
2.675
2.462
2.143
1.973
1.657
1.513
1.236
1.105
0.760
0.627
0.834
0.518
0.392
0.900
0.900
1.247
1.444
1.705
1.948
2.282
2.627
2.830
3.219
3.450
3.694
3.931
4.246
3.896
4.340
4.386
4.349
4.234
4.273
3.898
3.935
3.662
3.325
3.222
3.433
3.384
2.999
2.715
2.324
2.037
1.659
1.483
1.105
1.002
0.546
0.827
0.692
0.914
0.846
1.220
1.551
1.871
1.874
1.518
1.506
1.846
1.702
1.256
1.748
1.980
1.698
1.632
2.081
2.229
1.845
2.181
2.525
2.878
2.984
2.569
2.569
2.174
2.525
2.835
2.749
2.440
2.981
3.205
3.166
2.829
2.723
2.422
2.804
2.825
2.444
2.131
1.650
1.954
2.023
1.592
1.930
1.349
1.684
2.118
2.218
2.671
2.767
2.609
2.196
2.111
1.626
1.758
1.411
1.573
1.688
1.340
1.252
1.504
1.273
1.269
1.416
0.981
1.185
0.905
1.123
1.136
1.395
1.715
1.526
1.282
0.964
0.922
1.111
0.971
1.022
0.545
0.939
0.764
1.141
1.236
1.588
1.388
2.013
1.858
2.176
2.533
2.538
2.215
1.935
1.332
1.327
0.915
0.839
0.504
0.704
0.291
0.887
1.015
1.149
1.359
1.457
1.672
1.352
1.837
1.575
1.992
2.232
1.962
1.927
1.566
1.335
1.061
0.879
0.999
0.842
0.534
0.694
0.305
0.647
0.369
0.876
1.022
1.447
1.748
2.056
2.403
2.625
2.865
2.702
2.867
2.872
2.968
2.679
2.462
2.636
2.562
2.135
2.254
2.450
2.257
1.784
2.183
2.381
1.860
1.741
2.302
2.425
2.613
2.395
2.226
1.840
2.004
2.152
1.885
1.517
1.840
1.995
1.585
1.833
1.976
2.122
2.471
2.804
2.877
2.405
2.667
2.862
3.054
2.502
2.781
2.426
2.791
2.972
3.255
3.477
3.697
3.731
3.457
3.380
3.055
3.141
2.755
3.029
2.997
2.935
2.696
2.460
2.460
2.202
2.146
2.058
2.253
2.490
2.307
2.871
3.043
3.393
3.331
3.296
2.877
3.069
3.130
2.817
2.697
2.316
2.196
1.917
1.793
1.493
1.418
1.087
1.152
0.724
0.798
1.099
0.904
0.525
0.833
0.699
1.089
1.235
1.470
1.651
1.891
2.201
2.333
2.716
2.900
3.131
3.347
3.640
3.394
3.806
3.910
3.892
3.762
3.772
3.382
3.439
3.108
2.830
2.636
2.853
2.828
2.427
2.170
1.763
1.513
1.186
1.134
0.806
0.814
0.449
0.760
0.796
1.092
1.238
1.316
1.646
1.909
1.881
1.566
1.488
1.801
1.618
1.205
1.635
1.813
1.462
1.387
1.782
1.854
1.345
1.730
2.082
2.417
2.427
2.083
1.922
1.535
1.963
2.232
2.078
1.810
2.341
2.545
2.463
2.126
2.058
1.767
2.146
2.073
1.741
1.402
1.092
1.445
1.628
1.193
1.719
1.304
1.768
2.069
2.364
2.646
2.709
2.701
2.303
2.173
1.696
1.723
1.276
1.329
1.334
1.099
0.854
0.934
0.638
0.623
0.646
0.395
0.570
0.658
0.782
0.967
1.324
1.637
1.470
1.291
0.828
1.150
1.257
1.014
1.040
0.313
0.640
0.265
0.356
0.278
0.633
0.718
1.115
1.158
1.434
1.782
1.816
1.439
1.179
0.770
0.664
0.282
0.431
0.352
0.725
0.434
1.125
1.260
1.511
1.675
1.860
2.108
1.868
2.332
2.041
2.451
2.686
2.385
2.289
1.954
1.638
1.513
1.298
1.595
1.351
0.872
1.101
0.705
0.793
0.683
0.684
0.778
0.993
1.258
1.436
1.759
1.823
2.124
2.025
2.147
2.098
2.334
2.081
1.808
2.022
2.070
1.629
1.641
1.962
1.949
1.366
1.854
2.111
1.783
1.618
2.199
2.445
2.698
2.532
2.530
2.053
2.221
2.470
2.470
1.927
2.366
2.621
2.414
2.562
2.700
2.591
3.048
3.351
3.350
2.943
2.960
3.008
3.076
2.467
2.602
2.241
2.425
2.619
2.773
3.078
3.346
3.295
3.056
3.059
2.779
2.980
2.683
3.038
3.156
3.016
3.032
3.029
2.983
2.892
2.767
2.518
2.555
2.720
2.517
2.834
2.895
3.218
3.066
3.087
2.827
2.758
2.820
2.567
2.411
2.204
2.208
2.085
2.200
2.127
2.267
1.842
2.139
1.711
1.751
2.042
1.784
1.481
1.777
1.452
1.656
1.773
1.595
1.787
1.801
2.010
1.966
2.328
2.416
2.594
2.755
3.001
2.964
3.308
3.488
3.533
3.386
3.341
2.942
2.920
2.605
2.384
2.092
2.314
2.348
1.948
1.787
1.419
1.242
1.131
1.265
1.194
1.417
1.343
1.621
1.551
1.982
1.992
2.017
2.307
2.486
2.321
2.018
2.096
2.155
1.838
1.649
1.806
1.765
1.435
1.438
1.658
1.535
0.985
1.290
1.659
1.920
1.815
1.506
1.257
0.814
1.297
1.504
1.228
1.138
1.589
1.740
1.599
1.243
1.152
0.926
1.348
2.756
2.371
2.200
1.623
2.191
2.314
1.998
2.439
1.934
2.282
2.656
2.859
3.239
3.362
3.285
2.886
2.774
2.306
2.279
1.942
1.799
1.750
1.431
1.020
1.203
0.891
0.693
1.083
0.807
1.227
1.016
1.456
1.444
1.867
2.160
1.946
1.814
1.155
1.655
1.824
1.657
1.658
0.884
1.363
0.969
1.243
1.017
1.375
0.942
1.619
1.413
1.710
2.052
2.132
1.812
1.618
0.898
1.153
0.751
0.970
0.409
1.161
1.031
1.561
1.819
1.998
2.257
2.404
2.631
2.225
2.742
2.406
2.769
3.030
2.800
2.723
2.342
2.131
1.994
1.825
1.863
1.679
1.402
1.357
0.977
0.993
0.635
0.955
0.662
1.276
1.412
1.785
2.107
2.276
2.555
2.484
2.717
2.790
2.894
2.576
2.387
2.632
2.556
2.075
2.294
2.515
2.345
1.834
2.335
2.548
1.992
1.998
2.569
2.819
2.980
2.739
2.601
2.118
2.392
2.591
2.435
1.975
2.417
2.625
2.350
2.387
2.472
2.459
2.871
3.299
3.300
2.866
2.850
3.066
3.214
2.624
2.926
2.498
2.814
3.079
3.311
3.607
3.833
3.790
3.480
3.426
3.057
3.180
2.806
3.053
3.096
2.904
2.801
2.738
2.565
2.420
2.417
2.178
2.360
2.555
2.455
2.781
2.989
3.335
3.230
3.111
2.734
2.821
2.953
2.666
2.614
2.251
2.246
1.945
2.025
1.809
1.925
1.291
1.728
1.346
1.404
1.675
1.605
1.292
1.536
0.950
1.401
1.389
1.514
1.478
1.823
2.088
2.243
2.557
2.694
2.952
3.165
3.380
3.211
3.566
3.708
3.675
3.480
3.443
3.036
3.047
2.732
2.487
2.249
2.484
2.551
2.139
1.953
1.559
1.487
1.112
1.213
0.789
1.240
1.076
1.514
1.636
1.922
2.004
2.144
2.478
2.631
2.582
2.258
2.220
2.445
2.214
1.812
2.134
2.256
1.960
1.736
2.145
2.207
1.616
1.902
2.350
2.652
2.668
2.372
2.147
1.692
2.097
2.330
2.088
1.818
2.322
2.501
2.323
2.024
1.940
1.755
2.038
3.337
2.987
2.645
2.293
2.719
2.874
2.367
2.792
2.285
2.614
2.992
3.184
3.573
3.707
3.617
3.220
3.129
2.664
2.794
2.408
2.496
2.493
2.184
1.844
1.899
1.579
1.393
1.652
1.348
1.802
1.754
2.067
2.134
2.458
2.794
2.628
2.416
1.919
2.131
2.301
2.088
2.105
1.505
1.783
1.396
1.642
1.359
1.679
1.062
1.749
1.480
1.747
2.061
2.190
1.869
1.769
0.981
1.397
1.058
1.301
0.811
1.511
1.396
1.873
2.128
2.311
2.567
2.678
2.870
2.382
2.910
2.580
2.930
3.196
3.021
3.039
2.638
2.506
2.227
2.091
2.087
1.970
1.673
1.622
1.275
1.308
0.924
1.237
0.829
1.480
1.509
1.926
2.222
2.383
2.668
2.641
2.914
3.020
3.102
2.770
2.596
2.864
2.767
2.285
2.561
2.763
2.565
2.084
2.591
2.786
2.193
2.265
2.816
3.073
3.209
2.932
2.766
2.297
2.593
2.788
2.597
2.175
2.616
2.805
2.472
2.500
2.552
2.555
2.943
3.419
3.411
2.974
2.916
3.191
3.357
2.781
3.126
2.677
3.005
3.301
3.537
3.844
4.057
3.999
3.667
3.605
3.207
3.317
2.931
3.125
3.160
2.935
2.804
2.751
2.503
2.350
2.418
2.137
2.401
2.551
2.552
2.824
3.075
3.421
3.322
3.144
2.730
2.853
3.017
2.742
2.706
2.291
2.339
1.985
2.098
1.842
1.941
1.215
1.551
1.210
1.268
1.534
1.622
1.351
1.613
0.960
1.526
1.422
1.642
1.447
1.938
2.131
2.360
2.671
2.803
3.084
3.304
3.480
3.306
3.639
3.777
3.723
3.492
3.438
3.030
3.006
2.719
2.468
2.238
2.507
2.618
2.216
2.061
1.694
1.632
1.199
1.382
0.873
1.423
1.225
1.670
1.818
1.991
2.107
2.322
2.655
2.855
2.836
2.514
2.418
2.695
2.513
2.077
2.407
2.568
2.281
2.000
2.450
2.544
1.946
2.202
2.673
2.971
3.006
2.709
2.483
2.036
2.416
2.644
2.396
2.100
2.594
2.769
2.565
2.298
2.264
2.183
2.562
3.625
3.322
2.913
2.692
3.069
3.238
2.715
3.134
2.638
2.969
3.332
3.537
3.912
4.058
3.980
3.590
3.503
3.046
3.184
2.795
2.896
2.929
2.656
2.400
2.421
2.142
1.951
2.033
1.799
2.175
2.253
2.412
2.581
2.879
3.226
3.099
2.885
2.457
2.597
2.769
2.518
2.511
1.971
2.160
1.771
1.951
1.631
1.876
1.180
1.788
1.497
1.719
1.989
2.146
1.808
1.852
1.052
1.595
1.347
1.613
1.192
1.872
1.831
2.246
2.506
2.663
2.929
3.037
3.251
2.756
3.270
2.979
3.292
3.562
3.440
3.483
3.072
2.973
2.654
2.460
2.384
2.274
2.006
1.967
1.625
1.628
1.255
1.500
1.006
1.630
1.538
1.983
2.238
2.397
2.632
2.695
3.010
3.156
3.209
2.865
2.713
3.004
2.889
2.413
2.724
2.932
2.715
2.272
2.785
2.954
2.349
2.495
3.023
3.297
3.403
3.099
2.908
2.459
2.778
2.976
2.710
2.383
2.819
2.933
2.591
2.546
2.538
2.592
2.906
3.450
3.435
3.006
2.901
3.263
3.421
2.879
3.258
2.785
3.107
3.442
3.670
3.996
4.195
4.109
3.753
3.689
3.262
3.365
2.969
3.121
3.148
2.886
2.629
2.588
2.272
2.093
2.277
1.964
2.369
2.467
2.602
2.777
3.066
3.404
3.282
3.060
2.634
2.765
2.936
2.714
2.706
2.195
2.358
1.978
2.111
1.769
1.869
1.133
1.511
1.224
1.393
1.639
1.797
1.604
1.743
1.069
1.674
1.455
1.743
1.379
1.990
2.054
2.381
2.679
2.799
3.100
3.326
3.454
3.280
3.580
3.714
3.639
3.368
3.281
2.892
2.824
2.557
2.329
2.112
2.411
2.569
2.190
2.078
1.756
1.718
1.280
1.555
1.051
1.646
1.460
1.886
2.072
2.144
2.331
2.549
2.873
3.078
3.133
2.822
2.628
2.974
2.836
2.376
2.698
2.882
2.617
2.262
2.738
2.858
2.251
2.453
2.955
3.239
3.297
2.996
2.775
2.338
2.682
2.898
2.646
2.317
2.789
2.953
2.699
2.506
2.497
2.479
2.854
3.778
3.493
3.056
2.912
3.293
3.476
2.952
3.375
2.894
3.243
3.586
3.815
4.167
4.317
4.262
3.877
3.784
3.335
3.462
3.066
3.160
3.174
2.926
2.713
2.594
2.359
2.126
2.198
2.003
2.389
2.534
2.634
2.872
3.173
3.524
3.429
3.242
2.770
2.989
3.133
2.838
2.812
2.288
2.421
2.029
2.143
1.796
1.965
1.242
1.752
1.429
1.639
1.863
2.026
1.711
1.864
1.111
1.719
1.498
1.839
1.466
2.142
2.149
2.548
2.819
3.003
3.295
3.479
3.707
3.206
3.701
3.413
3.720
3.990
3.881
3.940
3.538
3.424
3.124
2.911
2.833
2.677
2.343
2.269
1.928
1.887
1.539
1.671
1.144
1.727
1.536
1.983
2.196
2.336
2.514
2.675
3.002
3.194
3.225
2.874
2.744
3.059
2.916
2.465
2.802
3.013
2.738
2.393
2.894
3.025
2.424
2.640
3.142
3.432
3.482
3.173
2.951
2.491
2.883
3.082
2.804
2.531
2.993
3.136
2.864
2.690
2.642
2.607
2.926
3.512
3.444
3.036
2.784
3.200
3.346
2.873
3.281
2.771
3.101
3.474
3.675
4.033
4.212
4.097
3.718
3.648
3.195
3.275
2.885
2.965
2.978
2.677
2.380
2.469
2.132
1.985
2.235
1.874
2.262
2.230
2.537
2.584
2.923
3.245
3.070
2.838
2.378
2.555
2.725
2.567
2.588
1.963
2.264
1.867
2.085
1.768
2.011
1.304
1.732
1.473
1.657
1.869
2.063
1.938
2.030
1.324
1.813
1.492
1.785
1.248
1.962
1.872
2.306
2.582
2.694
3.012
3.245
3.329
3.131
3.379
3.519
3.392
3.114
2.979
2.642
2.527
2.310
2.083
1.914
2.235
2.407
2.085
2.017
1.684
1.746
1.287
1.680
1.226
1.846
1.762
2.192
2.421
2.425
2.677
2.884
3.207
3.338
3.403
3.098
2.895
3.212
3.100
2.638
2.939
3.126
2.872
2.471
2.956
3.079
2.468
2.623
3.144
3.411
3.475
3.169
2.950
2.512
2.842
3.043
2.780
2.444
2.883
3.019
2.717
2.604
2.611
2.650
3.006
4.015
3.733
3.309
3.161
3.579
3.768
3.267
3.707
3.227
3.583
3.929
4.157
4.507
4.656
4.600
4.211
4.114
3.660
3.774
3.371
3.437
3.439
3.183
2.918
2.805
2.545
2.295
2.406
2.218
2.629
2.785
2.917
3.145
3.467
3.816
3.715
3.511
3.012
3.260
3.413
3.135
3.117
2.548
2.718
2.318
2.408
2.040
2.172
1.422
1.863
1.527
1.668
1.883
2.028
1.718
2.032
1.366
1.999
1.776
2.149
1.758
2.471
2.441
2.876
3.138
3.315
3.601
3.777
4.012
3.586
4.112
3.808
4.162
4.427
4.252
4.259
3.877
3.693
3.414
3.212
3.164
2.986
2.658
2.601
2.258
2.232
1.878
1.971
1.413
1.955
1.665
2.096
2.245
2.393
2.463
2.736
3.062
3.309
3.326
2.976
2.876
3.195
3.054
2.595
2.970
3.189
2.896
2.605
3.108
3.234
2.648
2.904
3.384
3.687
3.716
3.413
3.192
2.710
3.139
3.347
3.080
2.818
3.292
3.449
3.174
2.987
2.914
2.852
3.169
3.769
3.657
3.284
2.948
3.385
3.509
3.051
3.458
2.910
3.234
3.634
3.794
4.188
4.346
4.212
3.822
3.761
3.295
3.373
2.998
3.086
3.093
2.771
2.389
2.552
2.212
1.999
2.401
2.049
2.444
2.310
2.679
2.660
2.998
3.300
3.074
2.825
2.419
2.525
2.700
2.609
2.669
2.021
2.418
2.040
2.312
2.025
2.273
1.610
2.033
1.834
2.058
2.280
2.482
2.313
2.345
1.663
2.108
1.749
2.013
1.415
2.101
1.919
2.395
2.639
2.721
3.043
3.237
3.295
3.132
3.318
3.473
3.310
3.022
2.831
2.535
2.376
2.172
2.008
1.841
2.174
2.369
2.115
2.104
1.776
1.936
1.491
1.931
1.536
2.164
2.096
2.530
2.761
2.787
3.090
3.221
3.539
3.655
3.738
3.434
3.224
3.536
3.441
2.970
3.248
3.442
3.208
2.772
3.254
3.404
2.795
2.892
3.431
3.676
3.765
3.467
3.242
2.815
3.128
3.313
3.046
2.695
3.096
3.218
2.858
2.844
2.841
2.904
3.234
3.779
3.544
3.080
3.111
3.506
3.732
3.256
3.716
3.289
3.709
3.997
4.294
4.577
4.709
4.733
4.353
4.227
3.790
3.853
3.417
3.486
3.441
3.256
2.962
2.680
2.546
2.229
2.292
2.210
2.578
2.854
2.875
3.247
3.580
3.932
3.844
3.658
3.105
3.435
3.577
3.285
3.247
2.668
2.783
2.393
2.328
1.943
1.915
1.152
1.406
1.053
1.186
1.341
1.527
1.372
1.681
1.230
1.838
1.683
2.108
1.866
2.586
2.590
3.040
3.313
3.509
3.795
3.977
4.219
3.805
4.330
4.021
4.377
4.642
4.457
4.454
4.069
3.876
3.614
3.407
3.390
3.196
2.865
2.786
2.440
2.367
2.019
1.966
1.397
1.808
1.475
1.839
1.925
1.950
2.045
2.412
2.737
2.989
3.089
2.762
2.599
2.986
2.931
2.413
2.850
3.101
2.872
2.558
3.109
3.295
2.760
3.011
3.490
3.818
3.911
3.598
3.441
2.922
3.357
3.593
3.368
3.062
3.571
3.760
3.490
3.291
3.205
3.101
3.399
4.016
3.865
3.526
3.118
3.570
3.671
3.208
3.538
2.955
3.199
3.618
3.710
4.146
4.334
4.138
3.764
3.755
3.303
3.453
3.101
3.200
3.217
2.872
2.537
2.768
2.439
2.250
2.659
2.280
2.629
2.412
2.804
2.739
3.074
3.355
3.068
2.798
2.433
2.438
2.641
2.604
2.729
2.097
2.593
2.239
2.535
2.290
2.616
1.965
2.476
2.243
2.425
2.680
2.827
2.568
2.645
1.909
2.390
2.044
2.189
1.642
2.129
2.000
2.343
2.540
2.511
2.835
2.951
2.980
2.990
3.138
3.321
3.108
2.812
2.523
2.291
2.066
1.849
1.851
1.549
1.876
2.109
1.912
1.991
1.678
1.975
1.648
2.064
1.809
2.395
2.306
2.754
2.986
3.143
3.362
3.444
3.777
3.919
3.941
3.627
3.472
3.761
3.597
3.156
3.419
3.551
3.267
2.925
3.328
3.399
2.796
2.849
3.391
3.579
3.625
3.310
3.063
2.692
2.982
3.083
2.773
2.537
2.863
2.892
2.504
2.551
2.580
2.706
3.030
