2.896
2.664
2.240
2.204
2.645
2.890
2.514
3.030
2.634
3.114
3.388
3.705
3.959
4.047
4.109
3.738
3.563
3.136
3.085
2.636
2.643
2.564
2.417
2.049
1.736
1.613
1.274
1.362
1.302
1.671
1.974
2.050
2.500
2.850
3.200
3.192
3.075
2.363
2.978
3.052
2.713
2.594
2.102
2.019
1.642
1.490
1.098
1.060
0.390
0.737
0.372
0.551
0.716
0.928
0.869
1.040
0.611
1.134
0.971
1.433
1.606
1.979
2.076
2.567
2.861
3.138
3.391
3.619
3.898
3.621
4.109
3.827
4.227
4.472
4.197
4.110
3.753
3.465
3.292
3.052
3.215
2.936
2.579
2.436
2.120
1.860
1.570
1.356
0.872
1.180
0.940
1.271
1.384
1.309
1.520
1.845
2.162
2.366
2.537
2.240
1.982
2.386
2.396
1.872
2.271
2.536
2.401
1.981
2.565
2.789
2.323
2.483
3.001
3.330
3.512
3.177
3.101
2.583
2.954
3.216
3.107
2.676
3.209
3.440
3.301
3.118
3.125
2.957
3.376
3.857
3.800
3.390
3.120
3.340
3.449
2.856
3.118
2.573
2.746
3.134
3.212
3.624
3.839
3.676
3.342
3.352
2.941
3.146
2.813
3.106
3.222
2.890
2.817
3.044
2.764
2.711
2.803
2.408
2.592
2.498
2.635
2.665
2.824
3.154
2.902
2.682
2.350
2.230
2.448
2.351
2.465
2.118
2.361
2.105
2.403
2.308
2.597
1.966
2.579
2.301
2.485
2.762
2.875
2.502
2.522
1.873
2.100
1.861
1.843
1.540
1.769
1.833
1.965
2.186
2.051
2.401
2.476
2.505
2.645
2.782
3.016
2.986
2.661
2.488
2.080
1.915
1.566
1.585
1.223
1.492
1.720
1.522
1.582
1.354
1.542
1.347
1.652
1.619
2.053
2.094
2.537
2.790
3.083
3.323
3.213
3.491
3.561
3.545
3.233
3.129
3.272
3.076
2.712
2.900
2.985
2.661
2.441
2.760
2.760
2.168
2.218
2.744
2.917
2.906
2.580
2.294
1.994
2.290
2.361
2.038
1.849
2.189
2.210
1.856
1.784
1.741
1.836
2.137
2.867
2.653
2.167
2.255
2.620
2.847
2.375
2.843
2.446
2.912
3.168
3.500
3.738
3.851
3.927
3.567
3.411
3.001
2.990
2.549
2.647
2.593
2.474
2.153
1.856
1.824
1.514
1.490
1.436
1.738
2.019
1.996
2.513
2.809
3.170
3.187
3.082
2.447
2.966
3.002
2.650
2.516
2.123
1.949
1.586
1.456
1.099
1.039
0.309
0.630
0.307
0.480
0.771
0.920
0.686
0.818
0.365
0.949
0.797
1.229
1.510
1.800
2.013
2.399
2.716
2.994
3.280
3.527
3.829
3.607
4.089
3.848
4.235
4.493
4.221
4.128
3.799
3.468
3.272
2.976
3.102
2.797
2.464
2.246
1.908
1.648
1.355
1.125
0.626
0.972
0.716
1.038
1.194
1.186
1.464
1.657
1.959
2.137
2.297
1.993
1.748
2.160
2.125
1.636
2.061
2.316
2.073
1.746
2.327
2.523
2.026
2.236
2.750
3.082
3.191
2.849
2.751
2.216
2.663
2.930
2.786
2.430
2.966
3.198
3.078
2.815
2.775
2.560
2.949
3.473
3.382
2.989
2.623
2.886
2.989
2.447
2.750
2.159
2.388
2.813
2.879
3.325
3.505
3.330
2.963
2.945
2.499
2.662
2.331
2.570
2.672
2.319
2.221
2.505
2.234
2.217
2.344
1.909
2.098
1.912
2.108
2.094
2.307
2.616
2.365
2.129
1.775
1.735
1.935
1.827
1.955
1.520
1.884
1.618
1.960
1.919
2.252
1.700
2.268
2.007
2.207
2.480
2.604
2.269
2.316
1.646
1.867
1.516
1.511
1.059
1.340
1.270
1.541
1.746
1.775
2.080
2.257
2.325
2.238
2.463
2.643
2.561
2.257
2.145
1.737
1.667
1.368
1.213
0.930
1.237
1.418
1.135
1.183
0.872
1.185
0.991
1.401
1.412
1.822
1.896
2.328
2.594
2.876
3.127
3.001
3.266
3.328
3.317
3.008
2.892
3.036
2.848
2.482
2.660
2.754
2.436
2.198
2.523
2.541
1.946
1.990
2.524
2.709
2.732
2.410
2.155
1.796
2.095
2.188
1.872
1.657
1.988
2.002
1.626
1.643
1.679
1.825
2.159
3.112
2.882
2.372
2.527
2.810
3.022
2.484
2.890
2.496
2.928
3.167
3.479
3.725
3.870
3.946
3.604
3.473
3.083
3.117
2.697
2.868
2.838
2.733
2.460
2.187
2.198
1.913
1.839
1.782
2.037
2.290
2.197
2.731
2.980
3.342
3.326
3.185
2.671
2.966
3.073
2.748
2.654
2.255
2.127
1.762
1.703
1.372
1.379
0.729
1.120
0.723
0.894
1.181
1.112
0.674
0.996
0.478
1.052
1.010
1.343
1.555
1.874
2.057
2.442
2.734
2.946
3.244
3.468
3.746
3.431
3.935
3.687
4.082
4.332
4.102
4.061
3.714
3.445
3.176
2.913
2.912
2.671
2.323
2.186
1.841
1.649
1.282
1.116
0.578
0.932
0.578
0.972
1.115
1.330
1.467
1.587
1.922
2.171
2.165
1.814
1.736
2.046
1.920
1.455
1.877
2.110
1.842
1.610
2.124
2.294
1.784
2.099
2.522
2.848
2.857
2.546
2.346
1.843
2.331
2.560
2.336
2.100
2.614
2.796
2.639
2.334
2.256
2.070
2.420
2.985
2.892
2.499
2.120
2.479
2.609
2.121
2.503
1.913
2.156
2.582
2.660
3.100
3.273
3.110
2.738
2.709
2.260
2.405
2.045
2.167
2.218
1.881
1.684
1.919
1.627
1.582
1.750
1.338
1.591
1.443
1.737
1.734
2.051
2.363
2.147
1.921
1.551
1.547
1.739
1.596
1.710
1.117
1.493
1.147
1.473
1.366
1.718
1.252
1.942
1.730
1.964
2.260
2.360
2.010
1.986
1.347
1.478
1.041
1.180
0.538
1.093
0.972
1.307
1.531
1.594
1.907
2.124
2.212
2.051
2.316
2.472
2.403
2.113
2.038
1.629
1.610
1.329
1.080
0.870
1.152
1.296
0.963
0.967
0.654
0.953
0.662
1.163
1.090
1.599
1.680
2.123
2.396
2.602
2.868
2.803
3.025
3.083
3.177
2.897
2.676
2.915
2.800
2.390
2.539
2.713
2.425
2.081
2.454
2.547
1.957
1.951
2.504
2.632
2.781
2.492
2.276
1.870
2.148
2.295
2.027
1.683
2.024
2.161
1.759
1.864
1.950
2.092
2.445
3.353
3.108
2.600
2.701
2.933
3.103
2.520
2.852
2.442
2.805
3.052
3.286
3.594
3.773
3.816
3.487
3.396
3.018
3.121
2.740
2.916
2.948
2.707
2.543
2.435
2.238
2.025
2.063
1.840
2.186
2.332
2.340
2.627
2.902
3.256
3.162
3.000
2.557
2.744
2.871
2.560
2.523
2.105
2.153
1.777
1.906
1.629
1.736
1.111
1.594
1.184
1.381
1.671
1.593
1.159
1.328
0.792
1.223
1.241
1.439
1.383
1.821
1.867
2.234
2.513
2.698
2.998
3.214
3.485
3.145
3.654
3.423
3.805
4.055
3.845
3.816
3.473
3.214
2.925
2.665
2.617
2.398
2.054
1.948
1.569
1.517
1.126
1.101
0.681
1.058
0.856
1.285
1.479
1.764
1.937
1.924
2.264
2.421
2.381
2.026
2.011
2.238
1.997
1.615
1.966
2.123
1.798
1.592
2.056
2.122
1.567
1.899
2.307
2.623
2.616
2.307
2.057
1.600
2.050
2.238
1.930
1.762
2.218
2.355
2.132
1.854
1.768
1.688
2.005
2.581
2.528
2.114
1.856
2.233
2.370
1.884
2.300
1.753
2.113
2.507
2.674
3.059
3.193
3.101
2.711
2.612
2.146
2.198
1.829
1.942
1.993
1.667
1.498
1.580
1.261
1.184
1.295
0.939
1.331
1.238
1.514
1.536
1.854
2.179
2.027
1.811
1.369
1.592
1.727
1.514
1.524
0.935
1.252
0.898
1.161
0.868
1.196
0.694
1.323
1.198
1.424
1.700
1.864
1.593
1.452
0.961
1.070
0.653
0.961
0.292
0.981
0.808
1.320
1.607
1.794
2.121
2.387
2.549
2.158
2.457
2.556
2.455
2.218
2.209
1.863
1.835
1.670
1.265
1.315
1.567
1.576
1.246
1.134
0.762
0.860
0.446
0.937
0.667
1.252
1.352
1.665
1.970
2.047
2.379
2.334
2.568
2.600
2.793
2.520
2.228
2.544
2.550
2.064
2.222
2.509
2.316
1.847
2.303
2.487
1.912
1.903
2.461
2.678
2.832
2.584
2.419
1.956
2.228
2.420
2.227
1.784
2.208
2.405
2.093
2.134
2.244
2.324
2.723
3.544
3.265
2.783
2.810
2.975
3.103
2.494
2.653
2.287
2.480
2.683
2.827
3.147
3.388
3.391
3.125
3.112
2.813
3.025
2.692
2.968
3.028
2.864
2.767
2.669
2.627
2.448
2.350
2.185
2.326
2.522
2.402
2.741
2.900
3.244
3.109
3.097
2.797
2.794
2.857
2.569
2.477
2.136
2.160
1.902
2.011
1.850
2.009
1.428
2.011
1.616
1.859
2.150
2.044
1.626
1.693
1.117
1.421
1.437
1.430
1.549
1.722
1.955
2.052
2.322
2.451
2.758
3.036
3.336
3.110
3.615
3.506
3.919
4.131
3.897
3.856
3.486
3.276
2.953
2.609
2.449
2.063
1.826
1.641
1.327
1.304
0.998
1.123
0.903
1.258
1.233
1.636
1.806
2.181
2.330
2.183
2.467
2.545
2.394
2.076
2.097
2.165
1.852
1.647
1.879
1.842
1.498
1.490
1.737
1.637
1.081
1.373
1.754
2.008
1.888
1.582
1.323
0.911
1.378
1.558
1.258
1.203
1.637
1.776
1.583
1.252
1.142
0.958
1.306
1.868
1.793
1.386
1.130
1.513
1.689
1.271
1.787
1.361
1.827
2.132
2.412
2.689
2.773
2.789
2.412
2.234
1.805
1.739
1.310
1.345
1.338
1.093
0.935
1.035
0.789
0.678
0.700
0.375
0.581
0.702
0.860
1.076
1.431
1.772
1.703
1.584
0.928
1.506
1.608
1.318
1.196
0.626
0.656
0.272
0.417
0.274
0.615
0.342
0.806
0.873
1.104
1.440
1.567
1.169
1.052
0.671
0.662
0.349
0.500
0.275
0.739
0.717
1.260
1.553
1.843
2.115
2.434
2.656
2.083
2.419
2.434
2.335
2.208
2.304
2.030
2.053
1.967
1.486
1.702
1.897
1.723
1.201
1.227
0.967
0.821
0.463
0.727
0.434
0.965
1.101
1.317
1.622
1.580
1.957
1.926
2.123
2.079
2.345
2.119
1.787
2.057
2.131
1.697
1.682
2.027
2.009
1.416
1.921
2.181
1.841
1.680
2.260
2.514
2.760
2.576
2.529
2.037
2.277
2.516
2.432
1.928
2.378
2.628
2.421
2.385
2.489
2.486
2.922
3.461
3.150
2.726
2.512
2.836
2.986
2.428
2.810
2.306
2.619
2.983
3.114
3.538
3.707
3.622
3.254
3.181
2.733
2.868
2.493
2.664
2.722
2.451
2.345
2.312
2.083
1.923
1.956
1.690
1.986
2.065
2.193
2.339
2.603
2.951
2.835
2.667
2.279
2.393
2.529
2.228
2.212
1.802
1.904
1.540
1.777
1.527
1.815
1.142
1.862
1.527
1.816
2.123
2.191
1.825
1.800
0.993
1.414
1.148
1.306
1.076
1.546
1.538
1.906
2.171
2.291
2.590
2.784
3.062
2.648
3.145
2.919
3.283
3.536
3.363
3.375
3.021
2.833
2.497
2.272
2.127
1.900
1.608
1.601
1.278
1.277
0.923
1.180
0.849
1.429
1.444
1.885
2.169
2.395
2.650
2.588
2.885
2.990
3.001
2.654
2.570
2.789
2.581
2.155
2.463
2.613
2.284
1.974
2.425
2.433
1.838
1.979
2.479
2.715
2.677
2.355
2.102
1.741
2.073
2.206
1.884
1.714
2.079
2.128
1.807
1.719
1.643
1.671
1.928
2.506
2.480
2.073
1.862
2.337
2.530
2.163
2.681
2.245
2.690
3.000
3.277
3.561
3.671
3.673
3.290
3.129
2.685
2.628
2.211
2.180
2.127
1.895
1.519
1.466
1.139
0.983
1.176
0.863
1.318
1.501
1.711
1.934
2.308
2.644
2.530
2.398
1.725
2.264
2.401
2.162
2.070
1.427
1.559
1.164
1.190
0.821
1.016
0.425
0.738
0.564
0.762
1.085
1.246
0.977
0.990
0.534
0.983
0.652
1.080
0.822
1.502
1.478
2.036
2.346
2.590
2.899
3.151
3.341
2.893
3.187
3.248
3.114
2.923
2.907
2.643
2.577
2.488
2.058
2.078
2.346
2.401
1.999
1.848
1.515
1.374
0.861
1.049
0.568
1.092
0.947
1.239
1.456
1.442
1.813
1.895
2.190
2.287
2.490
2.225
1.908
2.314
2.350
1.853
2.132
2.421
2.260
1.820
2.378
2.532
1.936
2.135
2.645
2.950
3.040
2.744
2.541
2.089
2.437
2.671
2.460
2.092
2.604
2.800
2.588
2.373
2.377
2.306
2.727
3.350
3.028
2.638
2.338
2.649
2.778
2.229
2.600
2.073
2.365
2.754
2.872
3.298
3.469
3.335
2.972
2.915
2.460
2.604
2.237
2.428
2.510
2.211
2.135
2.202
1.945
1.840
1.870
1.568
1.809
1.817
1.984
2.070
2.326
2.666
2.490
2.261
1.923
1.932
2.111
1.906
1.926
1.480
1.683
1.338
1.631
1.463
1.783
1.226
1.984
1.672
1.984
2.313
2.360
2.017
1.894
1.126
1.408
1.073
1.156
0.809
1.300
1.223
1.614
1.803
1.826
2.116
2.245
2.513
2.116
2.641
2.452
2.817
3.059
2.888
2.890
2.525
2.339
2.018
1.754
1.566
1.379
1.162
1.268
0.986
1.066
0.673
1.065
0.891
1.457
1.578
1.987
2.304
2.531
2.788
2.691
2.942
3.013
3.071
2.742
2.599
2.812
2.632
2.212
2.469
2.572
2.251
1.956
2.344
2.367
1.776
1.827
2.354
2.546
2.569
2.248
2.002
1.634
1.938
2.035
1.734
1.521
1.878
1.903
1.566
1.518
1.506
1.621
1.938
2.413
2.461
2.038
2.113
2.437
2.665
2.194
2.659
2.259
2.732
2.984
3.317
3.536
3.669
3.732
3.387
3.236
2.841
2.809
2.365
2.471
2.417
2.281
1.997
1.772
1.594
1.297
1.369
1.247
1.572
1.843
1.821
2.307
2.600
2.959
2.958
2.819
2.197
2.700
2.774
2.456
2.321
1.865
1.753
1.399
1.272
0.932
0.838
0.289
0.521
0.332
0.381
0.670
0.759
0.540
0.755
0.298
0.801
0.600
1.041
1.063
1.589
1.835
2.196
2.544
2.795
3.087
3.323
3.545
3.178
3.564
3.617
3.531
3.369
3.411
3.060
3.053
2.831
2.467
2.365
2.611
2.654
2.256
2.047
1.667
1.454
0.956
0.950
0.461
0.864
0.689
0.970
1.064
1.084
1.337
1.556
1.866
2.050
2.220
1.909
1.684
2.104
2.117
1.594
1.911
2.185
2.024
1.597
2.173
2.350
1.774
2.039
2.505
2.827
2.906
2.594
2.419
1.973
2.337
2.584
2.390
2.044
2.578
2.780
2.638
2.347
2.333
2.198
2.630
3.126
2.794
2.430
2.053
2.362
2.474
1.929
2.289
1.742
2.039
2.438
2.584
2.997
3.146
3.040
2.647
2.580
2.121
2.258
1.900
2.079
2.170
1.842
1.790
1.938
1.684
1.656
1.696
1.313
1.537
1.434
1.629
1.678
1.945
2.276
2.111
1.896
1.563
1.498
1.708
1.520
1.553
1.092
1.381
1.063
1.391
1.332
1.664
1.253
1.988
1.735
2.062
2.409
2.417
2.083
1.877
1.194
1.307
0.938
0.920
0.484
0.969
0.828
1.280
1.399
1.429
1.678
1.760
1.999
1.577
2.100
1.906
2.298
2.530
2.336
2.351
2.027
1.855
1.479
1.217
1.082
0.971
0.832
1.009
0.647
0.784
0.374
0.873
0.891
1.385
1.610
1.971
2.309
2.543
2.794
2.652
2.861
2.895
2.968
2.657
2.472
2.669
2.547
2.108
2.309
2.490
2.251
1.799
2.232
2.409
1.837
1.808
2.361
2.512
2.633
2.345
2.114
1.764
2.002
2.079
1.768
1.528
1.832
1.850
1.404
1.630
1.711
1.860
2.194
2.573
2.666
2.199
2.413
2.666
2.912
2.424
2.780
2.382
2.762
2.989
3.287
3.509
3.699
3.747
3.443
3.352
2.997
3.065
2.653
2.810
2.745
2.669
2.371
2.131
2.046
1.757
1.748
1.672
1.924
2.202
2.101
2.699
2.920
3.274
3.208
3.128
2.628
2.905
2.986
2.670
2.572
2.184
2.089
1.714
1.575
1.209
1.127
0.692
0.630
0.285
0.265
0.561
0.561
0.309
0.591
0.351
0.876
0.939
1.306
1.435
1.758
2.069
2.270
2.610
2.802
3.059
3.289
3.551
3.282
3.690
3.783
3.745
3.581
3.590
3.198
3.233
2.932
2.634
2.475
2.691
2.690
2.290
2.047
1.648
1.475
1.057
1.025
0.635
0.796
0.478
0.751
0.813
0.857
1.072
1.305
1.617
1.862
1.983
1.667
1.472
1.904
1.912
1.381
1.807
2.013
1.711
1.480
1.939
2.062
1.508
1.820
2.248
2.580
2.649
2.323
2.180
1.728
2.112
2.370
2.200
1.875
2.419
2.627
2.521
2.203
2.179
1.988
2.431
3.354
2.961
2.659
2.160
2.445
2.464
2.082
2.331
1.724
1.911
2.379
2.323
2.858
2.992
2.740
2.346
2.358
1.903
2.049
1.776
1.972
2.092
1.712
1.716
2.031
1.877
1.822
2.052
1.599
1.743
1.324
1.543
1.453
1.621
1.909
1.628
1.370
1.049
0.991
1.188
1.133
1.325
0.897
1.415
1.337
1.732
1.881
2.233
2.018
2.682
2.521
2.837
3.185
3.231
2.896
2.659
2.019
2.042
1.638
1.504
0.917
1.113
0.711
0.984
1.059
1.099
1.337
1.429
1.635
1.198
1.686
1.425
1.780
2.037
1.880
1.911
1.542
1.366
1.043
0.843
0.806
0.697
0.595
0.781
0.330
1.010
0.914
1.471
1.708
2.102
2.389
2.725
3.069
3.327
3.566
3.369
3.537
3.516
3.568
3.281
3.064
3.191
3.071
2.707
2.758
2.904
2.646
2.319
2.606
2.690
2.183
2.010
2.536
2.511
2.719
2.510
2.316
1.989
2.088
2.195
1.904
1.585
1.880
1.962
1.501
1.853
1.985
2.174
2.480
2.788
2.912
2.423
2.785
2.969
3.216
2.708
3.062
2.760
3.194
3.358
3.684
3.855
4.018
4.159
3.882
3.747
3.385
3.415
2.988
3.205
3.139
3.113
2.825
2.546
2.560
2.261
2.195
2.183
2.368
2.638
2.460
3.108
3.342
3.699
3.707
3.670
3.109
3.534
3.561
3.224
3.056
2.659
2.434
2.109
1.929
1.607
1.458
1.171
1.079
0.720
0.615
0.830
0.490
0.304
0.826
0.820
1.190
1.412
1.681
1.964
2.272
2.619
2.837
3.220
3.462
3.708
3.949
4.265
3.896
4.351
4.387
4.344
4.228
4.278
3.906
3.947
3.680
3.333
3.245
3.453
3.394
3.013
2.725
2.340
2.056
1.663
1.473
1.111
0.962
0.489
0.763
0.630
0.891
0.846
1.209
1.525
1.821
1.839
1.492
1.447
1.806
1.663
1.226
1.729
1.965
1.708
1.622
2.084
2.234
1.868
2.184
2.544
2.902
2.954
2.562
2.471
2.117
2.542
2.834
2.686
2.465
3.014
3.216
3.139
2.770
2.661
2.343
2.732
2.794
2.428
2.083
1.650
1.930
2.001
1.538
1.882
1.301
1.640
2.068
2.172
2.617
2.726
2.567
2.155
2.096
1.617
1.729
1.381
1.580
1.699
1.360
1.307
1.525
1.308
1.305
1.416
0.971
1.174
0.936
1.118
1.157
1.388
1.701
1.425
1.194
0.869
0.831
1.015
0.899
1.014
0.594
0.911
0.727
1.104
1.210
1.566
1.388
2.029
1.882
2.215
2.571
2.550
2.224
1.956
1.373
1.330
0.944
0.812
0.285
0.630
0.288
0.849
0.887
1.027
1.243
1.363
1.600
1.335
1.804
1.588
2.022
2.251
1.960
1.887
1.550
1.273
0.999
0.782
0.936
0.746
0.412
0.659
0.258
0.608
0.294
0.839
1.042
1.438
1.748
2.055
2.404
2.636
2.879
2.700
2.864
2.860
2.951
2.663
2.437
2.613
2.525
2.106
2.230
2.422
2.207
1.749
2.142
2.334
1.805
1.684
2.242
2.333
2.539
2.331
2.169
1.753
1.937
2.111
1.885
1.485
1.829
2.000
1.612
1.846
1.985
2.089
2.469
2.771
2.855
2.373
2.620
2.789
2.981
2.418
2.728
2.372
2.746
2.927
3.232
3.423
3.622
3.699
3.422
3.335
3.007
3.083
2.687
2.947
2.926
2.855
2.652
2.467
2.442
2.208
2.114
2.040
2.206
2.429
2.235
2.811
2.996
3.346
3.284
3.259
2.812
3.048
3.096
2.773
2.654
2.267
2.123
1.824
1.744
1.478
1.451
1.088
1.232
0.816
0.899
1.208
0.962
0.587
0.871
0.675
1.050
1.188
1.377
1.624
1.843
2.160
2.309
2.687
2.884
3.117
3.338
3.634
3.367
3.792
3.884
3.863
3.733
3.756
3.369
3.432
3.103
2.814
2.631
2.849
2.813
2.415
2.150
1.744
1.490
1.150
1.072
0.716
0.761
0.450
0.765
0.822
1.147
1.281
1.339
1.674
1.919
1.874
1.554
1.485
1.782
1.565
1.183
1.566
1.748
1.395
1.321
1.740
1.779
1.320
1.693
2.038
2.374
2.366
2.014
1.877
1.477
1.912
2.190
2.033
1.801
2.344
2.548
2.476
2.112
2.031
1.728
2.139
2.049
1.727
1.384
1.070
1.440
1.622
1.188
1.716
1.304
1.776
2.078
2.330
2.647
2.710
2.704
2.297
2.173
1.691
1.707
1.266
1.336
1.324
1.109
0.916
0.948
0.700
0.657
0.628
0.389
0.554
0.690
0.774
0.983
1.332
1.656
1.522
1.333
0.859
1.202
1.296
1.018
1.027
0.379
0.639
0.271
0.346
0.263
0.623
0.699
1.119
1.137
1.429
1.780
1.808
1.426
1.177
0.769
0.663
0.290
0.430
0.379
0.737
0.409
1.091
1.252
1.503
1.674
1.880
2.140
1.893
2.364
2.086
2.506
2.737
2.439
2.345
1.999
1.684
1.542
1.317
1.599
1.343
0.876
1.047
0.706
0.812
0.654
0.688
0.760
0.999
1.257
1.433
1.755
1.815
2.124
2.018
2.142
2.109
2.333
2.082
1.802
2.014
2.067
1.624
1.633
1.968
1.956
1.368
1.861
2.122
1.790
1.623
2.206
2.456
2.711
2.541
2.537
2.060
2.233
2.483
2.483
1.943
2.383
2.627
2.359
2.577
2.712
2.601
3.059
3.334
3.354
2.931
2.977
3.011
3.099
2.477
2.613
2.249
2.427
2.625
2.783
3.061
3.312
3.303
3.064
3.065
2.786
2.987
2.691
3.050
3.167
3.026
3.041
3.046
2.987
2.877
2.747
2.520
2.559
2.726
2.530
2.849
2.906
3.230
3.066
3.096
2.830
2.766
2.826
2.570
2.416
2.213
2.225
2.091
2.218
2.143
2.245
1.734
2.072
1.663
1.700
2.003
1.719
1.408
1.705
1.341
1.668
1.785
1.607
1.797
1.807
2.018
1.984
2.332
2.421
2.600
2.760
2.998
2.969
3.312
3.487
3.536
3.379
3.342
2.943
2.915
2.606
2.382
2.089
2.309
2.347
1.950
1.789
1.421
1.253
1.144
1.269
1.211
1.434
1.241
1.545
1.503
1.923
1.965
1.971
2.274
2.438
2.281
1.973
2.089
2.166
1.798
1.646
1.830
1.784
1.434
1.456
1.666
1.537
0.985
1.289
1.661
1.922
1.809
1.499
1.248
0.812
1.299
1.498
1.213
1.135
1.589
1.736
1.592
1.226
1.135
0.904
1.333
2.796
2.414
2.242
1.664
2.227
2.345
2.057
2.492
1.977
2.316
2.698
2.879
3.268
3.400
3.325
2.928
2.802
2.335
2.285
1.944
1.833
1.792
1.472
1.089
1.258
0.950
0.743
1.143
0.837
1.249
1.056
1.481
1.470
1.889
2.189
1.988
1.837
1.190
1.674
1.838
1.657
1.660
0.924
1.373
1.043
1.296
1.114
1.441
1.009
1.684
1.488
1.803
2.144
2.210
1.885
1.715
0.987
1.239
0.846
1.016
0.628
1.201
1.037
1.580
1.834
2.003
2.264
2.405
2.626
2.210
2.704
2.397
2.751
3.013
2.815
2.737
2.347
2.139
1.960
1.823
1.838
1.676
1.408
1.354
1.007
1.029
0.657
0.990
0.739
1.344
1.477
1.861
2.184
2.370
2.645
2.564
2.802
2.875
2.968
2.647
2.469
2.703
2.607
2.132
2.365
2.579
2.387
1.887
2.381
2.590
2.013
2.022
2.589
2.830
2.986
2.738
2.578
2.100
2.386
2.579
2.400
1.961
2.396
2.597
2.298
2.339
2.413
2.420
2.823
3.229
3.260
2.812
2.827
3.050
3.226
2.625
2.955
2.523
2.855
3.123
3.374
3.643
3.845
3.846
3.533
3.464
3.089
3.196
2.818
3.049
3.074
2.888
2.762
2.700
2.498
2.327
2.320
2.106
2.327
2.538
2.439
2.789
3.007
3.355
3.254
3.133
2.725
2.861
2.985
2.690
2.638
2.266
2.252
1.940
1.994
1.763
1.869
1.205
1.659
1.291
1.327
1.604
1.517
1.200
1.477
0.874
1.352
1.318
1.513
1.479
1.838
2.107
2.284
2.605
2.757
3.021
3.240
3.452
3.259
3.626
3.754
3.715
3.511
3.484
3.079
3.093
2.785
2.524
2.305
2.541
2.605
2.196
2.005
1.613
1.521
1.114
1.207
0.812
1.216
1.001
1.456
1.592
1.868
1.954
2.113
2.451
2.611
2.576
2.249
2.178
2.434
2.223
1.807
2.137
2.288
1.990
1.751
2.181
2.260
1.675
1.958
2.412
2.724
2.751
2.450
2.195
1.773
2.184
2.418
2.171
1.898
2.417
2.602
2.429
2.113
1.972
1.783
2.077
3.345
2.997
2.639
2.295
2.750
2.905
2.390
2.814
2.309
2.648
3.022
3.210
3.592
3.731
3.662
3.268
3.176
2.714
2.811
2.432
2.509
2.494
2.186
1.850
1.901
1.581
1.372
1.653
1.341
1.800
1.763
2.095
2.150
2.496
2.835
2.658
2.437
1.927
2.154
2.320
2.128
2.138
1.551
1.814
1.426
1.667
1.381
1.689
1.036
1.754
1.452
1.739
2.055
2.170
1.845
1.766
0.976
1.396
1.063
1.298
0.996
1.532
1.419
1.916
2.172
2.328
2.578
2.696
2.896
2.411
2.900
2.618
2.965
3.229
3.057
3.069
2.661
2.533
2.239
2.117
2.099
1.977
1.694
1.664
1.319
1.332
0.963
1.235
0.833
1.470
1.488
1.911
2.206
2.373
2.657
2.626
2.905
3.014
3.093
2.757
2.584
2.851
2.750
2.269
2.558
2.762
2.558
2.078
2.590
2.788
2.190
2.265
2.816
3.078
3.212
2.932
2.752
2.281
2.591
2.789
2.594
2.178
2.626
2.816
2.437
2.487
2.526
2.537
2.923
3.378
3.393
2.958
2.896
3.170
3.354
2.762
3.123
2.664
2.990
3.295
3.534
3.827
4.021
3.995
3.661
3.592
3.189
3.297
2.915
3.103
3.130
2.901
2.740
2.742
2.456
2.282
2.350
2.086
2.372
2.519
2.535
2.801
3.055
3.400
3.293
3.114
2.695
2.828
2.989
2.712
2.687
2.269
2.316
1.970
2.077
1.811
1.909
1.215
1.532
1.200
1.244
1.521
1.585
1.287
1.587
0.939
1.507
1.385
1.625
1.439
1.916
2.095
2.339
2.651
2.788
3.071
3.293
3.461
3.281
3.619
3.752
3.696
3.454
3.405
2.998
2.973
2.683
2.436
2.212
2.479
2.592
2.191
2.041
1.679
1.613
1.179
1.374
0.917
1.429
1.204
1.651
1.785
1.961
2.097
2.304
2.633
2.872
2.866
2.542
2.410
2.711
2.534
2.096
2.423
2.594
2.310
2.013
2.467
2.563
1.964
2.204
2.688
2.988
3.025
2.721
2.496
2.058
2.432
2.655
2.400
2.100
2.601
2.778
2.562
2.301
2.272
2.193
2.575
3.605
3.311
2.884
2.675
3.063
3.229
2.704
3.123
2.626
2.967
3.329
3.528
3.898
4.046
3.986
3.598
3.510
3.054
3.157
2.776
2.887
2.919
2.645
2.414
2.401
2.137
1.935
2.025
1.769
2.162
2.248
2.404
2.568
2.871
3.221
3.111
2.889
2.451
2.613
2.773
2.516
2.500
1.999
2.150
1.759
1.945
1.629
1.873
1.159
1.800
1.479
1.727
2.004
2.152
1.804
1.853
1.049
1.586
1.327
1.586
1.348
1.857
1.809
2.248
2.507
2.670
2.944
3.066
3.282
2.789
3.259
3.004
3.329
3.598
3.476
3.514
3.088
3.002
2.669
2.491
2.403
2.288
2.036
1.973
1.633
1.625
1.271
1.477
1.010
1.619
1.531
1.978
2.237
2.400
2.633
2.688
3.004
3.146
3.203
2.857
2.701
2.990
2.873
2.399
2.719
2.927
2.707
2.260
2.777
2.952
2.345
2.486
3.013
3.289
3.395
3.094
2.888
2.439
2.769
2.967
2.690
2.375
2.815
2.928
2.586
2.534
2.514
2.569
2.883
3.405
3.413
2.983
2.875
3.246
3.439
2.867
3.256
2.777
3.098
3.435
3.656
3.977
4.160
4.108
3.755
3.682
3.255
3.351
2.966
3.116
3.126
2.866
2.572
2.550
2.231
2.050
2.212
1.919
2.328
2.452
2.590
2.777
3.065
3.404
3.275
3.059
2.629
2.768
2.934
2.706
2.706
2.203
2.353
1.981
2.088
1.742
1.857
1.183
1.523
1.241
1.404
1.658
1.790
1.562
1.746
1.079
1.649
1.425
1.733
1.395
1.983
2.048
2.378
2.678
2.802
3.102
3.328
3.454
3.274
3.584
3.715
3.640
3.363
3.281
2.894
2.828
2.556
2.330
2.118
2.412
2.564
2.185
2.075
1.753
1.709
1.269
1.545
1.071
1.642
1.449
1.879
2.073
2.144
2.339
2.561
2.882
3.064
3.140
2.820
2.622
2.969
2.828
2.369
2.690
2.880
2.614
2.257
2.732
2.849
2.242
2.438
2.946
3.236
3.291
2.983
2.762
2.327
2.677
2.890
2.629
2.306
2.786
2.951
2.675
2.495
2.485
2.459
2.847
3.750
3.470
3.017
2.895
3.280
3.462
2.930
3.350
2.870
3.229
3.568
3.795
4.137
4.290
4.255
3.876
3.782
3.336
3.435
3.043
3.152
3.166
2.921
2.719
2.577
2.353
2.112
2.193
1.982
2.370
2.538
2.620
2.864
3.166
3.520
3.439
3.246
2.759
2.998
3.141
2.834
2.800
2.326
2.408
2.016
2.132
1.792
1.953
1.197
1.760
1.432
1.631
1.864
2.019
1.675
1.845
1.079
1.692
1.475
1.801
1.651
2.119
2.129
2.545
2.817
3.000
3.294
3.495
3.736
3.243
3.694
3.437
3.757
4.025
3.918
3.970
3.555
3.447
3.137
2.936
2.857
2.694
2.360
2.267
1.931
1.872
1.527
1.627
1.105
1.690
1.499
1.950
2.166
2.320
2.488
2.640
2.972
3.161
3.194
2.840
2.706
3.017
2.872
2.427
2.775
2.982
2.706
2.357
2.861
2.994
2.392
2.609
3.105
3.397
3.444
3.139
2.906
2.451
2.845
3.048
2.762
2.498
2.968
3.110
2.839
2.655
2.598
2.564
2.882
3.448
3.412
2.992
2.741
3.155
3.328
2.826
3.248
2.732
3.061
3.437
3.619
3.987
4.148
4.064
3.688
3.607
3.153
3.223
2.847
2.923
2.930
2.628
2.309
2.414
2.074
1.935
2.152
1.803
2.217
2.186
2.501
2.546
2.887
3.210
3.023
2.801
2.335
2.523
2.687
2.523
2.551
1.933
2.225
1.833
2.043
1.730
1.982
1.318
1.739
1.478
1.660
1.887
2.075
1.905
2.018
1.347
1.768
1.461
1.745
1.223
1.921
1.829
2.271
2.549
2.667
2.986
3.220
3.303
3.092
3.346
3.486
3.357
3.075
2.947
2.613
2.501
2.285
2.050
1.897
2.212
2.377
2.052
1.985
1.651
1.708
1.240
1.643
1.236
1.824
1.736
2.166
2.416
2.423
2.700
2.875
3.189
3.298
3.391
3.082
2.868
3.187
3.078
2.614
2.906
3.104
2.839
2.445
2.929
3.054
2.441
2.585
3.114
3.385
3.452
3.140
2.922
2.484
2.818
3.016
2.749
2.411
2.858
2.999
2.674
2.580
2.591
2.623
2.994
3.975
3.710
3.256
3.145
3.564
3.754
3.241
3.676
3.201
3.570
3.908
4.138
4.479
4.627
4.596
4.215
4.115
3.666
3.750
3.351
3.434
3.434
3.188
2.942
2.785
2.546
2.283
2.398
2.202
2.610
2.803
2.900
3.150
3.471
3.824
3.742
3.535
3.018
3.292
3.440
3.145
3.115
2.602
2.708
2.308
2.391
2.030
2.143
1.362
1.848
1.499
1.676
1.891
2.043
1.701
2.028
1.324
1.966
1.739
2.103
1.966
2.449
2.436
2.881
3.148
3.327
3.617
3.805
4.053
3.641
4.137
3.874
4.228
4.491
4.312
4.309
3.922
3.732
3.444
3.242
3.196
3.012
2.688
2.607
2.269
2.215
1.870
1.944
1.398
1.954
1.662
2.094
2.239
2.391
2.445
2.723
3.052
3.304
3.310
2.958
2.866
3.181
3.031
2.591
2.967
3.182
2.881
2.603
3.103
3.224
2.641
2.905
3.373
3.678
3.697
3.397
3.163
2.686
3.126
3.334
3.056
2.815
3.294
3.447
3.190
2.971
2.895
2.821
3.130
3.716
3.643
3.248
2.911
3.342
3.491
3.017
3.437
2.882
3.208
3.614
3.747
4.158
4.309
4.186
3.799
3.726
3.257
3.323
2.963
3.036
3.048
2.717
2.368
2.551
2.210
1.981
2.373
2.005
2.399
2.263
2.632
2.608
2.953
3.253
3.006
2.768
2.371
2.469
2.647
2.562
2.632
1.976
2.382
2.005
2.280
2.002
2.278
1.670
2.061
1.864
2.084
2.322
2.520
2.283
2.374
1.704
2.096
1.737
1.999
1.387
2.083
1.875
2.369
2.610
2.696
3.020
3.212
3.266
3.086
3.270
3.422
3.252
2.961
2.769
2.486
2.322
2.131
1.958
1.818
2.147
2.335
2.087
2.085
1.748
1.922
1.471
1.928
1.593
2.177
2.077
2.521
2.754
2.811
3.118
3.226
3.550
3.655
3.746
3.430
3.228
3.544
3.426
2.964
3.242
3.446
3.177
2.783
3.260
3.382
2.767
2.889
3.430
3.678
3.743
3.426
3.194
2.776
3.106
3.284
2.998
2.686
3.101
3.208
2.848
2.800
2.804
2.869
3.213
3.753
3.526
3.046
3.100
3.497
3.723
3.240
3.693
3.271
3.701
3.982
4.280
4.552
4.685
4.729
4.363
4.231
3.805
3.831
3.400
3.484
3.438
3.250
2.958
2.670
2.528
2.225
2.294
2.201
2.568
2.848
2.866
3.246
3.584
3.938
3.864
3.674
3.097
3.463
3.599
3.298
3.251
2.717
2.778
2.389
2.322
1.948
1.903
1.136
1.421
1.044
1.161
1.335
1.511
1.316
1.658
1.186
1.813
1.663
2.081
2.118
2.578
2.592
3.064
3.339
3.537
3.823
4.012
4.261
3.851
4.351
4.072
4.425
4.689
4.503
4.491
4.096
3.905
3.637
3.440
3.432
3.237
2.918
2.818
2.475
2.372
2.030
1.931
1.356
1.782
1.435
1.802
1.888
1.927
2.004
2.373
2.698
2.953
3.046
2.720
2.554
2.942
2.883
2.377
2.816
3.065
2.834
2.523
3.074
3.262
2.727
2.977
3.454
3.784
3.875
3.558
3.397
2.880
3.322
3.560
3.349
3.034
3.554
3.752
3.517
3.274
3.183
3.087
3.382
3.982
3.875
3.509
3.112
3.561
3.683
3.159
3.497
2.911
3.153
3.577
3.642
4.090
4.270
4.092
3.724
3.705
3.253
3.394
3.058
3.201
3.210
2.864
2.508
2.744
2.412
2.217
2.606
2.233
2.619
2.408
2.794
2.734
3.028
3.307
2.999
2.738
2.379
2.384
2.585
2.550
2.683
2.108
2.571
2.232
2.529
2.283
2.607
2.001
2.507
2.283
2.471
2.735
2.874
2.562
2.681
1.974
2.369
2.030
2.152
1.621
2.088
1.954
2.296
2.494
2.470
2.793
2.908
2.935
2.935
3.091
3.275
3.064
2.763
2.481
2.251
2.028
1.798
1.806
1.504
1.828
2.058
1.863
1.948
1.628
1.933
1.603
2.031
1.844
2.400
2.321
2.774
3.012
3.176
3.411
3.479
3.807
3.939
3.970
3.652
3.491
3.742
3.585
3.159
3.404
3.541
3.240
2.904
3.305
3.379
2.774
2.814
3.361
3.529
3.604
3.284
3.033
2.668
2.960
3.055
2.748
2.505
2.835
2.871
2.462
2.530
2.561
2.694
3.022
