48
49
50
51
52
53
54
55
56
57
58
88
89
90
91
189
208
211
213
215
306
307
308
309
310
311
312
313
314
315
316
345
346
347
348
349
350
429
431
445
446
447
448
449
465
466
467
469
470
471
472
473
474
475
564
566
570
572
602
603
604
605
606
671
673
687
689
690
691
692
693
695
701
702
703
704
705
706
707
728
729
730
731
732
733
830
860
861
862
864
884
891
900
901
906
925
926
927
928
929
930
931
932
933
934
935
940
945
946
947
948
949
950
951
952
953
954
957
958
959
960
961
962
963
964
965
985
987
988
989
990
991
992
993
1088
1090
1092
1118
1120
1186
1187
1189
1205
1206
1207
1208
1209
1210
1211
1212
1213
1215
1216
1217
1218
1219
1220
1221
1247
1248
1249
1250
1251
1346
1348
1349
1350
1372
1374
1375
1376
1377
1378
1465
1466
1467
1468
1469
1470
1471
1472
1473
1474
1475
1476
1477
1478
1479
1505
1506
1507
1508
1509
1510
1511
1512
1590
1592
1604
1606
1607
1608
1609
1610
1628
1629
1630
1631
1632
1633
1634
1635
1636
1724
1725
1726
1727
1728
1729
1730
1731
1732
1733
1734
1735
1763
1764
1765
1766
1767
1768
1769
1770
1771
1843
1844
1848
1866
1867
1868
1869
1870
1871
1884
1885
1886
1887
1888
1889
1890
1891
1892
1983
1984
1985
1986
1987
1988
1989
1990
1991
2023
2024
2025
2026
2027
2028
2029
2092
2093
2094
2095
2096
2101
2102
2103
2104
2105
2106
2107
2108
2109
2122
2123
2124
2125
2126
2127
2128
2129
2142
2143
2144
2145
2146
2147
2148
2149
2150
2151
2152
2241
2242
2243
2244
2245
2246
2247
2248
2249
2250
2251
2279
2280
2281
2282
2283
2284
2285
2286
2296
2325
2328
2344
2345
2346
2347
2348
2349
2350
2351
2352
2353
2354
2359
2360
2362
2363
2364
2365
2366
2367
2368
2369
2370
2371
2372
2377
2378
2379
2380
2381
2382
2383
2384
2385
2404
2405
2406
2407
2408
2409
2410
2411
2537
2539
2561
2568
2572
2577
2578
2603
2605
2606
2607
2608
2610
2622
2624
2626
2628
2636
2638
2639
2640
2642
2664
2665
2666
2667
2668
2765
2795
2797
2799
2886
2894
2896
2898
2924
2926
3023
3055
3144
3152
3156
3182
3184
3273
3281
3313
3410
3442
