3.086
2.854
2.372
2.472
2.823
3.057
2.595
3.054
2.663
3.125
3.381
3.714
3.951
4.051
4.107
3.765
3.622
3.211
3.227
2.782
2.881
2.823
2.721
2.381
2.059
2.050
1.721
1.693
1.668
1.963
2.250
2.215
2.741
3.041
3.403
3.427
3.313
2.684
3.151
3.218
2.884
2.744
2.319
2.180
1.825
1.672
1.320
1.242
0.546
0.831
0.441
0.566
0.826
0.971
0.671
0.970
0.594
1.121
1.021
1.457
1.457
2.027
2.248
2.602
2.919
3.184
3.477
3.673
3.933
3.588
4.075
3.786
4.186
4.449
4.250
4.211
3.849
3.602
3.350
3.118
3.115
2.893
2.558
2.433
2.092
1.845
1.432
1.344
0.829
1.090
0.720
1.105
1.230
1.295
1.467
1.726
2.043
2.280
2.354
2.018
1.878
2.238
2.142
1.652
2.087
2.328
2.083
1.821
2.354
2.540
2.039
2.322
2.762
3.105
3.200
2.870
2.769
2.220
2.677
2.941
2.798
2.449
2.994
3.212
3.114
2.816
2.794
2.577
2.975
3.509
3.393
3.004
2.641
2.902
2.985
2.464
2.765
2.183
2.405
2.829
2.914
3.363
3.535
3.364
2.993
2.957
2.516
2.696
2.336
2.585
2.686
2.341
2.245
2.515
2.233
2.218
2.366
1.927
2.119
1.931
2.125
2.116
2.327
2.630
2.389
2.145
1.786
1.761
1.956
1.842
1.967
1.527
1.902
1.644
1.973
1.919
2.248
1.698
2.249
1.996
2.196
2.468
2.588
2.289
2.328
1.659
1.893
1.521
1.526
1.064
1.357
1.278
1.559
1.757
1.785
2.090
2.266
2.332
2.264
2.489
2.667
2.580
2.289
2.176
1.761
1.686
1.384
1.235
0.935
1.251
1.440
1.155
1.201
0.895
1.214
0.977
1.430
1.436
1.917
1.976
2.428
2.668
2.858
3.088
3.127
3.390
3.437
3.449
3.168
3.016
3.180
3.041
2.643
2.788
2.939
2.635
2.308
2.672
2.730
2.139
2.153
2.710
2.825
2.907
2.577
2.333
1.992
2.268
2.351
2.044
1.814
2.148
2.180
1.786
1.838
1.879
2.023
2.363
3.134
2.887
2.389
2.517
2.804
3.018
2.492
2.898
2.500
2.932
3.183
3.495
3.748
3.873
3.918
3.586
3.467
3.067
3.126
2.702
2.861
2.832
2.735
2.451
2.175
2.194
1.900
1.821
1.778
2.030
2.281
2.189
2.714
2.971
3.335
3.327
3.191
2.684
2.966
3.067
2.760
2.644
2.236
2.119
1.762
1.689
1.350
1.367
0.749
1.090
0.723
0.851
1.139
1.095
0.657
0.964
0.504
1.047
0.998
1.350
1.358
1.876
2.080
2.429
2.730
2.945
3.244
3.459
3.735
3.439
3.917
3.656
4.073
4.328
4.110
4.058
3.712
3.435
3.182
2.915
2.911
2.667
2.316
2.188
1.851
1.642
1.258
1.134
0.594
0.918
0.558
0.956
1.102
1.316
1.464
1.584
1.919
2.166
2.176
1.825
1.737
2.052
1.924
1.455
1.876
2.108
1.844
1.608
2.125
2.302
1.779
2.101
2.517
2.840
2.847
2.539
2.350
1.829
2.322
2.551
2.332
2.083
2.599
2.786
2.632
2.320
2.263
2.073
2.434
3.008
2.880
2.505
2.133
2.476
2.588
2.117
2.515
1.934
2.167
2.590
2.686
3.130
3.296
3.136
2.763
2.717
2.275
2.418
2.029
2.170
2.223
1.892
1.705
1.922
1.622
1.570
1.765
1.347
1.597
1.446
1.738
1.740
2.055
2.363
2.177
1.944
1.565
1.578
1.765
1.615
1.708
1.111
1.498
1.152
1.472
1.354
1.704
1.259
1.944
1.742
1.983
2.274
2.376
2.065
1.959
1.396
1.482
1.038
1.175
0.536
1.107
0.976
1.322
1.538
1.597
1.909
2.124
2.211
2.075
2.339
2.497
2.426
2.150
2.070
1.655
1.625
1.341
1.122
0.864
1.157
1.311
0.974
0.976
0.672
0.973
0.656
1.168
1.038
1.586
1.704
2.114
2.407
2.595
2.869
2.789
3.021
3.077
3.141
2.876
2.669
2.910
2.804
2.375
2.540
2.716
2.429
2.064
2.458
2.547
1.954
1.958
2.516
2.627
2.774
2.483
2.276
1.879
2.142
2.284
2.006
1.673
2.017
2.143
1.753
1.864
1.944
2.088
2.440
3.369
3.100
2.604
2.699
2.912
3.084
2.517
2.843
2.428
2.793
3.051
3.274
3.603
3.763
3.764
3.450
3.378
2.987
3.115
2.734
2.918
2.949
2.718
2.542
2.435
2.235
2.024
2.059
1.850
2.181
2.320
2.319
2.620
2.899
3.254
3.156
2.991
2.560
2.729
2.849
2.557
2.517
2.082
2.152
1.782
1.879
1.607
1.723
1.143
1.563
1.171
1.349
1.640
1.574
1.150
1.306
0.789
1.206
1.221
1.432
1.233
1.818
1.878
2.220
2.494
2.682
2.982
3.189
3.456
3.146
3.626
3.374
3.788
4.042
3.834
3.795
3.447
3.188
2.910
2.651
2.606
2.373
2.032
1.932
1.550
1.497
1.087
1.099
0.635
1.043
0.843
1.272
1.478
1.753
1.935
1.920
2.262
2.422
2.388
2.031
2.011
2.242
1.983
1.611
1.963
2.107
1.782
1.585
2.039
2.111
1.556
1.882
2.291
2.610
2.597
2.291
2.050
1.582
2.030
2.219
1.921
1.734
2.198
2.344
2.125
1.836
1.777
1.690
2.017
2.605
2.525
2.117
1.864
2.231
2.350
1.877
2.293
1.748
2.107
2.501
2.676
3.072
3.195
3.111
2.721
2.603
2.145
2.212
1.813
1.949
2.002
1.684
1.528
1.585
1.264
1.189
1.315
0.949
1.327
1.247
1.518
1.546
1.861
2.183
2.041
1.821
1.393
1.612
1.739
1.514
1.519
0.937
1.258
0.905
1.150
0.851
1.181
0.692
1.290
1.169
1.400
1.725
1.888
1.576
1.426
0.946
1.064
0.637
0.949
0.287
0.978
0.819
1.317
1.599
1.785
2.111
2.379
2.542
2.172
2.482
2.568
2.465
2.241
2.243
1.876
1.839
1.673
1.292
1.298
1.558
1.575
1.230
1.129
0.753
0.827
0.452
0.949
0.641
1.228
1.329
1.655
1.956
2.029
2.361
2.320
2.564
2.626
2.749
2.492
2.218
2.534
2.527
2.042
2.211
2.480
2.304
1.823
2.289
2.471
1.890
1.906
2.464
2.677
2.826
2.558
2.404
1.944
2.214
2.406
2.209
1.766
2.200
2.388
2.090
2.121
2.227
2.318
2.705
3.544
3.240
2.769
2.793
2.941
3.073
2.483
2.668
2.297
2.496
2.708
2.856
3.188
3.412
3.382
3.118
3.128
2.806
3.013
2.679
2.942
3.000
2.858
2.745
2.640
2.611
2.423
2.319
2.162
2.301
2.499
2.372
2.721
2.882
3.228
3.092
3.075
2.792
2.773
2.805
2.546
2.462
2.117
2.120
1.881
1.974
1.809
1.981
1.458
1.961
1.583
1.805
2.097
1.994
1.590
1.648
1.086
1.390
1.371
1.412
1.433
1.705
1.949
2.024
2.294
2.430
2.738
3.008
3.304
3.123
3.584
3.466
3.893
4.107
3.882
3.836
3.450
3.246
2.930
2.589
2.420
2.048
1.797
1.627
1.309
1.314
0.960
1.109
0.823
1.221
1.195
1.594
1.815
2.139
2.323
2.194
2.480
2.552
2.416
2.097
2.114
2.183
1.862
1.661
1.897
1.854
1.526
1.497
1.755
1.655
1.093
1.395
1.769
2.029
1.902
1.603
1.348
0.920
1.395
1.576
1.281
1.226
1.654
1.798
1.601
1.262
1.171
0.984
1.338
1.914
1.811
1.413
1.148
1.525
1.689
1.286
1.803
1.376
1.843
2.155
2.421
2.723
2.793
2.813
2.435
2.240
1.815
1.750
1.322
1.353
1.348
1.112
0.943
1.044
0.794
0.713
0.736
0.380
0.596
0.690
0.872
1.084
1.449
1.787
1.711
1.587
0.938
1.506
1.617
1.326
1.209
0.612
0.671
0.265
0.432
0.291
0.618
0.346
0.798
0.849
1.077
1.420
1.544
1.154
1.020
0.659
0.662
0.349
0.532
0.264
0.753
0.737
1.279
1.564
1.850
2.133
2.442
2.661
2.104
2.435
2.435
2.333
2.212
2.306
2.022
2.028
1.954
1.481
1.664
1.880
1.716
1.188
1.243
0.969
0.837
0.470
0.737
0.435
0.943
1.076
1.312
1.615
1.559
1.936
1.922
2.131
2.134
2.333
2.111
1.788
2.088
2.152
1.705
1.717
2.041
2.020
1.435
1.932
2.188
1.820
1.701
2.283
2.535
2.775
2.601
2.498
2.005
2.281
2.504
2.388
1.886
2.369
2.590
2.389
2.351
2.453
2.462
2.886
3.492
3.184
2.775
2.527
2.855
3.007
2.469
2.848
2.340
2.649
3.023
3.118
3.552
3.734
3.579
3.247
3.206
2.744
2.902
2.523
2.683
2.740
2.476
2.333
2.326
2.083
1.927
1.966
1.710
1.999
2.063
2.217
2.347
2.618
2.965
2.840
2.667
2.291
2.385
2.519
2.239
2.224
1.796
1.924
1.564
1.791
1.541
1.842
1.217
1.859
1.549
1.821
2.123
2.213
1.835
1.823
1.013
1.454
1.151
1.362
1.002
1.579
1.563
1.913
2.170
2.266
2.568
2.750
3.028
2.634
3.125
2.864
3.249
3.507
3.348
3.356
3.005
2.811
2.480
2.248
2.097
1.877
1.581
1.588
1.292
1.313
0.890
1.248
0.870
1.472
1.468
1.912
2.189
2.421
2.673
2.614
2.918
3.030
3.050
2.692
2.618
2.829
2.617
2.190
2.494
2.617
2.300
2.001
2.430
2.442
1.849
1.984
2.486
2.728
2.684
2.368
2.120
1.742
2.081
2.213
1.896
1.706
2.071
2.121
1.811
1.705
1.666
1.694
1.954
2.549
2.488
2.091
1.876
2.343
2.533
2.152
2.667
2.234
2.683
3.007
3.268
3.581
3.668
3.677
3.296
3.117
2.680
2.633
2.207
2.185
2.136
1.906
1.545
1.482
1.147
0.993
1.201
0.874
1.333
1.485
1.708
1.930
2.306
2.643
2.534
2.396
1.732
2.265
2.399
2.151
2.059
1.412
1.558
1.148
1.195
0.812
1.015
0.409
0.717
0.558
0.754
1.071
1.230
0.970
0.970
0.510
0.996
0.671
1.100
0.817
1.508
1.484
2.026
2.330
2.573
2.892
3.172
3.364
2.896
3.196
3.245
3.110
2.926
2.924
2.639
2.561
2.473
2.064
2.088
2.370
2.395
1.970
1.883
1.550
1.403
0.913
1.048
0.579
1.083
0.928
1.238
1.447
1.425
1.793
1.885
2.180
2.310
2.468
2.200
1.906
2.315
2.339
1.850
2.127
2.406
2.281
1.822
2.384
2.570
1.972
2.167
2.702
3.006
3.078
2.768
2.573
2.127
2.474
2.706
2.485
2.133
2.646
2.834
2.631
2.404
2.400
2.342
2.745
3.359
3.040
2.662
2.335
2.647
2.779
2.251
2.618
2.081
2.381
2.776
2.880
3.309
3.479
3.310
2.964
2.927
2.458
2.622
2.252
2.430
2.509
2.221
2.113
2.197
1.928
1.826
1.862
1.565
1.805
1.803
1.980
2.065
2.326
2.667
2.482
2.256
1.915
1.921
2.100
1.909
1.926
1.494
1.685
1.344
1.625
1.455
1.788
1.294
1.963
1.674
1.971
2.298
2.361
2.011
1.894
1.111
1.425
1.060
1.194
0.796
1.303
1.241
1.602
1.797
1.821
2.109
2.222
2.490
2.136
2.620
2.401
2.793
3.038
2.878
2.872
2.513
2.317
2.005
1.734
1.548
1.373
1.153
1.274
0.994
1.090
0.697
1.113
0.891
1.474
1.591
1.994
2.312
2.533
2.789
2.703
2.961
3.039
3.113
2.770
2.630
2.847
2.643
2.242
2.489
2.572
2.263
1.980
2.346
2.369
1.781
1.823
2.354
2.561
2.559
2.246
2.008
1.649
1.931
2.034
1.741
1.495
1.874
1.902
1.575
1.512
1.533
1.648
1.963
2.462
2.480
2.051
2.122
2.443
2.667
2.192
2.655
2.262
2.742
2.995
3.329
3.556
3.675
3.751
3.407
3.237
2.851
2.815
2.367
2.479
2.426
2.297
2.005
1.784
1.612
1.313
1.405
1.260
1.589
1.854
1.823
2.311
2.609
2.969
2.971
2.830
2.217
2.725
2.791
2.464
2.324
1.871
1.763
1.398
1.270
0.921
0.842
0.273
0.494
0.325
0.382
0.668
0.756
0.575
0.742
0.281
0.803
0.601
1.050
1.070
1.600
1.857
2.207
2.549
2.802
3.095
3.338
3.552
3.199
3.594
3.627
3.544
3.395
3.440
3.079
3.060
2.837
2.498
2.365
2.623
2.676
2.277
2.070
1.682
1.470
0.992
0.952
0.498
0.851
0.694
0.996
1.071
1.089
1.318
1.561
1.875
2.076
2.218
1.913
1.689
2.098
2.102
1.609
1.902
2.166
2.029
1.595
2.163
2.369
1.791
2.060
2.540
2.863
2.922
2.614
2.427
1.974
2.349
2.594
2.390
2.061
2.594
2.790
2.639
2.353
2.332
2.210
2.624
3.123
2.794
2.422
2.046
2.350
2.467
1.940
2.296
1.744
2.048
2.450
2.611
3.024
3.146
3.015
2.641
2.586
2.115
2.276
1.914
2.081
2.165
1.853
1.767
1.929
1.664
1.638
1.683
1.306
1.528
1.425
1.625
1.679
1.949
2.282
2.107
1.900
1.563
1.494
1.701
1.529
1.557
1.105
1.379
1.061
1.375
1.312
1.653
1.318
1.950
1.715
2.034
2.380
2.397
2.064
1.858
1.148
1.304
0.914
0.941
0.578
0.965
0.849
1.272
1.396
1.429
1.681
1.749
1.988
1.609
2.084
1.877
2.288
2.524
2.341
2.351
2.007
1.845
1.471
1.208
1.085
0.983
0.832
1.009
0.664
0.791
0.417
0.897
0.871
1.376
1.599
1.955
2.293
2.523
2.772
2.640
2.857
2.898
2.986
2.658
2.479
2.680
2.553
2.114
2.309
2.489
2.263
1.799
2.235
2.416
1.843
1.816
2.375
2.535
2.630
2.352
2.127
1.789
2.001
2.068
1.767
1.525
1.825
1.888
1.446
1.624
1.727
1.875
2.209
2.622
2.675
2.200
2.429
2.676
2.920
2.435
2.782
2.390
2.770
3.000
3.285
3.530
3.710
3.766
3.459
3.352
3.004
3.074
2.665
2.827
2.761
2.692
2.381
2.130
2.058
1.761
1.772
1.676
1.939
2.218
2.112
2.714
2.926
3.280
3.212
3.127
2.658
2.911
2.991
2.668
2.569
2.189
2.110
1.729
1.581
1.207
1.120
0.701
0.658
0.280
0.247
0.542
0.553
0.336
0.624
0.339
0.895
0.946
1.324
1.428
1.761
2.069
2.269
2.600
2.788
3.048
3.278
3.532
3.284
3.691
3.784
3.743
3.593
3.595
3.194
3.218
2.911
2.640
2.452
2.678
2.686
2.284
2.042
1.636
1.474
1.069
1.034
0.604
0.805
0.484
0.775
0.828
0.866
1.073
1.317
1.638
1.887
1.998
1.684
1.515
1.924
1.907
1.384
1.799
2.013
1.707
1.491
1.944
2.067
1.510
1.821
2.265
2.597
2.649
2.327
2.171
1.713
2.107
2.361
2.182
1.871
2.413
2.618
2.503
2.191
2.163
1.985
2.412
3.422
3.027
2.725
2.219
2.511
2.537
2.173
2.376
1.762
1.949
2.416
2.388
2.917
3.027
2.743
2.374
2.400
1.942
2.142
1.869
2.048
2.155
1.786
1.742
2.077
1.885
1.839
2.089
1.645
1.799
1.377
1.615
1.530
1.707
1.975
1.695
1.432
1.108
1.047
1.246
1.215
1.409
1.010
1.487
1.399
1.783
1.904
2.272
2.061
2.642
2.499
2.796
3.144
3.200
2.867
2.632
1.960
2.032
1.662
1.509
1.176
1.104
0.789
1.009
1.082
1.121
1.356
1.432
1.652
1.244
1.732
1.484
1.903
2.146
1.954
1.949
1.604
1.395
1.068
0.866
0.814
0.718
0.600
0.798
0.397
1.022
0.975
1.471
1.674
2.083
2.367
2.701
3.044
3.298
3.535
3.348
3.525
3.512
3.579
3.274
3.063
3.197
3.072
2.706
2.753
2.900
2.651
2.310
2.604
2.693
2.182
2.009
2.548
2.547
2.728
2.526
2.339
2.008
2.101
2.198
1.920
1.610
1.899
1.985
1.528
1.865
2.022
2.202
2.500
2.854
2.943
2.444
2.796
2.984
3.211
2.709
3.059
2.758
3.194
3.367
3.699
3.871
4.022
4.174
3.892
3.743
3.379
3.416
2.984
3.208
3.146
3.118
2.826
2.549
2.562
2.260
2.217
2.172
2.375
2.641
2.464
3.105
3.339
3.698
3.701
3.658
3.112
3.529
3.555
3.211
3.043
2.652
2.439
2.106
1.928
1.605
1.471
1.181
1.104
0.699
0.637
0.855
0.528
0.341
0.845
0.809
1.209
1.389
1.670
1.939
2.260
2.607
2.834
3.201
3.440
3.689
3.931
4.238
3.889
4.342
4.369
4.332
4.227
4.270
3.889
3.917
3.647
3.329
3.208
3.426
3.378
2.996
2.709
2.314
2.042
1.667
1.461
1.095
0.977
0.505
0.792
0.658
0.912
0.854
1.237
1.555
1.850
1.854
1.513
1.480
1.833
1.685
1.243
1.735
1.967
1.703
1.633
2.086
2.238
1.865
2.184
2.559
2.918
3.013
2.603
2.541
2.176
2.543
2.852
2.737
2.455
3.001
3.227
3.179
2.818
2.710
2.402
2.774
2.806
2.426
2.098
1.626
1.934
2.004
1.586
1.926
1.342
1.694
2.127
2.236
2.684
2.756
2.595
2.205
2.125
1.633
1.747
1.403
1.565
1.668
1.336
1.222
1.479
1.239
1.243
1.393
0.956
1.162
0.883
1.105
1.122
1.391
1.715
1.485
1.239
0.914
0.882
1.065
0.978
1.014
0.550
0.920
0.744
1.116
1.213
1.580
1.501
2.023
1.899
2.228
2.582
2.559
2.231
1.971
1.345
1.360
0.982
0.857
0.546
0.679
0.281
0.892
0.986
1.129
1.336
1.429
1.646
1.358
1.806
1.531
1.967
2.210
1.957
1.902
1.546
1.293
1.034
0.858
1.008
0.841
0.504
0.667
0.316
0.592
0.314
0.852
1.047
1.440
1.745
2.056
2.405
2.644
2.881
2.704
2.880
2.882
2.975
2.667
2.452
2.624
2.521
2.110
2.221
2.414
2.186
1.740
2.123
2.299
1.759
1.647
2.204
2.328
2.498
2.291
2.138
1.716
1.899
2.073
1.827
1.436
1.794
1.954
1.551
1.774
1.931
2.065
2.415
2.756
2.817
2.325
2.575
2.736
2.913
2.359
2.678
2.334
2.729
2.911
3.214
3.421
3.603
3.696
3.411
3.301
2.964
3.028
2.618
2.884
2.868
2.797
2.592
2.398
2.386
2.122
2.063
1.976
2.150
2.373
2.178
2.744
2.936
3.291
3.249
3.216
2.754
3.026
3.068
2.735
2.604
2.217
2.063
1.759
1.686
1.416
1.370
1.030
1.128
0.693
0.827
1.130
0.921
0.545
0.795
0.598
0.996
1.117
1.306
1.540
1.799
2.121
2.296
2.657
2.862
3.101
3.328
3.621
3.349
3.782
3.861
3.832
3.721
3.744
3.351
3.404
3.079
2.796
2.624
2.839
2.801
2.405
2.133
1.723
1.470
1.110
1.006
0.653
0.736
0.397
0.720
0.792
1.078
1.261
1.309
1.641
1.893
1.849
1.532
1.457
1.772
1.616
1.173
1.541
1.745
1.428
1.283
1.723
1.845
1.335
1.687
2.082
2.426
2.417
2.083
1.906
1.512
1.974
2.239
2.062
1.821
2.365
2.580
2.508
2.144
2.037
1.745
2.119
2.075
1.751
1.387
1.088
1.444
1.626
1.191
1.717
1.302
1.768
2.077
2.367
2.650
2.694
2.712
2.346
2.175
1.732
1.717
1.271
1.338
1.338
1.108
0.846
0.924
0.615
0.594
0.648
0.388
0.568
0.651
0.785
0.983
1.353
1.676
1.523
1.359
0.842
1.174
1.313
1.076
1.071
0.362
0.635
0.268
0.351
0.266
0.633
0.722
1.099
1.137
1.419
1.774
1.801
1.426
1.168
0.750
0.652
0.271
0.420
0.378
0.722
0.478
1.161
1.321
1.575
1.741
1.902
2.122
1.859
2.280
1.991
2.425
2.658
2.365
2.257
1.922
1.624
1.498
1.343
1.618
1.405
0.929
1.135
0.746
0.786
0.719
0.677
0.766
0.989
1.241
1.419
1.743
1.806
2.110
2.008
2.155
2.130
2.354
2.088
1.814
2.027
2.071
1.627
1.632
1.963
1.946
1.360
1.849
2.108
1.767
1.614
2.195
2.445
2.690
2.523
2.526
2.044
2.210
2.464
2.460
1.902
2.360
2.617
2.443
2.554
2.702
2.597
3.051
3.347
3.340
2.914
2.969
2.998
3.069
2.460
2.597
2.242
2.424
2.620
2.778
3.072
3.314
3.317
3.070
3.053
2.780
2.980
2.672
3.037
3.147
3.017
3.019
3.022
2.965
2.864
2.742
2.505
2.551
2.714
2.515
2.836
2.904
3.218
3.063
3.084
2.812
2.758
2.830
2.560
2.414
2.201
2.210
2.074
2.191
2.111
2.271
1.836
2.156
1.723
1.796
2.090
1.810
1.516
1.806
1.450
1.652
1.748
1.586
1.776
1.792
2.001
1.984
2.318
2.406
2.595
2.756
2.980
2.966
3.311
3.494
3.523
3.388
3.345
2.938
2.912
2.587
2.376
2.083
2.305
2.342
1.939
1.773
1.404
1.236
1.123
1.262
1.199
1.420
1.360
1.647
1.574
1.993
2.008
2.065
2.363
2.540
2.358
2.047
2.098
2.143
1.857
1.641
1.800
1.766
1.422
1.428
1.649
1.529
0.967
1.272
1.668
1.934
1.815
1.500
1.252
0.809
1.298
1.502
1.218
1.145
1.598
1.748
1.589
1.239
1.150
0.932
1.348
2.805
2.429
2.211
1.677
2.246
2.367
2.056
2.493
1.975
2.326
2.709
2.906
3.292
3.396
3.301
2.924
2.829
2.348
2.328
1.990
1.869
1.818
1.494
1.082
1.262
0.933
0.743
1.126
0.824
1.258
1.073
1.509
1.495
1.920
2.217
1.995
1.859
1.213
1.697
1.857
1.698
1.704
0.918
1.409
1.028
1.288
1.080
1.435
1.035
1.646
1.450
1.749
2.091
2.167
1.840
1.670
0.925
1.214
0.804
1.029
0.466
1.208
1.033
1.582
1.824
1.986
2.248
2.386
2.611
2.209
2.694
2.353
2.737
3.004
2.815
2.742
2.367
2.145
1.978
1.819
1.840
1.664
1.395
1.368
0.996
1.020
0.571
1.014
0.707
1.319
1.447
1.823
2.145
2.319
2.599
2.530
2.776
2.858
2.966
2.630
2.446
2.689
2.598
2.120
2.343
2.563
2.383
1.875
2.375
2.587
2.015
2.038
2.598
2.852
2.995
2.755
2.608
2.129
2.405
2.597
2.426
1.960
2.421
2.626
2.333
2.365
2.463
2.462
2.866
3.296
3.293
2.844
2.853
3.065
3.223
2.634
2.952
2.525
2.851
3.121
3.359
3.653
3.846
3.853
3.536
3.453
3.086
3.200
2.818
3.057
3.088
2.903
2.778
2.724
2.517
2.354
2.369
2.126
2.350
2.537
2.457
2.790
3.008
3.352
3.247
3.123
2.740
2.854
2.979
2.678
2.627
2.265
2.264
1.949
2.009
1.778
1.894
1.254
1.692
1.295
1.377
1.649
1.556
1.262
1.513
0.944
1.388
1.348
1.519
1.476
1.838
2.103
2.268
2.581
2.726
2.991
3.209
3.412
3.246
3.611
3.742
3.699
3.509
3.475
3.062
3.065
2.746
2.506
2.267
2.511
2.584
2.173
1.985
1.588
1.516
1.143
1.220
0.796
1.251
1.057
1.500
1.600
1.879
1.963
2.137
2.470
2.648
2.582
2.259
2.217
2.463
2.237
1.828
2.147
2.288
1.987
1.761
2.182
2.257
1.670
1.940
2.419
2.728
2.735
2.424
2.200
1.746
2.162
2.393
2.136
1.878
2.392
2.570
2.387
2.078
1.955
1.783
2.063
3.322
2.998
2.633
2.290
2.726
2.885
2.391
2.819
2.313
2.659
3.037
3.238
3.620
3.729
3.637
3.261
3.177
2.704
2.817
2.433
2.518
2.496
2.195
1.825
1.895
1.563
1.376
1.654
1.348
1.807
1.751
2.075
2.146
2.504
2.843
2.626
2.424
1.921
2.136
2.302
2.142
2.139
1.520
1.798
1.411
1.633
1.342
1.661
1.052
1.698
1.432
1.696
2.011
2.143
1.812
1.736
0.947
1.387
1.028
1.320
0.834
1.540
1.443
1.913
2.163
2.310
2.567
2.675
2.871
2.406
2.901
2.572
2.946
3.216
3.053
3.052
2.652
2.508
2.230
2.099
2.094
1.960
1.674
1.668
1.329
1.337
0.870
1.273
0.819
1.466
1.479
1.893
2.186
2.336
2.629
2.612
2.896
3.014
3.110
2.763
2.579
2.856
2.761
2.277
2.552
2.766
2.576
2.086
2.602
2.809
2.214
2.295
2.842
3.108
3.238
2.968
2.799
2.331
2.627
2.823
2.633
2.193
2.662
2.833
2.456
2.511
2.577
2.601
2.983
3.462
3.447
3.014
2.948
3.208
3.376
2.795
3.142
2.690
3.009
3.314
3.541
3.858
4.045
4.023
3.688
3.605
3.211
3.327
2.930
3.140
3.172
2.947
2.799
2.789
2.500
2.317
2.412
2.137
2.421
2.547
2.578
2.832
3.084
3.425
3.314
3.133
2.739
2.850
3.007
2.728
2.704
2.289
2.357
2.014
2.118
1.846
1.924
1.250
1.548
1.218
1.282
1.554
1.609
1.341
1.601
0.973
1.561
1.442
1.658
1.469
1.946
2.117
2.351
2.653
2.782
3.065
3.285
3.443
3.295
3.630
3.767
3.708
3.479
3.422
3.008
2.972
2.681
2.469
2.197
2.472
2.596
2.194
2.047
1.679
1.635
1.231
1.408
0.933
1.476
1.239
1.670
1.789
1.967
2.096
2.313
2.641
2.881
2.865
2.545
2.433
2.747
2.552
2.122
2.441
2.601
2.310
2.035
2.478
2.566
1.967
2.202
2.705
3.004
3.016
2.697
2.479
2.036
2.421
2.641
2.372
2.094
2.591
2.757
2.539
2.274
2.238
2.178
2.557
3.584
3.291
2.880
2.646
3.038
3.208
2.701
3.121
2.625
2.967
3.336
3.545
3.917
4.038
3.952
3.581
3.503
3.036
3.158
2.773
2.871
2.899
2.635
2.392
2.369
2.101
1.902
1.989
1.748
2.132
2.216
2.383
2.546
2.856
3.206
3.090
2.876
2.443
2.588
2.756
2.508
2.486
1.972
2.132
1.744
1.914
1.596
1.840
1.159
1.747
1.465
1.688
1.962
2.130
1.773
1.825
1.034
1.573
1.286
1.599
1.174
1.857
1.811
2.234
2.490
2.649
2.919
3.027
3.243
2.768
3.267
2.960
3.297
3.572
3.459
3.485
3.067
2.962
2.641
2.458
2.383
2.274
2.008
1.970
1.629
1.629
1.160
1.495
0.990
1.611
1.519
1.960
2.218
2.367
2.616
2.676
2.996
3.145
3.217
2.861
2.697
2.993
2.879
2.401
2.719
2.926
2.716
2.262
2.782
2.965
2.361
2.497
3.028
3.308
3.412
3.115
2.912
2.465
2.791
2.976
2.700
2.370
2.816
2.933
2.599
2.534
2.547
2.597
2.915
3.456
3.433
3.006
2.904
3.263
3.440
2.889
3.268
2.795
3.111
3.448
3.668
4.004
4.178
4.131
3.777
3.690
3.271
3.382
2.972
3.138
3.146
2.896
2.610
2.579
2.252
2.082
2.252
1.943
2.357
2.463
2.611
2.803
3.088
3.422
3.303
3.075
2.658
2.789
2.950
2.717
2.717
2.217
2.384
2.003
2.097
1.742
1.869
1.179
1.531
1.254
1.418
1.675
1.803
1.601
1.742
1.083
1.673
1.440
1.755
1.420
2.006
2.067
2.386
2.677
2.795
3.095
3.319
3.438
3.288
3.594
3.729
3.651
3.386
3.304
2.905
2.828
2.557
2.364
2.104
2.406
2.567
2.187
2.078
1.750
1.724
1.302
1.565
1.072
1.666
1.461
1.884
2.067
2.150
2.327
2.558
2.879
3.081
3.121
2.811
2.627
2.980
2.833
2.381
2.694
2.876
2.604
2.267
2.732
2.845
2.236
2.432
2.957
3.246
3.280
2.957
2.745
2.316
2.664
2.875
2.604
2.296
2.776
2.930
2.665
2.472
2.456
2.448
2.816
3.722
3.445
3.007
2.849
3.238
3.420
2.906
3.325
2.842
3.199
3.548
3.778
4.129
4.256
4.190
3.825
3.744
3.286
3.406
3.011
3.110
3.124
2.885
2.653
2.534
2.305
2.070
2.147
1.945
2.333
2.479
2.581
2.812
3.120
3.474
3.377
3.192
2.713
2.940
3.077
2.789
2.753
2.252
2.365
1.977
2.087
1.752
1.922
1.209
1.715
1.394
1.608
1.847
2.018
1.665
1.827
1.076
1.671
1.453
1.789
1.423
2.089
2.095
2.494
2.762
2.948
3.242
3.432
3.674
3.210
3.710
3.388
3.717
3.992
3.893
3.935
3.524
3.385
3.088
2.883
2.810
2.640
2.305
2.225
1.886
1.843
1.382
1.628
1.081
1.678
1.495
1.942
2.162
2.307
2.486
2.642
2.975
3.166
3.210
2.848
2.710
3.024
2.877
2.427
2.774
2.981
2.709
2.350
2.864
3.007
2.406
2.614
3.116
3.412
3.458
3.159
2.944
2.462
2.861
3.064
2.797
2.496
2.981
3.140
2.876
2.681
2.653
2.614
2.940
3.521
3.455
3.040
2.794
3.187
3.341
2.848
3.260
2.752
3.076
3.451
3.639
4.017
4.170
4.091
3.715
3.619
3.173
3.262
2.856
2.960
2.972
2.673
2.368
2.462
2.116
1.973
2.216
1.856
2.258
2.214
2.536
2.578
2.915
3.234
3.053
2.822
2.376
2.553
2.713
2.541
2.569
1.952
2.262
1.867
2.079
1.756
2.017
1.344
1.753
1.505
1.684
1.909
2.092
1.955
2.032
1.376
1.796
1.481
1.763
1.253
1.945
1.858
2.284
2.554
2.667
2.985
3.215
3.297
3.116
3.380
3.510
3.382
3.108
2.984
2.636
2.513
2.295
2.094
1.886
2.211
2.386
2.059
1.992
1.663
1.713
1.286
1.660
1.235
1.834
1.721
2.171
2.398
2.443
2.699
2.867
3.196
3.345
3.354
3.045
2.883
3.196
3.052
2.592
2.892
3.076
2.813
2.438
2.906
3.027
2.413
2.566
3.109
3.381
3.428
3.102
2.891
2.463
2.796
2.994
2.719
2.394
2.848
2.982
2.673
2.557
2.560
2.604
2.958
