3.129
2.891
2.438
2.510
2.862
3.094
2.618
3.058
2.686
3.136
3.388
3.726
3.979
4.074
4.163
3.784
3.636
3.237
3.268
2.816
2.899
2.856
2.744
2.408
2.102
2.103
1.763
1.733
1.702
2.000
2.286
2.255
2.774
3.063
3.429
3.403
3.341
2.722
3.217
3.242
2.903
2.770
2.316
2.209
1.832
1.719
1.352
1.292
0.590
0.895
0.583
0.596
0.839
0.982
0.694
0.985
0.571
1.147
1.052
1.477
1.563
2.034
2.258
2.622
2.944
3.215
3.501
3.728
3.984
3.608
4.137
3.843
4.221
4.482
4.296
4.279
3.912
3.671
3.416
3.170
3.169
2.940
2.603
2.444
2.093
1.875
1.471
1.349
0.827
1.104
0.759
1.122
1.233
1.308
1.465
1.715
2.038
2.282
2.360
2.019
1.878
2.246
2.153
1.649
2.098
2.340
2.091
1.838
2.364
2.544
2.050
2.350
2.770
3.112
3.206
2.866
2.770
2.225
2.682
2.939
2.817
2.465
3.007
3.219
3.130
2.829
2.786
2.573
2.973
3.506
3.384
3.005
2.630
2.905
2.979
2.471
2.755
2.167
2.407
2.837
2.909
3.371
3.525
3.364
2.977
2.967
2.513
2.688
2.326
2.566
2.669
2.308
2.209
2.504
2.215
2.184
2.349
1.906
2.111
1.908
2.115
2.098
2.291
2.611
2.368
2.129
1.779
1.723
1.924
1.827
1.952
1.507
1.889
1.624
1.962
1.926
2.256
1.684
2.263
2.015
2.194
2.460
2.599
2.292
2.340
1.660
1.897
1.526
1.532
1.064
1.369
1.249
1.542
1.740
1.780
2.089
2.268
2.318
2.264
2.445
2.630
2.523
2.260
2.134
1.719
1.681
1.355
1.207
0.904
1.228
1.415
1.135
1.198
0.901
1.218
0.985
1.451
1.474
1.943
2.013
2.460
2.701
2.894
3.120
3.146
3.397
3.441
3.506
3.209
3.039
3.193
3.053
2.676
2.811
2.952
2.654
2.320
2.701
2.738
2.147
2.165
2.712
2.859
2.933
2.620
2.384
2.020
2.289
2.381
2.093
1.829
2.165
2.186
1.813
1.883
1.933
2.066
2.401
3.153
2.906
2.436
2.546
2.832
3.040
2.516
2.908
2.533
2.958
3.200
3.536
3.783
3.900
3.995
3.619
3.490
3.105
3.172
2.738
2.877
2.860
2.760
2.472
2.204
2.224
1.931
1.847
1.806
2.059
2.314
2.226
2.742
3.002
3.367
3.295
3.188
2.680
2.983
3.067
2.750
2.680
2.184
2.154
1.775
1.727
1.372
1.392
0.787
1.109
0.731
0.838
1.124
1.086
0.645
0.963
0.505
1.070
1.029
1.376
1.433
1.902
2.069
2.437
2.736
2.954
3.249
3.473
3.746
3.426
3.945
3.679
4.079
4.332
4.118
4.083
3.742
3.457
3.208
2.925
2.936
2.679
2.328
2.185
1.844
1.690
1.305
1.156
0.633
0.928
0.577
0.953
1.084
1.298
1.426
1.552
1.885
2.141
2.165
1.810
1.716
2.043
1.922
1.435
1.873
2.107
1.843
1.614
2.126
2.300
1.788
2.098
2.528
2.852
2.862
2.558
2.361
1.846
2.333
2.558
2.359
2.100
2.616
2.798
2.652
2.341
2.266
2.081
2.447
3.023
2.883
2.523
2.139
2.501
2.603
2.134
2.502
1.915
2.161
2.589
2.671
3.127
3.279
3.126
2.738
2.721
2.267
2.431
2.035
2.174
2.231
1.881
1.694
1.936
1.625
1.580
1.766
1.344
1.609
1.449
1.751
1.739
2.053
2.366
2.154
1.930
1.573
1.537
1.731
1.597
1.710
1.119
1.499
1.154
1.476
1.375
1.722
1.253
1.969
1.765
1.972
2.270
2.397
2.054
1.979
1.380
1.490
1.051
1.184
0.558
1.117
0.962
1.297
1.511
1.578
1.894
2.112
2.181
2.065
2.286
2.458
2.373
2.118
2.024
1.609
1.619
1.313
1.088
0.823
1.121
1.274
0.940
0.963
0.668
0.972
0.675
1.194
1.102
1.612
1.715
2.137
2.420
2.634
2.890
2.804
3.025
3.081
3.195
2.911
2.695
2.918
2.835
2.403
2.557
2.739
2.460
2.077
2.486
2.560
1.973
1.958
2.513
2.645
2.775
2.518
2.309
1.903
2.148
2.290
2.029
1.680
2.014
2.126
1.749
1.888
1.972
2.109
2.457
3.374
3.108
2.644
2.697
2.931
3.098
2.531
2.853
2.456
2.812
3.071
3.294
3.640
3.789
3.814
3.459
3.395
3.016
3.151
2.756
2.907
2.946
2.714
2.527
2.429
2.247
2.023
2.049
1.846
2.178
2.319
2.339
2.638
2.903
3.261
3.133
3.016
2.587
2.772
2.877
2.574
2.535
2.050
2.157
1.784
1.896
1.606
1.721
1.117
1.559
1.170
1.321
1.607
1.569
1.132
1.293
0.770
1.211
1.217
1.437
1.318
1.824
1.895
2.243
2.526
2.716
3.013
3.228
3.492
3.152
3.676
3.417
3.805
4.059
3.867
3.845
3.501
3.235
2.961
2.686
2.644
2.379
2.066
1.934
1.551
1.536
1.130
1.111
0.659
1.063
0.830
1.271
1.474
1.742
1.907
1.904
2.243
2.414
2.381
2.010
2.001
2.246
1.983
1.608
1.957
2.103
1.779
1.605
2.031
2.105
1.549
1.864
2.288
2.609
2.600
2.289
2.050
1.596
2.030
2.216
1.933
1.739
2.201
2.346
2.129
1.846
1.766
1.682
2.016
2.616
2.515
2.122
1.862
2.259
2.367
1.888
2.287
1.741
2.106
2.499
2.672
3.068
3.176
3.107
2.702
2.616
2.146
2.220
1.815
1.957
2.020
1.684
1.537
1.593
1.261
1.184
1.305
0.945
1.331
1.263
1.530
1.546
1.856
2.182
2.030
1.829
1.408
1.582
1.722
1.505
1.518
0.948
1.259
0.911
1.153
0.862
1.185
0.679
1.334
1.212
1.414
1.716
1.889
1.600
1.431
0.936
1.061
0.635
0.945
0.315
0.984
0.796
1.290
1.578
1.772
2.103
2.364
2.513
2.164
2.463
2.553
2.429
2.233
2.211
1.852
1.853
1.662
1.341
1.271
1.532
1.551
1.215
1.116
0.723
0.795
0.469
0.969
0.670
1.244
1.351
1.663
1.957
2.057
2.376
2.317
2.551
2.631
2.789
2.512
2.229
2.537
2.534
2.054
2.217
2.491
2.335
1.825
2.321
2.484
1.909
1.914
2.471
2.707
2.836
2.594
2.426
1.965
2.225
2.408
2.229
1.780
2.204
2.371
2.088
2.137
2.238
2.314
2.706
3.553
3.257
2.820
2.805
2.961
3.082
2.489
2.647
2.288
2.484
2.693
2.861
3.183
3.395
3.416
3.115
3.106
2.801
3.037
2.687
2.935
3.011
2.862
2.746
2.662
2.636
2.449
2.336
2.173
2.317
2.513
2.396
2.742
2.881
3.230
3.044
3.076
2.831
2.792
2.832
2.543
2.472
2.133
2.124
1.877
1.997
1.826
2.000
1.471
1.995
1.624
1.820
2.107
2.024
1.603
1.658
1.113
1.406
1.404
1.418
1.494
1.710
1.943
2.013
2.298
2.431
2.738
3.011
3.299
3.120
3.583
3.450
3.873
4.089
3.874
3.842
3.458
3.261
2.930
2.593
2.419
2.038
1.794
1.627
1.302
1.316
0.980
1.110
0.865
1.242
1.194
1.608
1.824
2.155
2.327
2.187
2.476
2.534
2.427
2.094
2.109
2.187
1.875
1.644
1.879
1.868
1.528
1.495
1.747
1.648
1.103
1.370
1.761
2.024
1.912
1.605
1.356
0.927
1.394
1.573
1.299
1.215
1.655
1.794
1.591
1.270
1.166
0.992
1.357
1.934
1.821
1.433
1.167
1.558
1.712
1.293
1.808
1.386
1.852
2.159
2.439
2.727
2.788
2.822
2.428
2.262
1.824
1.767
1.344
1.365
1.371
1.107
0.934
1.047
0.785
0.712
0.728
0.391
0.617
0.705
0.891
1.077
1.452
1.795
1.711
1.608
0.956
1.519
1.618
1.331
1.222
0.626
0.672
0.272
0.437
0.296
0.617
0.321
0.786
0.838
1.071
1.391
1.535
1.147
1.014
0.632
0.648
0.337
0.513
0.276
0.748
0.729
1.278
1.570
1.865
2.145
2.458
2.657
2.109
2.442
2.458
2.343
2.227
2.304
2.030
2.055
1.973
1.534
1.674
1.888
1.728
1.225
1.267
0.969
0.833
0.489
0.714
0.450
0.949
1.094
1.306
1.602
1.568
1.935
1.906
2.102
2.128
2.363
2.114
1.782
2.081
2.147
1.703
1.712
2.039
2.013
1.426
1.924
2.175
1.826
1.684
2.258
2.512
2.753
2.575
2.515
2.024
2.258
2.504
2.416
1.900
2.373
2.583
2.401
2.383
2.480
2.469
2.902
3.509
3.196
2.806
2.539
2.867
3.018
2.471
2.839
2.346
2.652
3.024
3.144
3.566
3.741
3.635
3.263
3.201
2.750
2.932
2.529
2.678
2.745
2.475
2.336
2.339
2.105
1.944
1.976
1.720
2.008
2.064
2.235
2.366
2.620
2.970
2.816
2.680
2.319
2.412
2.536
2.248
2.239
1.753
1.934
1.572
1.811
1.567
1.857
1.201
1.878
1.567
1.806
2.114
2.220
1.835
1.819
1.027
1.462
1.174
1.353
1.077
1.577
1.573
1.926
2.190
2.294
2.594
2.780
3.050
2.622
3.154
2.881
3.252
3.508
3.362
3.387
3.031
2.840
2.511
2.269
2.127
1.910
1.602
1.598
1.297
1.324
0.939
1.236
0.889
1.478
1.454
1.911
2.183
2.427
2.656
2.601
2.898
3.019
3.071
2.691
2.604
2.829
2.603
2.192
2.496
2.609
2.289
2.009
2.414
2.424
1.818
1.964
2.471
2.716
2.680
2.359
2.107
1.734
2.074
2.224
1.899
1.708
2.087
2.139
1.840
1.731
1.653
1.678
1.950
2.565
2.466
2.092
1.866
2.333
2.523
2.134
2.650
2.224
2.675
2.991
3.264
3.566
3.648
3.666
3.268
3.117
2.669
2.626
2.203
2.172
2.131
1.877
1.529
1.495
1.143
0.995
1.187
0.861
1.319
1.479
1.699
1.899
2.284
2.626
2.512
2.395
1.739
2.259
2.379
2.132
2.046
1.408
1.534
1.131
1.185
0.819
1.027
0.413
0.751
0.587
0.760
1.073
1.244
1.003
0.991
0.553
0.989
0.663
1.089
0.795
1.486
1.451
1.998
2.310
2.565
2.890
3.164
3.349
2.882
3.181
3.235
3.065
2.924
2.898
2.626
2.584
2.476
2.114
2.072
2.359
2.381
1.959
1.884
1.541
1.363
0.926
1.028
0.541
1.104
0.976
1.263
1.467
1.470
1.829
1.898
2.195
2.332
2.506
2.235
1.933
2.329
2.354
1.864
2.145
2.424
2.291
1.807
2.370
2.564
1.967
2.181
2.686
2.995
3.081
2.788
2.591
2.142
2.475
2.699
2.506
2.132
2.645
2.821
2.637
2.427
2.422
2.342
2.755
3.370
3.044
2.669
2.349
2.660
2.793
2.251
2.609
2.095
2.390
2.780
2.866
3.326
3.490
3.340
2.951
2.930
2.473
2.669
2.266
2.434
2.521
2.232
2.111
2.207
1.953
1.844
1.867
1.572
1.815
1.810
2.000
2.096
2.342
2.683
2.497
2.270
1.935
1.953
2.117
1.919
1.955
1.438
1.700
1.354
1.642
1.467
1.787
1.244
1.955
1.665
1.930
2.260
2.338
1.984
1.862
1.105
1.411
1.064
1.175
0.854
1.331
1.259
1.607
1.795
1.837
2.119
2.245
2.503
2.148
2.648
2.432
2.803
3.048
2.906
2.915
2.552
2.354
2.046
1.750
1.574
1.396
1.150
1.257
1.000
1.094
0.731
1.084
0.880
1.451
1.543
1.965
2.279
2.511
2.761
2.666
2.915
3.005
3.111
2.740
2.596
2.816
2.635
2.216
2.468
2.580
2.258
1.964
2.341
2.357
1.757
1.821
2.349
2.566
2.564
2.246
2.009
1.636
1.934
2.049
1.753
1.516
1.885
1.913
1.600
1.530
1.525
1.639
1.954
2.488
2.477
2.059
2.115
2.446
2.669
2.187
2.648
2.259
2.734
2.986
3.322
3.551
3.680
3.740
3.380
3.238
2.833
2.809
2.364
2.459
2.422
2.265
1.989
1.734
1.601
1.303
1.373
1.234
1.582
1.840
1.815
2.267
2.580
2.942
2.933
2.813
2.198
2.677
2.751
2.435
2.304
1.846
1.739
1.370
1.265
0.926
0.843
0.265
0.533
0.358
0.401
0.689
0.785
0.580
0.757
0.320
0.807
0.592
1.040
1.027
1.578
1.811
2.168
2.516
2.777
3.079
3.311
3.520
3.170
3.561
3.602
3.518
3.366
3.392
3.039
3.053
2.814
2.526
2.319
2.582
2.634
2.236
2.037
1.656
1.450
0.979
0.941
0.421
0.877
0.711
0.994
1.086
1.128
1.346
1.569
1.876
2.093
2.237
1.927
1.708
2.120
2.123
1.606
1.923
2.187
2.041
1.597
2.165
2.358
1.778
2.042
2.514
2.837
2.915
2.605
2.437
1.981
2.337
2.573
2.398
2.041
2.572
2.760
2.625
2.360
2.339
2.203
2.628
3.232
2.891
2.537
2.166
2.447
2.558
2.023
2.364
1.817
2.107
2.516
2.609
3.093
3.216
3.049
2.645
2.637
2.174
2.388
1.988
2.183
2.294
1.971
1.883
2.097
1.828
1.788
1.792
1.433
1.638
1.545
1.738
1.798
2.031
2.358
2.127
1.914
1.587
1.510
1.704
1.578
1.648
1.142
1.467
1.155
1.481
1.415
1.751
1.351
2.034
1.805
2.087
2.434
2.479
2.146
1.937
1.246
1.404
1.018
1.027
0.630
1.051
0.939
1.271
1.391
1.423
1.674
1.748
1.981
1.575
2.092
1.873
2.271
2.511
2.339
2.363
2.023
1.855
1.485
1.208
1.087
0.979
0.815
1.013
0.660
0.876
0.527
0.974
0.960
1.465
1.655
2.039
2.373
2.613
2.858
2.722
2.930
2.985
3.104
2.746
2.578
2.763
2.642
2.202
2.396
2.579
2.345
1.894
2.321
2.479
1.905
1.881
2.423
2.545
2.637
2.354
2.134
1.771
2.005
2.104
1.785
1.545
1.840
1.867
1.445
1.648
1.737
1.893
2.225
2.661
2.701
2.235
2.430
2.690
2.931
2.425
2.836
2.462
2.850
3.082
3.401
3.618
3.804
3.848
3.527
3.439
3.069
3.100
2.656
2.808
2.764
2.665
2.378
2.117
2.065
1.773
1.763
1.665
1.944
2.212
2.102
2.664
2.937
3.300
3.266
3.190
2.634
2.957
3.040
2.729
2.628
2.250
2.084
1.705
1.579
1.219
1.150
0.683
0.651
0.274
0.310
0.595
0.605
0.343
0.604
0.337
0.901
0.926
1.299
1.440
1.820
2.122
2.315
2.664
2.867
3.139
3.368
3.616
3.360
3.741
3.849
3.806
3.651
3.643
3.245
3.299
2.998
2.709
2.503
2.740
2.753
2.352
2.119
1.719
1.559
1.134
1.093
0.620
0.816
0.500
0.781
0.839
0.913
1.064
1.326
1.632
1.874
2.001
1.686
1.499
1.914
1.913
1.387
1.814
2.058
1.776
1.542
2.014
2.143
1.591
1.906
2.335
2.672
2.743
2.414
2.286
1.827
2.202
2.450
2.300
1.966
2.508
2.707
2.603
2.311
2.275
2.077
2.513
3.376
2.975
2.671
2.164
2.443
2.465
2.089
2.331
1.724
1.914
2.385
2.328
2.881
2.998
2.746
2.335
2.353
1.890
2.098
1.785
1.968
2.088
1.714
1.706
2.046
1.860
1.840
2.057
1.607
1.744
1.322
1.544
1.470
1.611
1.911
1.631
1.366
1.055
0.994
1.183
1.136
1.333
0.902
1.424
1.340
1.735
1.881
2.241
2.043
2.662
2.539
2.817
3.163
3.193
2.858
2.606
1.978
2.013
1.642
1.474
1.011
1.088
0.720
0.985
1.058
1.100
1.335
1.418
1.618
1.165
1.693
1.378
1.739
1.999
1.866
1.915
1.530
1.361
1.044
0.835
0.818
0.705
0.583
0.773
0.355
0.987
0.954
1.437
1.671
2.059
2.328
2.680
3.024
3.287
3.519
3.323
3.484
3.480
3.586
3.251
3.045
3.167
3.054
2.681
2.726
2.903
2.637
2.292
2.586
2.665
2.153
2.000
2.523
2.535
2.709
2.506
2.322
1.983
2.099
2.214
1.920
1.605
1.888
1.976
1.528
1.869
2.011
2.192
2.502
2.870
2.937
2.443
2.787
2.979
3.213
2.700
3.041
2.749
3.184
3.348
3.678
3.856
4.019
4.153
3.863
3.738
3.374
3.409
2.978
3.189
3.146
3.102
2.820
2.526
2.569
2.261
2.195
2.162
2.374
2.637
2.446
3.086
3.317
3.676
3.675
3.658
3.103
3.503
3.528
3.197
3.031
2.641
2.419
2.093
1.936
1.600
1.462
1.179
1.092
0.712
0.598
0.830
0.514
0.333
0.841
0.826
1.197
1.388
1.661
1.914
2.241
2.582
2.779
3.176
3.424
3.672
3.917
4.222
3.872
4.305
4.364
4.322
4.216
4.250
3.872
3.937
3.662
3.349
3.190
3.409
3.360
2.978
2.697
2.303
2.039
1.643
1.448
1.067
0.967
0.507
0.786
0.667
0.882
0.834
1.196
1.525
1.835
1.860
1.504
1.475
1.816
1.653
1.226
1.720
1.950
1.678
1.602
2.052
2.210
1.832
2.168
2.514
2.873
2.961
2.555
2.485
2.138
2.515
2.814
2.694
2.427
2.971
3.194
3.138
2.792
2.667
2.345
2.730
2.800
2.424
2.086
1.633
1.919
1.993
1.540
1.879
1.303
1.650
2.081
2.185
2.650
2.729
2.574
2.148
2.091
1.608
1.779
1.385
1.557
1.679
1.338
1.256
1.517
1.275
1.301
1.403
0.959
1.156
0.898
1.106
1.156
1.373
1.690
1.423
1.183
0.879
0.835
1.005
0.897
1.017
0.516
0.910
0.711
1.091
1.204
1.568
1.408
2.012
1.878
2.172
2.530
2.541
2.215
1.938
1.354
1.342
0.935
0.837
0.327
0.657
0.301
0.858
0.884
1.038
1.247
1.363
1.592
1.316
1.795
1.560
1.984
2.219
1.952
1.890
1.544
1.269
1.017
0.785
0.965
0.765
0.405
0.672
0.266
0.630
0.323
0.862
1.032
1.437
1.721
2.047
2.395
2.632
2.869
2.695
2.854
2.874
3.018
2.679
2.468
2.636
2.555
2.130
2.251
2.445
2.248
1.777
2.174
2.359
1.831
1.731
2.279
2.387
2.544
2.328
2.154
1.769
1.935
2.092
1.826
1.471
1.786
1.927
1.538
1.774
1.912
2.053
2.404
2.765
2.811
2.324
2.599
2.797
2.996
2.456
2.751
2.407
2.777
2.967
3.280
3.477
3.676
3.742
3.451
3.372
3.038
3.119
2.715
2.951
2.929
2.862
2.618
2.377
2.394
2.120
2.040
1.975
2.182
2.419
2.226
2.816
3.010
3.362
3.297
3.281
2.833
3.053
3.101
2.786
2.668
2.290
2.146
1.838
1.733
1.417
1.358
1.025
1.115
0.699
0.791
1.102
0.910
0.492
0.770
0.608
1.017
1.155
1.397
1.603
1.856
2.164
2.296
2.683
2.885
3.131
3.348
3.631
3.386
3.784
3.897
3.875
3.753
3.759
3.364
3.430
3.116
2.819
2.621
2.838
2.815
2.415
2.158
1.749
1.523
1.150
1.098
0.732
0.753
0.397
0.714
0.788
1.077
1.250
1.283
1.616
1.866
1.862
1.538
1.450
1.759
1.565
1.167
1.586
1.755
1.402
1.346
1.761
1.784
1.322
1.711
2.041
2.379
2.367
2.013
1.879
1.485
1.915
2.174
2.030
1.812
2.351
2.542
2.463
2.121
2.022
1.715
2.122
2.074
1.739
1.384
1.082
1.441
1.625
1.187
1.703
1.307
1.778
2.075
2.331
2.669
2.708
2.686
2.273
2.148
1.666
1.735
1.280
1.325
1.332
1.093
0.868
0.969
0.664
0.633
0.645
0.389
0.562
0.648
0.788
0.962
1.301
1.630
1.494
1.314
0.860
1.182
1.269
1.008
1.013
0.290
0.642
0.265
0.359
0.270
0.638
0.702
1.105
1.155
1.423
1.770
1.809
1.435
1.168
0.753
0.662
0.284
0.428
0.390
0.724
0.401
1.087
1.246
1.501
1.663
1.867
2.124
1.858
2.325
2.040
2.448
2.683
2.398
2.318
1.977
1.675
1.539
1.311
1.607
1.347
0.845
1.068
0.700
0.803
0.670
0.674
0.744
0.983
1.244
1.421
1.745
1.829
2.119
2.013
2.124
2.122
2.354
2.079
1.790
2.017
2.064
1.631
1.634
1.958
1.950
1.370
1.854
2.107
1.786
1.621
2.200
2.446
2.694
2.551
2.530
2.057
2.207
2.465
2.477
1.927
2.370
2.618
2.360
2.567
2.702
2.596
3.058
3.354
3.348
2.929
2.966
3.006
3.083
2.474
2.590
2.242
2.419
2.627
2.797
3.083
3.333
3.313
3.061
3.067
2.773
2.984
2.681
3.026
3.155
3.018
3.023
3.029
2.978
2.873
2.732
2.506
2.556
2.720
2.517
2.830
2.879
3.214
3.059
3.097
2.833
2.759
2.818
2.566
2.410
2.207
2.210
2.076
2.206
2.125
2.275
1.783
2.106
1.690
1.720
2.028
1.781
1.432
1.729
1.391
1.656
1.761
1.600
1.786
1.780
1.999
1.949
2.308
2.410
2.598
2.758
2.995
2.974
3.295
3.488
3.529
3.388
3.338
2.933
2.917
2.619
2.381
2.078
2.302
2.341
1.942
1.774
1.410
1.253
1.140
1.266
1.212
1.427
1.279
1.582
1.530
1.951
1.981
1.977
2.273
2.434
2.295
1.983
2.088
2.148
1.800
1.642
1.809
1.770
1.431
1.437
1.658
1.526
0.982
1.283
1.652
1.919
1.810
1.502
1.256
0.807
1.292
1.485
1.220
1.128
1.586
1.732
1.587
1.246
1.150
0.914
1.339
2.804
2.416
2.222
1.661
2.222
2.347
2.069
2.499
1.994
2.340
2.722
2.909
3.315
3.420
3.360
2.940
2.803
2.339
2.333
1.964
1.845
1.801
1.472
1.070
1.273
0.933
0.749
1.128
0.831
1.257
1.048
1.489
1.475
1.890
2.197
1.998
1.849
1.186
1.690
1.840
1.677
1.676
0.897
1.396
1.054
1.286
1.104
1.440
1.011
1.651
1.473
1.743
2.084
2.178
1.854
1.676
0.951
1.233
0.836
1.031
0.613
1.218
1.040
1.605
1.844
1.993
2.251
2.397
2.619
2.200
2.725
2.381
2.739
3.002
2.822
2.751
2.374
2.154
1.997
1.827
1.852
1.668
1.406
1.378
0.997
1.043
0.603
1.005
0.715
1.326
1.433
1.828
2.147
2.339
2.608
2.530
2.764
2.860
2.989
2.633
2.441
2.698
2.604
2.127
2.362
2.571
2.387
1.887
2.382
2.585
2.010
2.044
2.596
2.848
2.991
2.742
2.594
2.115
2.391
2.586
2.424
1.968
2.415
2.606
2.324
2.357
2.431
2.433
2.841
3.292
3.275
2.839
2.829
3.062
3.224
2.634
2.942
2.522
2.851
3.127
3.394
3.665
3.864
3.856
3.526
3.466
3.078
3.195
2.809
3.033
3.077
2.873
2.750
2.673
2.491
2.326
2.319
2.094
2.329
2.518
2.439
2.759
2.986
3.335
3.233
3.121
2.716
2.831
2.957
2.668
2.616
2.258
2.242
1.917
1.986
1.767
1.874
1.202
1.662
1.298
1.320
1.604
1.549
1.215
1.489
0.894
1.367
1.326
1.502
1.437
1.827
2.075
2.250
2.567
2.726
3.001
3.217
3.418
3.250
3.584
3.731
3.690
3.498
3.455
3.043
3.064
2.762
2.504
2.251
2.502
2.574
2.164
1.982
1.592
1.512
1.129
1.212
0.760
1.248
1.044
1.501
1.602
1.875
1.955
2.119
2.454
2.625
2.615
2.283
2.221
2.461
2.244
1.825
2.161
2.302
2.006
1.751
2.190
2.265
1.674
1.947
2.415
2.728
2.755
2.455
2.199
1.769
2.178
2.402
2.166
1.886
2.404
2.574
2.399
2.112
1.969
1.779
2.074
3.364
3.014
2.671
2.309
2.755
2.912
2.407
2.820
2.329
2.666
3.044
3.232
3.638
3.746
3.692
3.269
3.179
2.716
2.862
2.450
2.526
2.516
2.200
1.849
1.946
1.602
1.408
1.672
1.366
1.823
1.762
2.111
2.165
2.495
2.838
2.656
2.446
1.935
2.164
2.323
2.136
2.149
1.502
1.824
1.437
1.674
1.394
1.702
1.058
1.742
1.472
1.711
2.025
2.172
1.843
1.759
0.983
1.417
1.070
1.324
0.964
1.546
1.439
1.927
2.182
2.331
2.577
2.691
2.881
2.387
2.923
2.587
2.936
3.203
3.056
3.078
2.673
2.536
2.253
2.111
2.110
1.983
1.701
1.678
1.331
1.359
0.912
1.270
0.847
1.490
1.491
1.916
2.207
2.371
2.656
2.627
2.898
3.027
3.140
2.779
2.588
2.877
2.780
2.297
2.581
2.783
2.589
2.105
2.616
2.808
2.215
2.299
2.843
3.107
3.236
2.958
2.790
2.320
2.617
2.813
2.633
2.201
2.655
2.828
2.464
2.512
2.554
2.577
2.967
3.463
3.432
3.002
2.935
3.215
3.384
2.802
3.141
2.696
3.021
3.329
3.573
3.878
4.069
4.037
3.689
3.629
3.217
3.333
2.932
3.128
3.170
2.927
2.772
2.736
2.483
2.299
2.371
2.114
2.411
2.541
2.570
2.816
3.076
3.422
3.315
3.148
2.735
2.844
3.005
2.734
2.707
2.287
2.344
1.989
2.104
1.844
1.914
1.220
1.529
1.232
1.243
1.518
1.617
1.326
1.591
0.975
1.545
1.428
1.650
1.443
1.949
2.106
2.347
2.656
2.800
3.091
3.309
3.466
3.318
3.621
3.773
3.716
3.488
3.421
3.009
3.010
2.694
2.485
2.203
2.484
2.605
2.202
2.062
1.700
1.644
1.239
1.408
0.908
1.477
1.249
1.688
1.816
1.984
2.105
2.315
2.643
2.880
2.901
2.571
2.448
2.744
2.554
2.116
2.452
2.611
2.325
2.027
2.486
2.573
1.972
2.212
2.703
3.007
3.039
2.741
2.519
2.065
2.441
2.655
2.416
2.111
2.612
2.770
2.569
2.323
2.288
2.203
2.591
3.587
3.283
2.895
2.647
3.037
3.206
2.690
3.098
2.618
2.960
3.323
3.526
3.917
4.035
3.994
3.577
3.490
3.034
3.179
2.769
2.859
2.896
2.627
2.388
2.371
2.120
1.910
1.989
1.750
2.130
2.212
2.388
2.557
2.851
3.206
3.080
2.890
2.454
2.625
2.770
2.512
2.494
1.935
2.132
1.744
1.920
1.611
1.840
1.137
1.752
1.459
1.659
1.937
2.109
1.766
1.804
1.016
1.563
1.295
1.575
1.277
1.843
1.817
2.240
2.505
2.671
2.939
3.059
3.268
2.773
3.312
2.998
3.318
3.588
3.487
3.529
3.112
3.002
2.682
2.486
2.417
2.302
2.022
1.970
1.628
1.628
1.190
1.467
0.982
1.599
1.495
1.942
2.196
2.354
2.589
2.646
2.955
3.114
3.203
2.837
2.664
2.973
2.863
2.384
2.697
2.907
2.699
2.246
2.764
2.938
2.336
2.472
3.006
3.286
3.393
3.093
2.892
2.442
2.767
2.959
2.702
2.370
2.814
2.931
2.609
2.538
2.525
2.570
2.895
3.462
3.415
2.994
2.879
3.258
3.427
2.874
3.240
2.773
3.091
3.431
3.648
3.990
4.170
4.111
3.744
3.683
3.248
3.362
2.948
3.108
3.127
2.854
2.569
2.575
2.227
2.053
2.217
1.915
2.333
2.438
2.592
2.766
3.055
3.393
3.274
3.060
2.638
2.749
2.916
2.692
2.692
2.194
2.351
1.965
2.081
1.738
1.861
1.162
1.539
1.280
1.415
1.661
1.801
1.593
1.740
1.096
1.656
1.426
1.725
1.380
1.984
2.026
2.349
2.644
2.776
3.082
3.303
3.418
3.275
3.548
3.699
3.598
3.363
3.266
2.871
2.842
2.535
2.358
2.074
2.380
2.538
2.155
2.056
1.735
1.701
1.288
1.548
1.052
1.665
1.478
1.898
2.084
2.177
2.341
2.559
2.881
3.080
3.153
2.830
2.638
2.976
2.824
2.369
2.695
2.869
2.603
2.242
2.720
2.825
2.215
2.409
2.926
3.217
3.268
2.966
2.747
2.307
2.648
2.851
2.607
2.275
2.755
2.903
2.655
2.478
2.464
2.435
2.813
3.749
3.469
3.060
2.883
3.274
3.459
2.939
3.349
2.886
3.243
3.586
3.814
4.180
4.302
4.285
3.875
3.782
3.336
3.468
3.059
3.140
3.159
2.918
2.684
2.561
2.350
2.096
2.171
1.975
2.364
2.515
2.624
2.867
3.163
3.521
3.407
3.253
2.771
3.017
3.142
2.845
2.810
2.261
2.410
2.020
2.127
1.796
1.939
1.217
1.724
1.426
1.575
1.804
1.981
1.655
1.817
1.072
1.692
1.473
1.813
1.572
2.126
2.151
2.555
2.831
3.018
3.309
3.491
3.720
3.221
3.760
3.429
3.743
4.012
3.925
3.981
3.569
3.444
3.149
2.934
2.842
2.693
2.370
2.281
1.943
1.898
1.468
1.645
1.107
1.699
1.489
1.937
2.139
2.285
2.449
2.609
2.943
3.151
3.199
2.828
2.693
3.017
2.871
2.418
2.761
2.973
2.702
2.352
2.858
2.993
2.394
2.603
3.109
3.406
3.448
3.140
2.920
2.447
2.850
3.048
2.792
2.505
2.977
3.130
2.872
2.676
2.626
2.583
2.918
3.514
3.427
3.024
2.766
3.178
3.321
2.834
3.244
2.732
3.065
3.443
3.624
4.009
4.168
4.078
3.686
3.619
3.158
3.241
2.829
2.927
2.947
2.625
2.330
2.449
2.090
1.937
2.188
1.831
2.235
2.185
2.517
2.537
2.875
3.200
3.008
2.800
2.356
2.507
2.677
2.516
2.546
1.926
2.224
1.830
2.058
1.750
2.002
1.323
1.727
1.481
1.649
1.862
2.056
1.913
2.018
1.378
1.787
1.457
1.749
1.218
1.938
1.809
2.251
2.524
2.648
2.971
3.199
3.268
3.102
3.341
3.476
3.304
3.080
2.935
2.592
2.517
2.264
2.110
1.849
2.179
2.352
2.024
1.974
1.647
1.679
1.282
1.652
1.243
1.855
1.779
2.201
2.403
2.425
2.672
2.877
3.191
3.334
3.420
3.105
2.897
3.212
3.098
2.629
2.928
3.113
2.855
2.443
2.938
3.053
2.439
2.582
3.120
3.392
3.452
3.146
2.931
2.496
2.815
3.002
2.750
2.405
2.852
2.972
2.674
2.582
2.589
2.619
2.978
4.007
3.731
3.334
3.157
3.583
3.773
3.272
3.696
3.235
3.598
3.936
4.169
4.526
4.656
4.638
4.224
4.128
3.677
3.800
3.385
3.442
3.449
3.199
2.917
2.798
2.564
2.293
2.406
2.217
2.629
2.791
2.930
3.163
3.478
3.835
3.726
3.544
3.033
3.306
3.439
3.161
3.134
2.545
2.729
2.332
2.417
2.066
2.171
1.460
1.854
1.552
1.636
1.845
2.000
1.679
1.997
1.342
1.986
1.773
2.146
1.897
2.471
2.462
2.897
3.165
3.343
3.628
3.810
4.045
3.616
4.152
3.841
4.197
4.463
4.309
4.316
3.930
3.736
3.461
3.251
3.213
3.022
2.697
2.624
2.284
2.255
1.815
1.959
1.402
1.943
1.639
2.065
2.207
2.360
2.413
2.687
3.015
3.270
3.309
2.949
2.837
3.169
3.027
2.561
2.949
3.167
2.873
2.585
3.088
3.214
2.631
2.879
3.361
3.670
3.695
3.393
3.172
2.681
3.118
3.326
3.076
2.802
3.288
3.440
3.184
2.971
2.892
2.835
3.149
3.771
3.623
3.276
2.918
3.369
3.491
3.025
3.429
2.879
3.210
3.614
3.756
4.177
4.303
4.202
3.800
3.739
3.267
3.350
2.954
3.054
3.049
2.704
2.325
2.510
2.143
1.923
2.341
1.992
2.423
2.254
2.652
2.622
2.960
3.263
3.018
2.793
2.392
2.479
2.654
2.563
2.633
1.990
2.389
2.011
2.285
2.011
2.259
1.636
2.043
1.849
2.051
2.280
2.484
2.309
2.336
1.727
2.099
1.730
1.988
1.398
2.092
1.867
2.354
2.594
2.689
3.014
3.209
3.247
3.111
3.285
3.434
3.215
2.988
2.785
2.489
2.368
2.135
2.016
1.790
2.132
2.326
2.068
2.078
1.729
1.871
1.491
1.938
1.573
2.183
2.122
2.550
2.770
2.801
3.106
3.225
3.535
3.669
3.764
3.453
3.239
3.544
3.445
2.974
3.242
3.438
3.200
2.758
3.246
3.385
2.776
2.859
3.413
3.666
3.760
3.459
3.242
2.814
3.114
3.287
3.036
2.668
3.078
3.185
2.832
2.841
2.842
2.898
3.232
3.768
3.538
3.095
3.108
3.505
3.731
3.251
3.689
3.286
3.708
3.991
4.294
4.585
4.691
4.749
4.351
4.227
3.790
3.869
3.423
3.482
3.452
3.240
2.930
2.681
2.534
2.229
2.300
2.197
2.582
2.850
2.881
3.236
3.567
3.927
3.848
3.671
3.095
3.468
3.587
3.294
3.244
2.646
2.785
2.389
2.338
1.978
1.916
1.187
1.409
1.078
1.138
1.292
1.481
1.303
1.635
1.191
1.819
1.674
2.098
1.994
2.574
2.596
3.051
3.331
3.532
3.816
4.004
4.247
3.835
4.368
4.051
4.410
4.676
4.508
4.501
4.114
3.907
3.655
3.438
3.443
3.230
2.907
2.806
2.462
2.380
1.931
1.945
1.380
1.767
1.440
1.789
1.865
1.894
1.973
2.345
2.668
2.930
3.046
2.710
2.542
2.937
2.879
2.359
2.808
3.057
2.824
2.523
3.067
3.255
2.726
2.994
3.449
3.780
3.869
3.559
3.400
2.870
3.316
3.551
3.344
3.031
3.555
3.746
3.523
3.256
3.168
3.070
3.381
4.002
3.840
3.506
3.105
3.557
3.660
3.162
3.480
2.898
3.147
3.573
3.645
4.108
4.263
4.099
3.714
3.704
3.246
3.402
3.034
3.185
3.198
2.835
2.471
2.705
2.345
2.119
2.569
2.227
2.607
2.387
2.790
2.725
2.997
3.301
3.042
2.774
2.418
2.371
2.576
2.533
2.663
2.090
2.562
2.210
2.504
2.264
2.586
1.967
2.495
2.295
2.472
2.716
2.876
2.587
2.669
1.988
2.381
2.010
2.150
1.620
2.094
1.923
2.274
2.460
2.453
2.776
2.892
2.907
2.945
3.058
3.255
3.055
2.816
2.520
2.248
2.103
1.776
1.791
1.473
1.805
2.035
1.839
1.935
1.631
1.910
1.604
2.057
1.818
2.412
2.341
2.790
3.019
3.198
3.406
3.472
3.799
3.927
3.977
3.653
3.503
3.744
3.593
3.160
3.401
3.543
3.250
2.893
3.308
3.368
2.765
2.807
3.358
3.536
3.603
3.290
3.054
2.682
2.957
3.052
2.757
2.496
2.831
2.845
2.468
2.540
2.577
2.705
3.029
