48
49
50
51
52
53
54
56
305
306
307
308
309
310
311
312
313
314
316
346
347
348
349
471
473
563
564
565
566
567
568
569
570
571
572
573
574
604
605
606
607
608
609
703
705
706
707
727
728
729
730
731
732
733
822
824
825
828
829
830
831
832
860
861
862
863
864
865
866
931
945
947
949
951
959
960
961
962
963
964
965
985
986
987
988
989
990
991
1080
1088
1092
1118
1119
1120
1121
1122
1187
1188
1189
1190
1203
1204
1205
1206
1207
1208
1209
1210
1211
1212
1216
1217
1218
1219
1220
1221
1222
1223
1245
1246
1247
1248
1249
1250
1251
1350
1374
1375
1376
1377
1378
1445
1446
1447
1463
1464
1465
1466
1467
1468
1469
1470
1471
1472
1473
1474
1475
1476
1477
1478
1479
1505
1506
1507
1508
1509
1510
1596
1606
1608
1630
1632
1633
1634
1635
1636
1723
1724
1725
1726
1727
1728
1729
1730
1731
1732
1733
1734
1735
1736
1764
1765
1766
1767
1768
1769
1770
1848
1850
1854
1864
1865
1866
1867
1868
1887
1888
1889
1890
1891
1892
1893
1894
1983
1984
1985
1986
1987
1988
1989
1990
1991
1992
2021
2022
2023
2024
2025
2026
2027
2028
2029
2092
2094
2096
2101
2102
2103
2104
2105
2106
2107
2108
2109
2122
2123
2124
2125
2126
2127
2128
2129
2144
2145
2146
2147
2148
2149
2150
2151
2152
2241
2243
2244
2245
2246
2247
2248
2249
2250
2251
2280
2281
2282
2283
2284
2285
2344
2345
2346
2347
2348
2350
2351
2352
2353
2354
2358
2359
2360
2361
2362
2363
2364
2365
2366
2367
2382
2383
2384
2385
2386
2402
2403
2404
2405
2406
2407
2408
2583
2586
2588
2602
2603
2604
2605
2606
2607
2608
2609
2610
2611
2612
2617
2620
2621
2622
2623
2624
2625
2626
2627
2628
2636
2637
2638
2639
2640
2641
2642
2643
2662
2663
2664
2665
2666
2667
2668
2669
2795
2797
2819
2826
2836
2841
2860
2861
2862
2863
2864
2865
2866
2867
2868
2869
2870
2879
2880
2881
2882
2883
2884
2885
2886
2887
2888
2893
2894
2895
2896
2897
2898
2899
2900
2901
2920
2921
2922
2923
2924
2925
2926
2927
3053
3055
3077
3084
3088
3093
3094
3121
3122
3123
3124
3140
3142
3144
3152
3154
3155
3156
3180
3181
3182
3183
3184
3281
3313
3315
3402
3410
3412
3414
3440
3442
3539
3571
3700
3791
3797
3829
3926
3958
4047
4087
4436
4437
4442
4694
4695
