2.990
2.963
2.578
2.580
3.029
3.277
2.920
3.419
3.031
3.497
3.769
4.067
4.327
4.429
4.468
4.081
3.933
3.496
3.454
3.074
2.994
2.906
2.704
2.288
2.023
1.767
1.473
1.677
1.599
2.025
2.306
2.450
2.771
3.173
3.522
3.532
3.428
2.829
3.276
3.376
3.045
2.941
2.335
2.398
2.009
1.909
1.518
1.380
0.926
0.742
0.539
0.687
0.770
1.021
1.054
1.250
1.003
1.478
1.375
1.838
1.630
2.357
2.332
2.887
3.166
3.427
3.660
4.003
4.303
4.597
4.934
5.068
5.432
5.222
4.914
4.577
4.402
4.047
4.142
3.781
3.402
3.183
2.807
2.737
2.396
2.224
1.916
1.775
1.274
1.543
1.298
1.509
1.603
1.403
1.688
2.030
2.355
2.524
2.758
2.449
2.205
2.656
2.718
2.178
2.577
2.861
2.731
2.311
2.907
3.136
2.681
2.853
3.368
3.704
3.896
3.528
3.499
2.976
3.344
3.610
3.503
3.059
3.594
3.820
3.598
3.449
3.399
3.271
3.653
3.933
4.140
3.732
3.367
3.703
3.791
3.219
3.473
2.907
3.060
3.470
3.476
3.944
4.125
3.943
3.591
3.631
3.226
3.495
3.167
3.366
3.442
3.071
2.878
3.098
2.757
2.615
2.867
2.516
2.838
2.626
2.913
2.874
3.122
3.429
3.201
2.982
2.686
2.555
2.637
2.659
2.775
2.265
2.703
2.389
2.715
2.503
2.832
2.148
2.708
2.481
2.673
2.942
3.064
2.731
2.830
2.133
2.496
2.177
2.246
1.811
2.149
2.070
2.267
2.436
2.407
2.736
2.900
3.160
3.283
3.634
3.651
4.123
4.196
3.807
3.586
3.233
2.938
2.657
2.399
2.086
1.935
1.796
1.905
1.671
1.921
1.610
2.064
1.989
2.465
2.402
2.865
3.091
3.324
3.583
3.549
3.863
3.968
3.920
3.588
3.535
3.682
3.468
3.112
3.303
3.379
3.051
2.801
3.147
3.133
2.563
2.581
3.103
3.234
3.249
2.923
2.630
2.365
2.631
2.640
2.309
2.185
2.471
2.397
2.032
2.073
2.035
2.168
2.449
2.770
2.736
2.337
2.440
2.794
3.061
2.675
3.164
2.782
3.243
3.472
3.799
4.019
4.152
4.221
3.879
3.738
3.335
3.283
2.880
2.876
2.777
2.650
2.306
1.886
1.773
1.447
1.565
1.538
1.883
2.200
2.234
2.744
3.079
3.438
3.506
3.412
2.910
3.249
3.326
2.983
2.848
2.320
2.245
1.880
1.679
1.308
1.139
0.685
0.532
0.343
0.490
0.681
0.895
0.711
0.989
0.584
1.205
1.137
1.595
1.530
2.178
2.275
2.760
3.060
3.332
3.567
3.905
4.236
4.530
4.869
5.032
5.398
5.187
4.905
4.551
4.364
4.014
4.076
3.724
3.339
3.108
2.751
2.587
2.228
1.986
1.670
1.453
0.911
1.165
0.819
1.138
1.236
1.234
1.530
1.721
2.039
2.284
2.381
2.056
1.879
2.283
2.265
1.740
2.169
2.424
2.224
1.904
2.455
2.658
2.178
2.421
2.895
3.240
3.385
3.011
2.975
2.440
2.850
3.125
3.005
2.608
3.155
3.376
3.255
3.002
2.983
2.797
3.226
3.522
3.646
3.238
2.904
3.149
3.228
2.662
2.942
2.353
2.546
2.973
2.991
3.467
3.628
3.453
3.079
3.097
2.671
2.915
2.586
2.863
2.967
2.599
2.499
2.749
2.438
2.325
2.536
2.162
2.381
2.177
2.389
2.394
2.563
2.893
2.675
2.484
2.200
2.053
2.188
2.118
2.209
1.790
2.144
1.897
2.228
2.141
2.467
1.853
2.441
2.194
2.396
2.656
2.804
2.517
2.548
1.845
2.057
1.742
1.729
1.384
1.585
1.558
1.735
1.920
1.963
2.279
2.477
2.774
2.985
3.315
3.393
3.848
3.856
3.480
3.226
2.890
2.569
2.379
2.083
1.714
1.536
1.285
1.372
1.096
1.385
1.069
1.590
1.618
2.074
2.175
2.621
2.893
3.054
3.353
3.309
3.545
3.591
3.605
3.292
3.155
3.313
3.147
2.767
2.921
3.040
2.736
2.387
2.776
2.826
2.252
2.222
2.766
2.876
2.994
2.671
2.379
2.104
2.344
2.395
2.067
1.885
2.181
2.170
1.786
1.831
1.797
1.931
2.219
2.809
2.759
2.264
2.465
2.751
2.991
2.493
2.925
2.552
2.987
3.215
3.501
3.746
3.911
3.960
3.638
3.523
3.148
3.148
2.740
2.861
2.795
2.660
2.390
2.040
1.937
1.653
1.698
1.624
1.946
2.226
2.158
2.700
2.986
3.350
3.364
3.333
2.974
3.142
3.196
2.849
2.706
2.273
2.144
1.778
1.640
1.277
1.185
0.676
0.754
0.420
0.501
0.795
0.876
0.600
0.804
0.361
0.973
0.991
1.375
1.400
1.958
2.165
2.528
2.852
3.108
3.369
3.646
4.003
4.317
4.656
4.853
5.248
5.048
4.777
4.404
4.218
3.879
3.855
3.516
3.133
2.879
2.534
2.306
1.910
1.718
1.345
1.222
0.703
0.916
0.583
0.913
1.060
1.129
1.437
1.544
1.865
2.094
2.174
1.861
1.666
2.056
2.026
1.514
1.924
2.166
1.872
1.649
2.124
2.279
1.736
2.052
2.482
2.823
2.902
2.558
2.452
1.916
2.374
2.635
2.473
2.143
2.685
2.890
2.760
2.471
2.426
2.225
2.642
2.930
3.076
2.679
2.319
2.603
2.696
2.159
2.502
1.919
2.195
2.619
2.696
3.148
3.275
3.148
2.751
2.719
2.265
2.449
2.105
2.315
2.411
2.060
1.912
2.135
1.823
1.765
1.927
1.556
1.789
1.615
1.850
1.895
2.126
2.437
2.290
2.126
1.844
1.758
1.949
1.696
1.741
1.279
1.608
1.312
1.649
1.568
1.911
1.423
2.026
1.831
2.054
2.336
2.504
2.242
2.128
1.538
1.581
1.198
1.226
0.790
1.140
1.046
1.384
1.601
1.738
2.067
2.307
2.626
2.858
3.191
3.301
3.747
3.701
3.351
3.050
2.761
2.417
2.288
1.976
1.595
1.416
1.085
1.071
0.755
0.992
0.594
1.150
1.158
1.660
1.841
2.233
2.561
2.712
3.035
2.916
3.129
3.167
3.227
2.925
2.752
2.937
2.821
2.403
2.566
2.741
2.472
1.994
2.458
2.581
2.013
1.971
2.515
2.627
2.749
2.447
2.202
1.863
2.103
2.186
1.879
1.644
1.948
1.992
1.593
1.717
1.769
1.924
2.257
3.041
2.918
2.411
2.578
2.802
2.975
2.407
2.755
2.365
2.758
2.978
3.261
3.505
3.674
3.725
3.410
3.323
2.971
3.049
2.661
2.877
2.863
2.712
2.529
2.271
2.180
1.952
1.930
1.820
2.091
2.315
2.202
2.693
2.913
3.273
3.227
3.211
2.867
2.922
3.051
2.717
2.589
2.191
2.089
1.754
1.740
1.447
1.506
0.869
1.262
0.892
1.044
1.349
1.266
0.910
1.032
0.494
1.032
1.054
1.322
1.329
1.783
2.026
2.293
2.593
2.785
3.073
3.306
3.655
3.954
4.291
4.485
4.893
4.793
4.475
4.162
3.889
3.586
3.473
3.160
2.836
2.476
2.165
1.979
1.588
1.499
1.132
1.013
0.565
0.858
0.558
0.992
1.176
1.448
1.692
1.644
1.974
2.155
2.122
1.783
1.727
1.995
1.833
1.398
1.744
1.951
1.654
1.419
1.884
2.036
1.486
1.802
2.232
2.572
2.628
2.316
2.096
1.612
2.058
2.281
2.017
1.777
2.274
2.437
2.223
1.948
1.877
1.758
2.133
2.427
2.632
2.218
1.936
2.308
2.456
1.930
2.277
1.706
1.990
2.399
2.505
2.936
3.073
2.960
2.567
2.526
2.078
2.263
1.909
2.092
2.122
1.819
1.635
1.688
1.376
1.289
1.379
1.053
1.386
1.381
1.642
1.759
1.963
2.285
2.163
2.036
1.770
1.693
1.845
1.565
1.575
1.187
1.371
0.978
1.236
0.978
1.317
0.809
1.526
1.339
1.632
1.978
2.074
1.741
1.569
1.049
1.115
0.686
0.977
0.381
0.925
0.916
1.211
1.461
1.638
1.960
2.208
2.547
2.819
3.163
3.318
3.730
3.631
3.298
2.992
2.714
2.376
2.317
1.979
1.623
1.359
1.004
0.912
0.576
0.745
0.342
0.907
0.657
1.272
1.405
1.765
2.082
2.174
2.503
2.446
2.674
2.725
2.858
2.560
2.331
2.601
2.564
2.084
2.255
2.499
2.238
1.750
2.214
2.368
1.803
1.756
2.310
2.460
2.651
2.406
2.230
1.802
2.028
2.211
1.986
1.581
1.961
2.137
1.773
1.899
1.999
2.118
2.479
3.334
3.156
2.682
2.684
2.893
3.029
2.423
2.733
2.285
2.590
2.876
3.063
3.394
3.582
3.562
3.233
3.189
2.817
2.975
2.623
2.880
2.918
2.659
2.467
2.431
2.149
1.991
2.098
1.831
2.187
2.227
2.279
2.590
2.815
3.159
3.050
2.985
2.657
2.669
2.819
2.527
2.448
2.011
2.071
1.774
1.873
1.656
1.820
1.154
1.728
1.377
1.588
1.886
1.845
1.498
1.517
0.929
1.262
1.261
1.335
1.184
1.648
1.818
2.056
2.329
2.456
2.752
2.966
3.299
3.570
3.905
4.061
4.491
4.450
4.099
3.829
3.505
3.206
3.044
2.724
2.429
2.097
1.797
1.682
1.353
1.284
0.940
1.042
0.779
1.130
1.051
1.495
1.724
2.015
2.262
2.162
2.459
2.575
2.534
2.197
2.170
2.355
2.109
1.735
2.035
2.116
1.793
1.581
1.968
1.986
1.395
1.638
2.110
2.401
2.394
2.088
1.856
1.382
1.817
2.036
1.770
1.536
2.029
2.133
1.868
1.675
1.618
1.523
1.908
2.213
2.404
1.985
1.739
2.098
2.259
1.759
2.230
1.748
2.153
2.496
2.718
3.061
3.166
3.142
2.747
2.632
2.183
2.233
1.875
1.931
1.947
1.684
1.540
1.500
1.251
1.122
1.185
0.894
1.191
1.274
1.427
1.650
1.950
2.308
2.305
2.207
1.917
2.003
2.079
1.742
1.644
1.151
1.192
0.794
1.015
0.755
0.999
0.347
0.948
0.789
1.053
1.392
1.538
1.203
1.115
0.644
0.885
0.439
0.758
0.266
0.999
1.034
1.505
1.798
2.068
2.319
2.639
2.987
3.283
3.625
3.811
4.186
4.001
3.718
3.372
3.152
2.811
2.849
2.487
2.159
1.868
1.498
1.356
1.020
0.859
0.541
0.750
0.473
1.065
1.041
1.376
1.648
1.646
2.018
2.046
2.321
2.377
2.578
2.283
2.000
2.355
2.350
1.869
2.019
2.293
2.133
1.534
2.123
2.347
1.782
1.803
2.384
2.653
2.829
2.582
2.440
1.954
2.232
2.448
2.306
1.827
2.298
2.509
2.248
2.244
2.314
2.317
2.728
3.432
3.197
2.845
2.590
2.935
3.072
2.458
2.732
2.247
2.464
2.806
2.925
3.314
3.502
3.416
3.077
3.070
2.685
2.907
2.561
2.720
2.771
2.450
2.266
2.342
2.018
1.910
2.028
1.715
2.048
2.009
2.275
2.353
2.628
2.962
2.856
2.699
2.368
2.315
2.420
2.263
2.261
1.752
1.977
1.610
1.878
1.603
1.906
1.212
1.864
1.619
1.869
2.167
2.298
1.998
1.936
1.265
1.547
1.255
1.401
0.999
1.542
1.556
1.838
2.058
2.119
2.426
2.628
2.938
3.171
3.506
3.609
4.056
4.050
3.680
3.420
3.087
2.774
2.590
2.281
1.955
1.729
1.436
1.460
1.120
1.188
0.921
1.156
1.032
1.461
1.504
1.938
2.199
2.483
2.739
2.608
2.870
2.946
2.910
2.583
2.509
2.663
2.450
2.083
2.311
2.397
2.069
1.810
2.182
2.210
1.607
1.718
2.246
2.476
2.452
2.124
1.856
1.516
1.827
1.952
1.645
1.449
1.836
1.897
1.631
1.457
1.419
1.498
1.814
2.135
2.323
1.902
1.891
2.253
2.472
2.016
2.509
2.069
2.515
2.803
3.084
3.367
3.485
3.510
3.138
3.012
2.594
2.604
2.206
2.245
2.188
2.031
1.766
1.466
1.342
1.086
1.111
1.001
1.330
1.603
1.610
2.083
2.392
2.756
2.774
2.723
2.418
2.531
2.587
2.242
2.109
1.664
1.556
1.182
1.072
0.702
0.792
0.122
0.635
0.349
0.556
0.847
1.011
0.813
0.868
0.437
0.727
0.443
0.898
0.790
1.388
1.559
1.957
2.271
2.550
2.796
3.110
3.464
3.771
4.112
4.314
4.690
4.504
4.226
3.861
3.661
3.327
3.341
2.988
2.663
2.359
2.018
1.802
1.485
1.216
0.925
0.795
0.289
0.868
0.815
1.124
1.295
1.246
1.623
1.754
2.061
2.132
2.341
2.054
1.758
2.125
2.162
1.672
1.896
2.201
2.073
1.506
2.116
2.350
1.836
1.929
2.489
2.799
2.997
2.712
2.613
2.130
2.425
2.671
2.580
2.087
2.605
2.833
2.651
2.507
2.470
2.397
2.771
3.218
2.953
2.619
2.315
2.652
2.776
2.241
2.632
2.085
2.349
2.746
2.800
3.241
3.417
3.270
2.914
2.920
2.466
2.614
2.256
2.407
2.469
2.139
1.990
2.124
1.796
1.734
1.830
1.494
1.775
1.703
1.964
2.028
2.297
2.628
2.495
2.318
1.942
1.877
1.992
1.928
1.930
1.425
1.674
1.322
1.620
1.416
1.748
1.152
1.872
1.638
1.921
2.247
2.343
2.034
1.894
1.294
1.429
1.061
1.222
0.716
1.318
1.220
1.607
1.763
1.800
2.119
2.319
2.605
2.804
3.138
3.192
3.640
3.637
3.260
2.986
2.673
2.335
2.187
1.900
1.496
1.344
1.137
1.228
0.966
1.091
0.676
1.120
0.935
1.510
1.610
2.023
2.335
2.487
2.794
2.724
2.972
3.051
3.113
2.798
2.635
2.872
2.750
2.300
2.520
2.669
2.354
1.951
2.416
2.443
1.865
1.859
2.401
2.549
2.642
2.319
2.068
1.720
1.989
2.082
1.766
1.542
1.877
1.869
1.486
1.571
1.601
1.759
2.031
2.413
2.514
2.118
2.282
2.583
2.815
2.322
2.774
2.385
2.855
3.089
3.418
3.641
3.767
3.838
3.490
3.355
2.968
2.962
2.556
2.659
2.597
2.482
2.211
1.860
1.811
1.529
1.516
1.475
1.753
2.034
1.971
2.527
2.800
3.165
3.195
3.190
2.900
3.015
3.047
2.697
2.534
2.131
1.950
1.581
1.446
1.098
0.995
0.489
0.515
0.210
0.351
0.664
0.789
0.582
0.695
0.216
0.841
0.782
1.190
1.266
1.786
2.043
2.386
2.710
2.935
3.229
3.469
3.821
4.121
4.458
4.655
5.061
4.949
4.636
4.298
4.052
3.745
3.650
3.334
3.006
2.675
2.324
2.134
1.745
1.604
1.255
1.055
0.545
0.838
0.574
0.915
1.058
1.008
1.376
1.517
1.823
2.001
2.164
1.866
1.616
2.041
2.038
1.533
1.897
2.153
1.997
1.574
2.159
2.381
1.799
2.078
2.543
2.866
2.931
2.621
2.439
1.928
2.364
2.607
2.396
2.076
2.600
2.790
2.612
2.348
2.298
2.170
2.554
2.972
2.670
2.359
1.990
2.331
2.442
1.912
2.297
1.739
2.063
2.465
2.591
3.010
3.127
3.033
2.634
2.573
2.116
2.261
1.904
2.049
2.105
1.759
1.601
1.796
1.489
1.456
1.583
1.208
1.466
1.314
1.612
1.634
1.940
2.267
2.107
1.864
1.564
1.459
1.631
1.583
1.577
1.026
1.341
1.013
1.338
1.236
1.584
1.128
1.885
1.663
1.971
2.319
2.367
2.050
1.838
1.305
1.288
0.877
0.954
0.455
0.979
0.855
1.288
1.516
1.580
1.898
2.100
2.376
2.558
2.890
2.922
3.346
3.302
2.937
2.623
2.356
1.999
1.940
1.652
1.217
1.112
0.909
1.028
0.695
0.794
0.408
0.903
0.881
1.397
1.601
1.968
2.302
2.468
2.758
2.644
2.849
2.893
2.971
2.672
2.490
2.692
2.599
2.163
2.318
2.522
2.290
1.753
2.257
2.444
1.880
1.828
2.401
2.569
2.776
2.541
2.318
1.935
2.148
2.238
1.938
1.670
1.970
2.006
1.563
1.815
1.911
2.090
2.331
2.773
2.803
2.388
2.690
2.926
3.092
2.510
2.839
2.433
2.795
3.030
3.289
3.553
3.732
3.769
3.452
3.380
3.025
3.131
2.754
3.005
3.008
2.874
2.670
2.286
2.303
2.007
1.956
1.973
2.200
2.484
2.336
2.832
3.011
3.364
3.299
3.345
3.120
3.081
3.127
2.806
2.678
2.280
2.189
1.881
1.850
1.487
1.374
1.001
0.925
0.569
0.438
0.679
0.636
0.416
0.839
0.588
1.119
1.240
1.440
1.510
1.857
2.157
2.344
2.667
2.902
3.177
3.409
3.762
4.076
4.406
4.632
5.026
4.904
4.605
4.255
4.026
3.744
3.639
3.335
3.041
2.629
2.324
2.099
1.692
1.522
1.149
1.099
0.758
0.972
0.541
0.875
0.936
1.046
1.169
1.431
1.751
2.016
2.072
1.737
1.619
2.000
1.938
1.432
1.868
2.041
1.732
1.529
1.960
2.071
1.508
1.827
2.259
2.590
2.638
2.316
2.161
1.634
2.104
2.354
2.164
1.866
2.400
2.595
2.452
2.157
2.099
1.913
2.308
2.827
2.494
2.191
1.790
2.088
2.171
1.675
2.036
1.456
1.774
2.194
2.249
2.731
2.728
2.638
2.217
2.168
1.695
1.824
1.544
1.698
1.801
1.415
1.344
1.679
1.477
1.488
1.560
1.119
1.286
1.049
1.266
1.167
1.424
1.703
1.519
1.295
0.981
0.974
1.147
0.968
1.100
0.607
1.085
0.819
1.185
1.227
1.583
1.306
2.005
1.858
2.177
2.535
2.542
2.217
1.963
1.474
1.349
0.928
0.873
0.460
0.699
0.447
0.952
1.044
1.191
1.480
1.749
2.009
2.266
2.601
2.699
3.084
2.931
2.606
2.263
2.054
1.695
1.759
1.424
0.996
0.910
0.540
0.679
0.330
0.611
0.360
0.875
1.052
1.466
1.753
2.077
2.423
2.612
2.878
2.719
2.881
2.886
2.970
2.689
2.473
2.648
2.575
2.173
2.264
2.461
2.227
1.702
2.162
2.320
1.786
1.679
2.223
2.313
2.533
2.311
2.145
1.741
1.912
2.091
1.857
1.461
1.804
1.974
1.593
1.798
1.934
2.082
2.369
2.799
2.795
2.328
2.601
2.769
2.940
2.388
2.720
2.364
2.766
2.954
3.232
3.461
3.640
3.714
3.421
3.328
2.981
3.058
2.666
2.920
2.896
2.824
2.631
2.345
2.377
2.142
2.022
2.004
2.173
2.397
2.205
2.792
2.986
3.340
3.309
3.403
3.196
3.189
3.185
2.858
2.689
2.282
2.108
1.803
1.719
1.453
1.441
1.066
1.289
0.872
0.871
1.128
0.892
0.679
0.925
0.628
1.021
1.171
1.353
1.569
1.870
2.199
2.375
2.740
2.990
3.245
3.471
3.825
4.151
4.474
4.728
5.107
4.964
4.685
4.301
4.116
3.853
3.752
3.455
3.189
2.723
2.455
2.182
1.789
1.531
1.203
1.042
0.689
0.749
0.463
0.822
0.930
1.223
1.295
1.431
1.758
1.949
1.901
1.564
1.534
1.795
1.629
1.204
1.567
1.780
1.462
1.325
1.752
1.858
1.340
1.711
2.086
2.429
2.466
2.122
2.002
1.476
1.976
2.249
2.080
1.821
2.360
2.561
2.452
2.124
2.045
1.783
2.179
2.560
2.188
2.052
1.429
1.935
2.002
1.752
2.113
1.535
1.845
2.296
2.278
2.773
2.705
2.633
2.213
2.140
1.684
1.763
1.520
1.459
1.450
1.076
0.797
1.130
0.932
0.900
1.235
0.853
1.078
0.622
1.137
0.897
1.338
1.590
1.369
1.140
0.680
0.864
1.018
0.911
1.075
0.426
1.065
0.778
1.171
1.235
1.571
1.477
2.038
2.090
2.342
2.676
2.794
2.399
2.196
1.786
1.666
1.243
1.313
0.871
1.066
0.500
1.051
1.034
1.215
1.452
1.736
1.936
2.206
2.529
2.620
2.978
2.806
2.463
2.138
1.960
1.602
1.774
1.408
1.080
0.967
0.554
0.998
0.498
1.195
1.115
1.535
1.511
1.952
2.228
2.453
2.775
2.769
3.110
3.022
3.141
3.058
3.327
3.090
2.798
3.019
3.076
2.646
2.608
2.928
2.857
2.203
2.720
2.944
2.519
2.259
2.796
2.755
3.087
2.975
2.867
2.501
2.523
2.718
2.517
2.078
2.376
2.531
2.127
2.537
2.716
2.910
3.107
3.609
3.515
3.072
3.466
3.559
3.701
3.159
3.389
3.095
3.364
3.532
3.712
3.976
4.200
4.244
3.997
3.976
3.697
3.832
3.460
3.784
3.765
3.730
3.551
3.244
3.324
3.079
2.943
2.955
3.085
3.308
3.064
3.659
3.823
4.151
4.029
4.149
3.957
3.846
3.860
3.594
3.390
3.101
2.943
2.693
2.576
2.359
2.264
2.012
2.051
1.677
1.571
1.850
1.540
1.315
1.689
1.557
1.924
2.122
2.227
2.477
2.671
2.939
2.977
3.344
3.524
3.761
3.947
4.278
4.582
4.886
5.129
5.523
5.461
5.156
4.830
4.584
4.368
4.155
3.859
3.681
3.160
2.972
2.671
2.367
2.156
1.931
1.906
1.529
1.543
1.299
1.482
1.280
1.712
1.753
1.765
2.022
2.291
2.111
1.826
1.973
2.139
1.734
1.590
1.971
2.057
1.687
1.839
2.148
2.145
1.681
2.136
2.419
2.716
2.540
2.263
1.978
1.628
2.189
2.395
2.121
2.126
2.564
2.690
2.509
2.156
1.961
1.690
1.944
2.060
1.752
1.474
1.086
1.469
1.614
1.142
1.634
1.184
1.635
1.952
2.200
2.512
2.570
2.585
2.194
2.045
1.607
1.602
1.235
1.266
1.240
0.884
0.607
0.725
0.419
0.478
0.620
0.293
0.603
0.417
0.811
0.816
1.255
1.563
1.471
1.344
0.905
1.242
1.327
1.035
1.022
0.276
0.546
0.152
0.444
0.408
0.767
0.669
1.228
1.302
1.575
1.923
1.971
1.574
1.362
0.952
0.825
0.457
0.428
0.276
0.559
0.469
1.120
1.291
1.559
1.703
2.084
2.287
2.618
2.936
3.081
3.401
3.149
2.849
2.516
2.389
2.049
2.260
1.874
1.609
1.402
0.869
1.099
0.799
0.638
0.593
0.718
0.825
1.103
1.412
1.607
1.949
1.935
2.272
2.182
2.294
2.261
2.442
2.198
1.939
2.136
2.171
1.745
1.720
2.030
1.967
1.300
1.845
2.097
1.733
1.532
2.124
2.309
2.599
2.475
2.435
1.965
2.097
2.334
2.303
1.778
2.180
2.423
2.257
2.369
2.525
2.502
2.939
3.306
3.248
2.771
2.934
2.962
3.039
2.435
2.594
2.240
2.464
2.649
2.817
3.103
3.325
3.348
3.094
3.082
2.808
3.001
2.683
3.057
3.139
3.039
3.011
2.899
2.908
2.770
2.608
2.471
2.515
2.706
2.475
2.895
2.975
3.289
3.147
3.302
3.138
3.013
2.989
2.745
2.502
2.270
2.212
2.053
2.119
2.023
2.149
1.776
2.222
1.822
1.916
2.225
1.976
1.673
1.755
1.470
1.545
1.697
1.579
1.799
1.852
2.096
2.086
2.470
2.658
2.879
3.065
3.399
3.714
4.017
4.283
4.662
4.574
4.284
3.934
3.721
3.516
3.316
3.026
2.868
2.310
2.157
1.805
1.533
1.284
1.146
1.226
1.077
1.280
1.322
1.593
1.664
2.095
2.231
2.075
2.298
2.348
2.207
1.903
1.916
1.984
1.689
1.479
1.685
1.654
1.311
1.329
1.552
1.466
0.916
1.266
1.634
1.928
1.851
1.545
1.323
0.835
1.364
1.589
1.357
1.236
1.715
1.877
1.731
1.391
1.266
1.037
1.406
1.990
1.747
1.414
1.195
1.597
1.785
1.354
1.839
1.355
1.779
2.133
2.336
2.689
2.735
2.730
2.327
2.195
1.737
1.764
1.408
1.444
1.459
1.189
0.828
0.922
0.572
0.328
0.643
0.435
0.669
0.791
0.922
1.145
1.455
1.810
1.825
1.737
1.239
1.603
1.633
1.286
1.169
0.672
0.734
0.351
0.454
0.248
0.609
0.503
1.089
1.120
1.390
1.740
1.811
1.421
1.172
0.758
0.641
0.341
0.513
0.216
0.677
0.619
1.151
1.419
1.722
1.894
2.274
2.564
2.892
3.222
3.416
3.749
3.501
3.244
2.874
2.724
2.390
2.526
2.141
1.868
1.578
1.110
1.084
0.811
0.690
0.524
0.711
0.703
0.985
1.242
1.423
1.741
1.774
2.082
1.982
2.125
2.085
2.340
2.089
1.780
2.049
2.126
1.673
1.694
2.044
2.016
1.333
1.936
2.202
1.841
1.700
2.297
2.469
2.751
2.608
2.536
2.065
2.217
2.443
2.365
1.859
2.255
2.483
2.253
2.397
2.545
2.569
2.974
3.354
3.328
2.836
3.007
3.079
3.157
2.542
2.694
2.300
2.472
2.708
2.821
3.160
3.387
3.358
3.090
3.103
2.808
3.045
2.744
3.115
3.218
3.067
3.059
2.912
2.901
2.738
2.604
2.488
2.568
2.762
2.558
2.923
2.955
3.280
3.106
3.217
3.042
2.883
2.905
2.675
2.470
2.264
2.286
2.118
2.171
2.023
2.129
1.686
2.114
1.706
1.846
2.144
1.955
1.629
1.695
1.350
1.544
1.703
1.632
1.810
1.832
2.055
2.032
2.369
2.515
2.747
2.925
3.250
3.547
3.851
4.088
4.485
4.440
4.123
3.825
3.551
3.344
3.113
2.822
2.672
2.128
1.974
1.664
1.417
1.289
1.165
1.290
1.082
1.296
1.235
1.544
1.646
2.058
2.244
2.055
2.320
2.406
2.273
1.957
1.996
2.098
1.804
1.551
1.819
1.823
1.495
1.463
1.735
1.682
1.128
1.376
1.792
2.047
1.942
1.632
1.370
0.961
1.407
1.595
1.270
1.197
1.630
1.758
1.549
1.227
1.113
0.972
1.324
2.703
2.488
2.250
1.917
2.457
2.641
2.179
2.616
2.094
2.450
2.831
2.992
3.386
3.496
3.428
3.028
2.945
2.485
2.584
2.224
2.232
2.161
1.890
1.451
1.440
1.061
0.844
1.130
0.922
1.400
1.421
1.840
1.822
2.250
2.583
2.474
2.295
1.699
2.010
2.178
1.937
1.923
1.285
1.579
1.185
1.392
1.058
1.292
0.842
1.261
1.246
1.441
1.742
1.940
1.627
1.584
1.152
1.300
0.903
1.174
0.590
1.330
1.204
1.702
1.961
2.158
2.473
2.739
3.040
3.270
3.607
3.684
4.081
3.959
3.612
3.284
3.062
2.699
2.749
2.396
1.983
1.845
1.564
1.474
1.129
1.137
0.774
1.115
0.795
1.423
1.503
1.884
2.143
2.052
2.465
2.528
2.790
2.801
3.025
2.715
2.469
2.779
2.715
2.238
2.444
2.677
2.481
1.916
2.474
2.686
2.102
2.115
2.694
2.925
3.109
2.854
2.692
2.224
2.497
2.696
2.509
2.067
2.503
2.693
2.358
2.417
2.489
2.538
2.932
3.284
3.377
2.896
2.938
3.169
3.322
2.727
3.063
2.615
2.937
3.223
3.437
3.751
3.932
3.921
3.585
3.533
3.150
3.293
2.932
3.156
3.180
2.983
2.869
2.683
2.542
2.343
2.336
2.172
2.426
2.611
2.542
2.915
3.114
3.464
3.374
3.355
3.108
3.044
3.143
2.836
2.755
2.376
2.362
2.034
2.111
1.855
1.959
1.281
1.749
1.389
1.484
1.770
1.779
1.436
1.607
0.972
1.466
1.435
1.628
1.553
1.962
2.192
2.383
2.684
2.880
3.174
3.402
3.748
4.039
4.362
4.512
4.952
4.897
4.568
4.277
3.979
3.683
3.511
3.191
2.923
2.581
2.248
2.084
1.693
1.615
1.274
1.321
0.938
1.343
1.145
1.594
1.779
2.040
2.273
2.251
2.581
2.737
2.696
2.357
2.319
2.562
2.344
1.939
2.264
2.414
2.115
1.862
2.295
2.376
1.785
2.048
2.521
2.829
2.850
2.550
2.324
1.836
2.276
2.502
2.179
1.980
2.481
2.535
2.247
2.037
1.885
1.855
2.069
3.223
3.001
2.668
2.411
2.818
2.971
2.472
2.915
2.407
2.759
3.133
3.302
3.689
3.810
3.741
3.344
3.262
2.805
2.900
2.539
2.601
2.617
2.307
1.944
2.006
1.631
1.405
1.715
1.465
1.881
1.849
2.145
2.240
2.576
2.918
2.843
2.641
2.074
2.341
2.521
2.268
2.243
1.660
1.887
1.494
1.713
1.388
1.685
1.005
1.602
1.420
1.654
1.955
2.121
1.851
1.771
1.146
1.459
1.122
1.439
0.893
1.636
1.530
2.015
2.262
2.411
2.740
2.981
3.288
3.509
3.849
3.917
4.339
4.263
3.908
3.587
3.330
2.971
2.949
2.610
2.190
2.060
1.767
1.755
1.417
1.429
1.051
1.351
0.923
1.559
1.538
1.955
2.232
2.293
2.647
2.658
2.944
3.043
3.150
2.831
2.620
2.925
2.861
2.374
2.628
2.855
2.651
2.112
2.676
2.878
2.280
2.349
2.915
3.179
3.333
3.053
2.875
2.410
2.704
2.910
2.710
2.285
2.734
2.895
2.505
2.579
2.621
2.667
3.054
3.395
3.529
3.057
3.027
3.302
3.462
2.873
3.233
2.762
3.076
3.394
3.596
3.930
4.103
4.068
3.715
3.664
3.258
3.405
3.050
3.232
3.259
3.023
2.886
2.741
2.539
2.333
2.391
2.187
2.497
2.619
2.655
2.951
3.181
3.529
3.438
3.364
3.097
3.036
3.169
2.870
2.816
2.413
2.445
2.092
2.217
1.923
2.030
1.325
1.640
1.273
1.343
1.604
1.717
1.436
1.724
1.061
1.632
1.529
1.757
1.557
2.059
2.197
2.452
2.739
2.917
3.224
3.454
3.794
4.070
4.407
4.563
4.991
4.929
4.586
4.306
3.993
3.680
3.550
3.236
2.888
2.611
2.260
2.137
1.773
1.722
1.399
1.495
1.068
1.557
1.332
1.770
1.910
2.067
2.284
2.409
2.736
2.980
2.967
2.630
2.535
2.831
2.639
2.215
2.539
2.703
2.416
2.106
2.566
2.659
2.057
2.284
2.780
3.077
3.106
2.798
2.569
2.102
2.510
2.725
2.448
2.177
2.657
2.799
2.562
2.336
2.271
2.227
2.562
3.518
3.317
2.965
2.748
3.136
3.293
2.769
3.193
2.691
3.019
3.390
3.553
3.941
4.077
4.004
3.614
3.548
3.097
3.216
2.851
2.940
2.962
2.654
2.399
2.414
2.081
1.919
2.088
1.798
2.214
2.204
2.463
2.585
2.901
3.242
3.169
2.994
2.541
2.687
2.861
2.571
2.555
1.998
2.210
1.820
2.019
1.685
1.928
1.213
1.738
1.516
1.729
1.992
2.159
1.921
1.920
1.235
1.670
1.400
1.697
1.217
1.916
1.843
2.277
2.534
2.703
3.031
3.272
3.588
3.812
4.152
4.218
4.652
4.612
4.248
3.933
3.664
3.308
3.226
2.912
2.500
2.349
2.035
1.992
1.654
1.665
1.275
1.565
1.130
1.722
1.623
2.066
2.316
2.397
2.737
2.771
3.087
3.226
3.286
2.957
2.777
3.086
2.987
2.510
2.810
3.012
2.773
2.295
2.836
3.000
2.389
2.521
3.059
3.335
3.452
3.145
2.941
2.495
2.810
3.014
2.758
2.402
2.841
2.926
2.571
2.558
2.547
2.641
2.956
3.267
3.460
3.039
2.979
3.322
3.493
2.928
3.328
2.842
3.172
3.513
3.706
4.060
4.217
4.170
3.798
3.736
3.306
3.434
3.072
3.201
3.221
2.955
2.723
2.558
2.303
2.062
2.208
2.011
2.417
2.525
2.656
2.896
3.166
3.515
3.443
3.314
3.009
2.992
3.149
2.851
2.812
2.326
2.437
2.058
2.178
1.820
1.901
1.222
1.504
1.195
1.364
1.592
1.771
1.581
1.761
1.104
1.695
1.498
1.816
1.486
2.098
2.144
2.492
2.768
2.945
3.264
3.503
3.839
4.103
4.445
4.577
5.008
4.942
4.595
4.299
4.006
3.669
3.566
3.244
2.866
2.650
2.284
2.188
1.859
1.801
1.453
1.603
1.129
1.683
1.470
1.900
2.076
2.107
2.418
2.562
2.885
3.087
3.157
2.825
2.652
2.997
2.862
2.406
2.730
2.931
2.662
2.273
2.780
2.911
2.303
2.502
3.015
3.309
3.373
3.065
2.846
2.386
2.759
2.972
2.708
2.394
2.867
3.011
2.732
2.579
2.536
2.526
2.863
3.640
3.475
3.087
2.955
3.321
3.494
2.949
3.363
2.876
3.216
3.564
3.746
4.108
4.261
4.208
3.831
3.764
3.328
3.443
3.081
3.180
3.191
2.914
2.668
2.590
2.303
2.108
2.251
2.006
2.410
2.476
2.648
2.866
3.160
3.508
3.442
3.294
2.901
2.988
3.150
2.849
2.813
2.290
2.431
2.042
2.180
1.834
2.000
1.277
1.708
1.422
1.604
1.855
2.015
1.769
1.888
1.181
1.729
1.518
1.841
1.460
2.121
2.126
2.517
2.789
2.971
3.294
3.536
3.869
4.128
4.471
4.557
5.003
4.916
4.581
4.255
3.994
3.642
3.556
3.256
2.848
2.666
2.303
2.217
1.888
1.842
1.481
1.659
1.163
1.737
1.550
1.999
2.213
2.307
2.629
2.689
3.018
3.207
3.234
2.900
2.745
3.064
2.928
2.481
2.803
2.987
2.713
2.337
2.833
2.944
2.334
2.530
3.045
3.333
3.384
3.071
2.837
2.395
2.767
2.971
2.675
2.402
2.858
2.963
2.683
2.522
2.469
2.471
2.800
3.093
3.317
2.918
2.705
3.119
3.285
2.785
3.224
2.724
3.064
3.433
3.606
3.990
4.121
4.057
3.662
3.586
3.131
3.236
2.872
2.923
2.927
2.626
2.330
2.331
1.989
1.812
1.997
1.718
2.152
2.170
2.444
2.571
2.914
3.256
3.199
3.015
2.596
2.712
2.886
2.597
2.578
2.001
2.217
1.816
1.977
1.625
1.847
1.162
1.611
1.398
1.619
1.806
2.019
1.882
1.874
1.231
1.670
1.384
1.719
1.229
1.949
1.868
2.326
2.583
2.762
3.089
3.338
3.668
3.920
4.264
4.375
4.800
4.716
4.373
4.056
3.783
3.432
3.378
3.040
2.640
2.452
2.123
2.054
1.714
1.719
1.334
1.593
1.139
1.739
1.633
2.061
2.302
2.323
2.691
2.756
3.074
3.184
3.299
2.973
2.765
3.098
3.018
2.534
2.836
3.045
2.827
2.331
2.886
3.052
2.440
2.586
3.120
3.397
3.488
3.177
2.962
2.529
2.852
3.053
2.797
2.450
2.898
3.030
2.705
2.641
2.625
2.666
3.000
3.841
3.705
3.301
3.217
3.590
3.773
3.231
3.649
3.171
3.519
3.848
4.040
4.380
4.552
4.509
4.141
4.072
3.639
3.746
3.385
3.470
3.468
3.204
2.934
2.813
2.537
2.317
2.472
2.252
2.661
2.766
2.917
3.168
3.470
3.820
3.760
3.612
3.195
3.308
3.471
3.168
3.127
2.599
2.724
2.332
2.429
2.070
2.176
1.479
1.786
1.464
1.606
1.839
2.007
1.791
2.014
1.330
1.948
1.753
2.104
1.764
2.426
2.443
2.835
3.109
3.290
3.613
3.861
4.194
4.450
4.794
4.906
5.328
5.236
4.900
4.575
4.312
3.959
3.907
3.574
3.177
2.983
2.629
2.540
2.202
2.144
1.794
1.912
1.385
1.935
1.670
2.112
2.265
2.355
2.632
2.766
3.094
3.329
3.299
2.961
2.877
3.179
2.998
2.578
2.916
3.086
2.779
2.520
2.973
3.051
2.460
2.707
3.191
3.491
3.494
3.186
2.946
2.479
2.911
3.122
2.821
2.592
3.062
3.173
2.913
2.695
2.610
2.556
2.877
3.146
3.382
3.004
2.687
3.140
3.284
2.827
3.280
2.744
3.101
3.497
3.635
4.050
4.137
4.070
3.660
3.581
3.109
3.190
2.844
2.863
2.864
2.534
2.196
2.296
1.926
1.685
2.019
1.717
2.165
2.063
2.459
2.443
2.830
3.155
3.046
2.854
2.361
2.559
2.732
2.497
2.511
1.862
2.205
1.814
2.051
1.723
2.017
1.386
1.822
1.667
1.887
2.108
2.332
2.165
2.146
1.545
1.875
1.514
1.841
1.234
1.995
1.774
2.314
2.536
2.696
3.026
3.275
3.590
3.820
4.162
4.238
4.662
4.579
4.234
3.906
3.646
3.287
3.268
2.924
2.506
2.367
2.087
2.068
1.702
1.816
1.428
1.781
1.353
1.993
1.948
2.359
2.620
2.597
3.000
3.055
3.348
3.423
3.574
3.259
3.026
3.349
3.302
2.811
3.057
3.299
3.103
2.556
3.125
3.323
2.715
2.788
3.355
3.595
3.732
3.418
3.195
2.774
3.087
3.273
3.008
2.664
3.083
3.188
2.829
2.827
2.819
2.902
3.216
3.716
3.659
3.167
3.264
3.613
3.817
3.272
3.671
3.251
3.645
3.908
4.175
4.447
4.608
4.632
4.292
4.205
3.791
3.867
3.488
3.573
3.545
3.322
3.044
2.816
2.591
2.332
2.472
2.307
2.701
2.902
2.969
3.319
3.621
3.978
3.943
3.826
3.402
3.552
3.687
3.368
3.296
2.783
2.833
2.442
2.455
2.088
2.068
1.458
1.562
1.168
1.155
1.382
1.490
1.265
1.683
1.142
1.843
1.759
2.125
1.920
2.566
2.643
3.033
3.325
3.532
3.849
4.104
4.444
4.715
5.059
5.192
5.605
5.487
5.166
4.833
4.582
4.230
4.193
3.856
3.469
3.249
2.887
2.762
2.418
2.297
1.953
1.891
1.350
1.722
1.360
1.726
1.765
1.899
2.035
2.293
2.609
2.888
2.911
2.570
2.485
2.834
2.718
2.244
2.661
2.885
2.581
2.378
2.856
2.992
2.445
2.763
3.195
3.529
3.572
3.247
3.083
2.561
3.037
3.281
3.055
2.778
3.299
3.477
3.214
2.974
2.860
2.769
3.066
3.303
3.553
3.206
2.780
3.197
3.292
2.815
3.182
2.591
2.881
3.319
3.363
3.841
3.925
3.802
3.395
3.365
2.897
3.047
2.722
2.841
2.866
2.498
2.147
2.379
2.021
1.788
2.159
1.864
2.301
2.030
2.406
2.340
2.676
2.966
2.791
2.552
2.055
2.175
2.368
2.229
2.322
1.736
2.202
1.874
2.205
1.964
2.287
1.730
2.200
2.084
2.301
2.559
2.753
2.541
2.502
1.862
2.133
1.730
1.893
1.312
1.835
1.586
2.035
2.190
2.274
2.603
2.826
3.116
3.311
3.646
3.683
4.126
4.102
3.731
3.433
3.142
2.791
2.704
2.396
1.967
1.880
1.652
1.738
1.377
1.718
1.311
1.827
1.628
2.231
2.228
2.674
2.941
2.984
3.356
3.384
3.674
3.749
3.835
3.517
3.344
3.592
3.470
3.022
3.234
3.428
3.158
2.668
3.164
3.306
2.717
2.713
3.266
3.403
3.573
3.294
3.073
2.685
2.935
3.064
2.771
2.475
2.804
2.875
2.446
2.624
2.675
2.819
3.150
3.807
3.779
3.306
3.445
3.777
4.013
3.503
3.931
3.518
3.936
4.197
4.484
4.742
4.892
4.926
4.578
4.476
4.076
4.119
3.723
3.815
3.759
3.587
3.279
2.959
2.805
2.511
2.621
2.531
2.891
3.167
3.159
3.596
3.912
4.271
4.245
4.113
3.648
3.842
3.985
3.667
3.596
3.061
3.090
2.713
2.627
2.267
2.162
1.634
1.564
1.188
1.162
1.322
1.469
1.365
1.777
1.349
2.030
1.954
2.354
2.212
2.856
2.936
3.346
3.635
3.840
4.159
4.413
4.751
5.017
5.361
5.483
5.898
5.784
5.460
5.126
4.876
4.522
4.487
4.150
3.756
3.549
3.192
3.076
2.737
2.603
2.260
2.164
1.599
1.948
1.566
1.902
1.903
1.925
2.009
2.387
2.724
3.013
3.083
2.714
2.642
3.029
2.957
2.453
2.904
3.142
2.865
2.648
3.150
3.314
2.777
3.084
3.524
3.864
3.890
3.565
3.378
2.875
3.376
3.614
3.361
3.132
3.646
3.811
3.585
3.303
3.199
3.035
3.370
3.605
3.840
3.479
3.006
3.443
3.527
3.106
3.475
2.880
3.158
3.606
3.604
4.112
4.162
4.021
3.614
3.606
3.143
3.268
2.967
3.031
3.063
2.683
2.394
2.664
2.338
2.121
2.527
2.176
2.533
2.224
2.623
2.491
2.871
3.138
2.894
2.632
2.188
2.239
2.395
2.413
2.546
1.910
2.464
2.145
2.478
2.287
2.639
2.087
2.619
2.425
2.643
2.891
3.075
2.851
2.835
2.168
2.488
2.059
2.243
1.621
2.143
1.819
2.277
2.355
2.399
2.711
2.906
3.151
3.265
3.607
3.572
4.021
4.039
3.659
3.381
3.090
2.749
2.636
2.379
1.948
1.938
1.846
1.988
1.566
2.014
1.633
2.162
1.968
2.566
2.540
2.986
3.247
3.327
3.673
3.695
3.996
4.098
4.165
3.843
3.675
3.924
3.786
3.349
3.574
3.737
3.448
2.999
3.471
3.580
2.990
2.981
3.533
3.648
3.799
3.504
3.261
2.908
3.153
3.236
2.924
2.684
2.988
3.002
2.562
2.756
2.789
2.941
3.259
