46
47
48
49
50
51
52
53
54
55
56
57
58
88
89
90
175
176
177
178
179
180
181
182
183
184
185
186
187
216
217
218
219
220
221
306
307
308
309
310
312
313
314
315
316
345
346
347
348
349
350
435
437
443
473
474
475
476
477
564
572
576
602
604
701
703
704
705
727
729
730
731
732
733
816
818
832
833
834
835
836
854
855
856
857
858
859
860
861
862
940
941
942
943
945
963
964
965
966
967
968
981
982
983
984
985
986
987
988
989
1060
1061
1062
1063
1064
1069
1070
1071
1072
1073
1074
1075
1076
1077
1078
1090
1091
1092
1093
1094
1095
1096
1097
1110
1111
1112
1113
1114
1115
1116
1117
1118
1119
1120
1164
1167
1183
1184
1185
1186
1187
1188
1189
1190
1191
1192
1193
1198
1199
1201
1202
1203
1204
1205
1206
1207
1208
1209
1210
1211
1216
1217
1218
1219
1220
1221
1222
1223
1224
1243
1244
1245
1246
1247
1248
1249
1250
1313
1315
1316
1317
1318
1320
1327
1332
1334
1336
1338
1346
1348
1349
1350
1352
1374
1375
1376
1377
1378
1467
1475
1477
1479
1505
1507
1604
1636
1862
1983
1985
1986
1991
