2.903
2.708
2.300
2.250
2.690
2.927
2.538
3.067
2.646
3.134
3.408
3.716
3.977
4.083
4.123
3.738
3.580
3.150
3.124
2.672
2.676
2.601
2.449
2.092
1.792
1.658
1.327
1.415
1.336
1.715
2.010
2.089
2.513
2.856
3.204
3.197
3.084
2.398
2.984
3.052
2.734
2.604
2.044
2.047
1.658
1.527
1.130
1.117
0.414
0.684
0.391
0.585
0.814
1.038
0.805
0.994
0.619
1.134
0.993
1.454
1.595
1.983
2.063
2.563
2.853
3.127
3.389
3.606
3.885
3.600
4.094
3.818
4.225
4.472
4.195
4.108
3.762
3.443
3.339
3.053
3.197
2.919
2.567
2.424
2.107
1.869
1.536
1.400
0.919
1.183
0.943
1.249
1.400
1.351
1.628
1.861
2.159
2.321
2.502
2.213
1.952
2.372
2.391
1.855
2.269
2.541
2.418
2.013
2.585
2.809
2.369
2.548
3.051
3.379
3.555
3.192
3.161
2.703
3.010
3.277
3.186
2.744
3.282
3.510
3.388
3.194
3.206
2.976
3.452
2.825
2.637
2.145
2.272
2.613
2.855
2.411
2.899
2.506
2.993
3.230
3.564
3.793
3.917
3.992
3.620
3.477
3.058
3.059
2.609
2.679
2.621
2.499
2.163
1.847
1.802
1.486
1.492
1.421
1.759
2.039
2.026
2.521
2.826
3.182
3.213
3.089
2.460
2.984
3.017
2.688
2.549
2.037
1.997
1.615
1.478
1.118
1.016
0.279
0.647
0.341
0.513
0.825
0.978
0.634
0.788
0.408
0.915
0.854
1.294
1.523
1.858
2.013
2.445
2.751
3.026
3.303
3.542
3.836
3.558
4.078
3.811
4.195
4.454
4.211
4.119
3.786
3.445
3.302
2.998
3.113
2.819
2.489
2.289
1.962
1.708
1.398
1.192
0.698
0.940
0.695
1.018
1.199
1.228
1.512
1.660
1.969
2.136
2.283
1.988
1.738
2.143
2.147
1.617
2.027
2.295
2.129
1.767
2.337
2.555
2.053
2.311
2.785
3.120
3.215
2.861
2.777
2.304
2.685
2.947
2.804
2.450
2.991
3.201
3.109
2.815
2.785
2.544
2.978
3.157
2.920
2.413
2.520
2.814
3.029
2.492
2.922
2.499
2.940
3.184
3.494
3.744
3.902
3.941
3.587
3.473
3.073
3.126
2.699
2.853
2.825
2.713
2.439
2.179
2.164
1.878
1.821
1.740
2.022
2.269
2.198
2.691
2.940
3.299
3.327
3.189
2.699
2.957
3.076
2.765
2.627
2.146
2.115
1.754
1.692
1.365
1.386
0.614
1.119
0.758
0.897
1.185
1.203
0.816
1.009
0.435
1.074
0.988
1.345
1.574
1.859
2.044
2.417
2.737
2.945
3.234
3.440
3.703
3.338
3.862
3.612
3.996
4.254
4.037
4.006
3.656
3.388
3.203
2.897
2.860
2.646
2.305
2.206
1.832
1.630
1.278
1.119
0.546
0.952
0.608
1.031
1.197
1.412
1.562
1.671
2.007
2.240
2.231
1.892
1.801
2.116
1.989
1.523
1.927
2.161
1.905
1.646
2.153
2.328
1.815
2.121
2.552
2.888
2.919
2.613
2.417
1.964
2.383
2.616
2.392
2.139
2.652
2.829
2.674
2.368
2.301
2.109
2.483
3.422
3.149
2.642
2.742
2.951
3.127
2.546
2.902
2.467
2.841
3.089
3.308
3.633
3.822
3.823
3.492
3.419
3.033
3.151
2.761
2.960
2.993
2.765
2.604
2.488
2.302
2.092
2.125
1.898
2.236
2.392
2.356
2.656
2.919
3.271
3.203
3.031
2.632
2.776
2.889
2.595
2.551
2.008
2.202
1.827
1.914
1.636
1.748
1.058
1.575
1.185
1.355
1.643
1.645
1.249
1.341
0.791
1.246
1.230
1.456
1.409
1.841
1.871
2.251
2.523
2.706
3.001
3.216
3.486
3.147
3.665
3.442
3.835
4.087
3.864
3.830
3.487
3.214
3.001
2.686
2.623
2.405
2.050
1.954
1.594
1.526
1.143
1.119
0.675
1.089
0.893
1.333
1.517
1.810
1.962
1.966
2.300
2.465
2.390
2.049
2.067
2.283
2.035
1.671
2.010
2.165
1.844
1.665
2.093
2.172
1.615
1.936
2.366
2.676
2.613
2.312
2.060
1.667
2.052
2.245
1.940
1.772
2.227
2.359
2.144
1.856
1.774
1.683
2.006
3.503
3.198
2.783
2.554
2.876
3.027
2.475
2.872
2.357
2.673
3.036
3.129
3.545
3.760
3.617
3.271
3.226
2.775
2.933
2.539
2.704
2.759
2.500
2.385
2.354
2.117
1.954
1.992
1.721
2.025
2.116
2.241
2.365
2.625
2.972
2.879
2.700
2.344
2.428
2.556
2.272
2.249
1.694
1.955
1.588
1.821
1.570
1.859
1.193
1.870
1.564
1.808
2.114
2.246
1.820
1.824
1.066
1.463
1.201
1.356
1.109
1.591
1.546
1.944
2.202
2.297
2.599
2.788
3.061
2.635
3.162
2.932
3.293
3.550
3.372
3.380
3.036
2.825
2.606
2.277
2.134
1.912
1.613
1.610
1.310
1.315
0.972
1.218
0.873
1.471
1.471
1.922
2.196
2.435
2.671
2.618
2.920
3.026
3.022
2.690
2.617
2.816
2.621
2.197
2.499
2.625
2.301
2.027
2.433
2.441
1.841
1.990
2.499
2.736
2.683
2.371
2.110
1.761
2.082
2.222
1.897
1.727
2.088
2.131
1.826
1.724
1.649
1.684
1.939
3.374
3.043
2.663
2.364
2.665
2.796
2.248
2.630
2.089
2.392
2.775
2.857
3.309
3.492
3.326
2.961
2.939
2.483
2.654
2.266
2.455
2.533
2.254
2.167
2.230
1.979
1.866
1.891
1.591
1.834
1.865
2.007
2.091
2.338
2.679
2.515
2.290
1.951
1.965
2.129
1.935
1.953
1.382
1.715
1.371
1.652
1.485
1.800
1.262
1.965
1.676
1.948
2.279
2.377
1.950
1.877
1.166
1.413
1.093
1.169
0.836
1.320
1.220
1.618
1.812
1.828
2.121
2.247
2.516
2.166
2.660
2.491
2.848
3.094
2.924
2.918
2.567
2.349
2.137
1.763
1.573
1.391
1.163
1.269
1.000
1.068
0.696
1.056
0.885
1.448
1.566
1.979
2.295
2.527
2.782
2.683
2.938
3.008
3.051
2.738
2.601
2.799
2.627
2.209
2.470
2.572
2.259
1.966
2.345
2.368
1.771
1.834
2.371
2.569
2.567
2.258
2.006
1.669
1.941
2.029
1.733
1.532
1.875
1.897
1.581
1.511
1.508
1.626
1.943
3.133
2.784
2.427
2.049
2.359
2.473
1.934
2.304
1.749
2.062
2.457
2.588
3.005
3.164
3.033
2.646
2.594
2.129
2.281
1.900
2.075
2.164
1.851
1.793
1.935
1.685
1.653
1.691
1.313
1.534
1.451
1.621
1.664
1.928
2.260
2.109
1.896
1.562
1.512
1.711
1.523
1.551
0.955
1.386
1.069
1.388
1.331
1.658
1.267
1.967
1.728
2.021
2.372
2.433
2.015
1.859
1.224
1.303
0.935
0.921
0.481
0.980
0.800
1.270
1.396
1.426
1.674
1.758
2.002
1.606
2.116
1.942
2.331
2.568
2.365
2.369
2.032
1.853
1.590
1.227
1.090
0.976
0.819
1.021
0.630
0.782
0.381
0.861
0.895
1.376
1.601
1.964
2.302
2.538
2.788
2.645
2.857
2.891
2.952
2.658
2.476
2.660
2.546
2.108
2.313
2.496
2.268
1.812
2.238
2.415
1.846
1.823
2.388
2.524
2.622
2.340
2.108
1.776
1.998
2.069
1.756
1.534
1.824
1.839
1.407
1.619
1.712
1.861
2.193
3.357
2.942
2.652
2.148
2.436
2.459
2.077
2.332
1.718
1.914
2.387
2.314
2.850
2.994
2.740
2.343
2.362
1.909
2.073
1.775
1.966
2.081
1.720
1.712
2.019
1.862
1.833
2.036
1.584
1.733
1.336
1.535
1.441
1.615
1.923
1.644
1.386
1.058
1.014
1.197
1.143
1.326
0.808
1.403
1.328
1.720
1.878
2.221
2.058
2.671
2.540
2.835
3.181
3.225
2.810
2.618
2.023
2.009
1.631
1.469
0.916
1.079
0.685
0.988
1.067
1.112
1.346
1.441
1.648
1.212
1.735
1.519
1.891
2.153
1.943
1.943
1.618
1.369
1.180
0.867
0.835
0.722
0.585
0.777
0.321
0.963
0.893
1.425
1.693
2.064
2.356
2.692
3.036
3.297
3.534
3.334
3.502
3.480
3.520
3.251
3.034
3.148
3.034
2.674
2.732
2.874
2.627
2.295
2.576
2.663
2.154
1.990
2.527
2.509
2.695
2.496
2.306
1.980
2.069
2.170
1.895
1.580
1.870
1.957
1.508
1.846
1.989
2.166
2.485
2.772
2.380
2.073
1.602
1.923
1.999
1.532
1.884
1.306
1.654
2.080
2.172
2.616
2.738
2.577
2.162
2.112
1.631
1.766
1.391
1.584
1.660
1.329
1.279
1.483
1.280
1.315
1.384
0.935
1.129
0.914
1.122
1.146
1.389
1.708
1.449
1.220
0.874
0.867
1.034
0.915
1.031
0.434
0.909
0.719
1.086
1.197
1.542
1.433
2.007
1.912
2.214
2.573
2.604
2.200
1.980
1.408
1.364
0.975
0.843
0.257
0.626
0.291
0.863
0.912
1.041
1.256
1.381
1.621
1.355
1.829
1.615
2.054
2.284
1.989
1.917
1.568
1.283
1.095
0.819
0.961
0.763
0.434
0.671
0.250
0.612
0.294
0.855
1.090
1.463
1.771
2.083
2.432
2.669
2.911
2.729
2.897
2.884
2.967
2.696
2.473
2.634
2.548
2.134
2.262
2.454
2.240
1.786
2.167
2.352
1.824
1.722
2.277
2.374
2.556
2.347
2.164
1.794
1.948
2.077
1.813
1.465
1.782
1.923
1.517
1.763
1.909
2.017
2.406
2.037
1.698
1.367
1.056
1.416
1.599
1.168
1.707
1.286
1.772
2.067
2.341
2.628
2.708
2.713
2.300
2.175
1.696
1.707
1.260
1.320
1.306
1.111
0.964
0.945
0.719
0.671
0.628
0.391
0.537
0.679
0.760
0.956
1.313
1.634
1.501
1.327
0.865
1.200
1.288
1.037
1.028
0.299
0.632
0.259
0.331
0.281
0.630
0.701
1.124
1.166
1.434
1.781
1.842
1.441
1.183
0.777
0.666
0.284
0.429
0.360
0.724
0.441
1.114
1.278
1.520
1.683
1.889
2.147
1.884
2.352
2.081
2.511
2.742
2.438
2.345
2.008
1.666
1.591
1.345
1.615
1.373
0.889
1.082
0.729
0.807
0.624
0.687
0.792
1.004
1.261
1.432
1.761
1.826
2.132
2.018
2.141
2.107
2.315
2.085
1.803
2.016
2.064
1.617
1.630
1.965
1.961
1.368
1.853
2.115
1.797
1.642
2.216
2.457
2.701
2.531
2.545
2.058
2.242
2.484
2.488
1.946
2.384
2.636
2.388
2.582
2.723
2.530
3.081
2.763
2.407
2.225
1.661
2.213
2.333
2.055
2.525
2.000
2.363
2.743
2.909
3.301
3.427
3.340
2.935
2.786
2.319
2.292
1.928
1.824
1.785
1.479
1.097
1.264
0.961
0.785
1.168
0.854
1.255
1.051
1.476
1.453
1.870
2.170
1.971
1.826
1.194
1.665
1.815
1.655
1.649
0.934
1.378
1.041
1.299
1.142
1.473
1.063
1.702
1.517
1.790
2.129
2.251
1.833
1.729
1.044
1.274
0.881
1.056
0.642
1.242
1.002
1.611
1.836
1.983
2.238
2.381
2.605
2.179
2.704
2.384
2.750
3.013
2.807
2.728
2.354
2.108
2.066
1.817
1.821
1.657
1.391
1.379
1.016
1.055
0.671
1.007
0.761
1.363
1.489
1.882
2.202
2.394
2.667
2.585
2.830
2.905
2.980
2.675
2.499
2.739
2.630
2.158
2.401
2.610
2.418
1.927
2.408
2.614
2.033
2.071
2.629
2.866
3.001
2.759
2.595
2.130
2.400
2.597
2.413
1.979
2.413
2.603
2.312
2.340
2.419
2.379
2.838
3.340
3.021
2.730
2.324
2.812
2.963
2.452
2.884
2.360
2.700
3.077
3.242
3.635
3.787
3.694
3.294
3.221
2.756
2.881
2.484
2.525
2.514
2.225
1.883
1.938
1.624
1.433
1.699
1.381
1.838
1.786
2.134
2.149
2.515
2.839
2.640
2.433
1.947
2.142
2.300
2.154
2.166
1.493
1.880
1.495
1.740
1.465
1.777
1.144
1.813
1.548
1.788
2.099
2.261
1.855
1.838
1.092
1.483
1.151
1.366
1.032
1.584
1.418
1.945
2.185
2.307
2.548
2.660
2.855
2.352
2.887
2.569
2.931
3.198
3.022
3.034
2.636
2.489
2.347
2.087
2.064
1.957
1.714
1.684
1.336
1.372
0.995
1.288
0.901
1.545
1.566
1.994
2.287
2.457
2.741
2.708
2.988
3.096
3.160
2.841
2.670
2.939
2.826
2.350
2.639
2.840
2.635
2.164
2.657
2.846
2.249
2.330
2.886
3.140
3.253
2.980
2.796
2.346
2.631
2.828
2.622
2.216
2.654
2.831
2.464
2.510
2.558
2.534
2.960
3.673
3.384
2.977
2.749
3.124
3.285
2.759
3.182
2.671
3.003
3.367
3.541
3.923
4.088
4.001
3.609
3.543
3.085
3.224
2.824
2.944
2.980
2.717
2.392
2.449
2.139
1.934
2.114
1.849
2.232
2.276
2.475
2.604
2.896
3.243
3.104
2.879
2.440
2.618
2.766
2.550
2.533
1.926
2.213
1.826
2.021
1.718
1.967
1.219
1.878
1.590
1.792
2.066
2.233
1.855
1.928
1.157
1.667
1.410
1.641
1.379
1.897
1.812
2.264
2.514
2.681
2.959
3.068
3.278
2.744
3.264
2.942
3.294
3.568
3.428
3.462
3.042
2.944
2.799
2.504
2.419
2.327
2.034
1.975
1.635
1.647
1.295
1.521
1.057
1.683
1.607
2.059
2.318
2.494
2.716
2.769
3.084
3.221
3.261
2.930
2.783
3.068
2.935
2.468
2.781
2.987
2.762
2.330
2.823
2.985
2.377
2.511
3.056
3.322
3.390
3.090
2.870
2.466
2.765
2.951
2.680
2.368
2.796
2.923
2.597
2.530
2.525
2.536
2.893
3.817
3.549
3.140
2.941
3.350
3.524
3.015
3.459
2.955
3.309
3.664
3.854
4.225
4.385
4.311
3.917
3.841
3.382
3.500
3.097
3.181
3.198
2.944
2.701
2.621
2.353
2.128
2.243
2.002
2.420
2.540
2.695
2.856
3.169
3.516
3.429
3.217
2.760
2.966
3.103
2.842
2.818
2.192
2.465
2.065
2.207
1.870
2.061
1.264
1.860
1.585
1.762
1.994
2.181
1.863
2.001
1.254
1.843
1.588
1.900
1.661
2.184
2.099
2.577
2.828
2.999
3.279
3.458
3.700
3.215
3.720
3.400
3.742
4.016
3.897
3.939
3.527
3.371
3.202
2.912
2.828
2.676
2.357
2.299
1.956
1.948
1.602
1.760
1.243
1.859
1.703
2.151
2.376
2.500
2.695
2.846
3.177
3.348
3.394
3.060
2.898
3.218
3.107
2.638
2.966
3.186
2.965
2.547
3.057
3.212
2.604
2.777
3.309
3.583
3.592
3.289
3.052
2.660
2.984
3.171
2.872
2.615
3.047
3.152
2.858
2.722
2.682
2.688
3.004
3.835
3.599
3.163
3.043
3.459
3.652
3.150
3.608
3.122
3.509
3.839
4.065
4.405
4.561
4.518
4.130
4.039
3.588
3.679
3.268
3.338
3.331
3.109
2.849
2.681
2.447
2.183
2.292
2.098
2.511
2.722
2.805
3.052
3.370
3.722
3.658
3.463
2.953
3.240
3.365
3.083
3.034
2.419
2.624
2.220
2.287
1.924
2.037
1.206
1.707
1.385
1.441
1.667
1.818
1.553
1.825
1.191
1.855
1.640
2.020
1.881
2.370
2.342
2.814
3.082
3.273
3.556
3.747
3.998
3.590
4.120
3.846
4.211
4.475
4.277
4.260
3.887
3.655
3.492
3.198
3.161
2.966
2.638
2.551
2.208
2.141
1.797
1.830
1.275
1.789
1.478
1.906
2.051
2.197
2.258
2.538
2.865
3.115
3.130
2.791
2.680
3.013
2.882
2.423
2.810
3.037
2.760
2.474
2.974
3.122
2.545
2.811
3.290
3.601
3.633
3.337
3.125
2.688
3.066
3.291
3.048
2.764
3.261
3.431
3.192
2.973
2.918
2.800
3.154
3.727
3.551
3.074
3.105
3.507
3.731
3.257
3.733
3.291
3.733
4.012
4.303
4.579
4.725
4.743
4.363
4.248
3.805
3.858
3.420
3.478
3.439
3.238
2.926
2.670
2.490
2.205
2.293
2.176
2.571
2.846
2.880
3.212
3.551
3.902
3.828
3.649
3.081
3.451
3.568
3.293
3.236
2.603
2.789
2.384
2.330
1.948
1.914
1.110
1.400
1.078
1.170
1.332
1.530
1.383
1.698
1.179
1.836
1.678
2.107
2.098
2.587
2.556
3.061
3.329
3.531
3.808
3.992
4.238
3.815
4.346
4.045
4.408
4.675
4.480
4.462
4.075
3.859
3.720
3.435
3.425
3.230
2.913
2.821
2.474
2.383
2.042
1.955
1.378
1.822
1.482
1.852
1.944
1.966
2.057
2.427
2.750
3.002
3.097
2.776
2.603
2.998
2.942
2.431
2.866
3.119
2.900
2.581
3.121
3.312
2.781
3.043
3.515
3.839
3.927
3.604
3.457
3.001
3.370
3.612
3.383
3.077
3.596
3.772
3.547
3.292
3.216
3.123
3.434
