48
49
50
51
52
53
54
55
56
88
90
306
307
308
309
310
311
312
313
314
315
316
346
347
348
349
447
449
469
471
472
473
564
566
567
570
571
572
573
574
603
604
605
606
607
673
687
689
693
703
704
705
706
707
727
728
729
730
731
732
733
822
830
860
861
862
863
864
929
930
931
945
947
948
949
950
951
953
959
960
961
962
963
964
965
987
988
989
990
991
1088
1092
1118
1120
1186
1187
1188
1189
1190
1205
1206
1207
1208
1209
1210
1211
1212
1213
1215
1216
1217
1218
1219
1220
1221
1246
1247
1248
1249
1250
1251
1338
1348
1350
1374
1375
1376
1377
1378
1445
1446
1447
1465
1466
1467
1468
1469
1470
1471
1472
1473
1474
1475
1476
1477
1478
1479
1505
1506
1507
1508
1509
1510
1511
1512
1592
1606
1607
1608
1609
1610
1629
1630
1631
1632
1633
1634
1635
1636
1724
1725
1726
1727
1728
1729
1730
1731
1732
1733
1734
1735
1763
1764
1765
1766
1767
1768
1769
1770
1771
1843
1844
1845
1846
1848
1866
1867
1868
1869
1870
1871
1875
1877
1883
1884
1885
1886
1887
1888
1889
1890
1891
1892
1984
1985
1986
1987
1988
1989
1990
1991
2023
2024
2025
2026
2027
2028
2029
2092
2094
2101
2102
2104
2105
2106
2107
2108
2122
2123
2124
2125
2126
2127
2128
2143
2144
2145
2146
2147
2148
2149
2150
2151
2152
2241
2242
2243
2244
2245
2246
2247
2248
2249
2250
2251
2279
2280
2281
2282
2283
2284
2285
2286
2287
2296
2344
2345
2347
2348
2350
2351
2352
2353
2354
2359
2362
2363
2364
2365
2366
2367
2368
2380
2381
2382
2383
2384
2385
2404
2405
2406
2407
2408
2409
2410
2507
2539
2541
2583
2599
2600
2601
2602
2603
2604
2605
2606
2607
2608
2609
2610
2611
2612
2613
2617
2620
2621
2622
2623
2624
2625
2626
2627
2628
2636
2637
2638
2639
2640
2641
2642
2643
2662
2663
2664
2665
2666
2667
2668
2797
2826
2861
2862
2863
2864
2865
2866
2867
2868
2869
2880
2881
2882
2883
2884
2885
2886
2887
2888
2889
2892
2893
2894
2895
2896
2897
2898
2900
2923
2924
2925
2926
2927
2928
3092
3093
3094
3095
3121
3122
3123
3124
3140
3141
3142
3143
3144
3145
3146
3147
3151
3152
3153
3154
3155
3156
3182
3183
3184
3185
3186
3311
3313
3379
3380
3382
3400
3402
3410
3412
3414
3440
3442
3660
3668
3672
3698
3700
3797
3829
3926
3958
4047
4055
4087
4305
4345
4575
