2.865
2.967
2.560
2.584
2.994
3.244
2.826
3.295
2.905
3.376
3.619
3.946
4.169
4.305
4.348
4.001
3.868
3.455
3.430
2.990
2.994
2.908
2.724
2.381
2.077
1.860
1.536
1.715
1.622
2.024
2.317
2.407
2.814
3.168
3.517
3.568
3.452
2.724
3.268
3.367
3.040
2.921
2.393
2.363
1.968
1.862
1.471
1.420
0.719
0.860
0.484
0.601
0.823
1.012
0.881
1.142
0.733
1.346
1.275
1.711
1.579
2.283
2.326
2.824
3.114
3.346
3.658
3.853
4.112
3.831
4.356
4.166
4.621
4.843
4.514
4.418
4.086
3.756
3.594
3.281
3.344
3.096
2.770
2.631
2.291
2.108
1.701
1.582
1.066
1.346
1.034
1.340
1.418
1.370
1.539
1.900
2.224
2.466
2.583
2.260
2.064
2.483
2.476
1.956
2.373
2.633
2.442
2.093
2.660
2.870
2.386
2.609
3.100
3.440
3.591
3.230
3.176
2.649
3.049
3.323
3.189
2.793
3.337
3.553
3.424
3.168
3.156
2.988
3.418
3.693
3.844
3.436
3.093
3.356
3.442
2.869
3.160
2.575
2.766
3.190
3.208
3.681
3.851
3.655
3.294
3.315
2.895
3.134
2.791
3.070
3.168
2.796
2.587
2.832
2.505
2.310
2.600
2.249
2.578
2.353
2.599
2.594
2.772
3.104
2.885
2.684
2.384
2.240
2.454
2.309
2.427
2.014
2.358
2.097
2.422
2.272
2.610
1.965
2.544
2.335
2.549
2.809
2.964
2.587
2.658
1.966
2.210
1.904
1.920
1.582
1.805
1.749
1.956
2.122
2.133
2.416
2.439
2.691
2.276
2.812
2.686
3.090
3.313
3.101
3.108
2.772
2.598
2.334
1.966
1.774
1.661
1.491
1.601
1.319
1.611
1.348
1.775
1.728
2.217
2.248
2.710
2.956
3.198
3.397
3.407
3.694
3.753
3.751
3.432
3.317
3.473
3.291
2.914
3.091
3.198
2.884
2.560
2.947
2.981
2.400
2.398
2.937
3.064
3.147
2.826
2.556
2.244
2.506
2.555
2.233
2.048
2.349
2.334
1.965
2.030
2.036
2.172
2.440
2.755
2.804
2.334
2.473
2.798
3.044
2.577
3.044
2.657
3.132
3.368
3.670
3.903
4.054
4.101
3.757
3.622
3.229
3.221
2.775
2.877
2.801
2.676
2.381
2.027
1.941
1.623
1.659
1.623
1.937
2.229
2.203
2.741
3.033
3.392
3.426
3.397
2.745
3.210
3.270
2.927
2.772
2.355
2.188
1.821
1.669
1.318
1.207
0.533
0.731
0.373
0.557
0.815
0.970
0.744
0.946
0.492
1.099
1.033
1.463
1.471
2.049
2.239
2.645
2.965
3.219
3.537
3.764
4.047
3.845
4.350
4.200
4.667
4.875
4.522
4.401
4.055
3.726
3.537
3.208
3.270
2.999
2.640
2.434
2.050
1.854
1.493
1.337
0.821
1.105
0.792
1.136
1.272
1.254
1.484
1.754
2.067
2.288
2.392
2.059
1.865
2.274
2.169
1.707
2.094
2.322
2.041
1.804
2.298
2.468
1.932
2.233
2.675
3.015
3.101
2.757
2.654
2.122
2.573
2.839
2.669
2.343
2.886
3.087
2.948
2.658
2.616
2.422
2.846
3.137
3.273
2.872
2.506
2.792
2.884
2.345
2.685
2.097
2.360
2.789
2.849
3.309
3.454
3.286
2.900
2.878
2.429
2.618
2.258
2.488
2.583
2.228
2.121
2.383
2.083
1.965
2.130
1.757
1.979
1.820
2.024
2.044
2.285
2.604
2.445
2.270
1.956
1.887
2.077
1.840
1.902
1.470
1.795
1.505
1.843
1.750
2.097
1.594
2.281
2.050
2.270
2.540
2.697
2.379
2.283
1.705
1.754
1.377
1.420
0.991
1.319
1.197
1.543
1.735
1.824
2.131
2.269
2.521
2.153
2.690
2.526
2.965
3.191
2.922
2.890
2.549
2.306
2.079
1.757
1.642
1.478
1.171
1.216
0.894
1.178
0.829
1.337
1.326
1.824
1.976
2.387
2.704
2.921
3.188
3.080
3.308
3.355
3.400
3.092
2.935
3.115
2.983
2.570
2.743
2.904
2.623
2.174
2.629
2.729
2.150
2.141
2.686
2.824
2.900
2.580
2.313
1.993
2.258
2.323
2.008
1.806
2.120
2.128
1.776
1.808
1.818
1.958
2.273
2.997
3.012
2.495
2.612
2.902
3.088
2.532
2.906
2.513
2.922
3.148
3.442
3.678
3.852
3.884
3.567
3.476
3.104
3.171
2.751
2.933
2.907
2.751
2.549
2.284
2.184
1.920
1.916
1.815
2.111
2.348
2.269
2.745
2.992
3.355
3.325
3.325
2.793
3.103
3.145
2.809
2.678
2.285
2.173
1.819
1.789
1.479
1.504
0.797
1.211
0.859
0.980
1.273
1.242
0.838
1.076
0.487
1.127
1.084
1.411
1.406
1.896
2.145
2.434
2.755
2.988
3.315
3.565
3.828
3.597
4.101
3.972
4.429
4.644
4.329
4.242
3.884
3.599
3.363
3.029
2.973
2.733
2.384
2.202
1.825
1.636
1.284
1.146
0.614
0.977
0.646
1.069
1.229
1.467
1.565
1.719
2.049
2.268
2.241
1.903
1.827
2.127
1.980
1.546
1.898
2.116
1.822
1.588
2.068
2.226
1.685
1.992
2.429
2.768
2.784
2.477
2.273
1.768
2.250
2.486
2.235
2.011
2.520
2.687
2.489
2.190
2.111
1.941
2.331
2.611
2.803
2.408
2.035
2.406
2.531
2.047
2.453
1.874
2.150
2.569
2.656
3.098
3.242
3.094
2.708
2.675
2.227
2.393
2.007
2.119
2.162
1.823
1.654
1.821
1.507
1.378
1.555
1.199
1.500
1.384
1.691
1.724
2.047
2.383
2.275
2.136
1.668
1.784
1.941
1.675
1.707
1.152
1.431
1.069
1.384
1.209
1.570
1.126
1.817
1.640
1.893
2.193
2.361
2.039
1.860
1.340
1.372
0.925
1.130
0.502
1.092
0.985
1.352
1.575
1.704
2.020
2.208
2.464
2.247
2.735
2.618
3.075
3.290
2.977
2.894
2.528
2.268
2.005
1.675
1.615
1.391
1.058
1.038
0.718
0.942
0.587
1.097
0.960
1.523
1.677
2.047
2.364
2.485
2.802
2.729
2.952
3.013
3.114
2.815
2.607
2.852
2.759
2.323
2.477
2.677
2.405
1.937
2.397
2.535
1.960
1.928
2.480
2.623
2.797
2.540
2.343
1.932
2.170
2.340
2.081
1.720
2.084
2.226
1.857
1.966
2.052
2.179
2.514
3.205
3.196
2.696
2.740
2.978
3.131
2.540
2.873
2.444
2.787
3.050
3.276
3.567
3.762
3.747
3.430
3.372
3.007
3.137
2.751
2.958
2.976
2.724
2.570
2.462
2.230
2.023
2.093
1.871
2.217
2.325
2.364
2.662
2.928
3.284
3.200
3.126
2.648
2.830
2.939
2.632
2.572
2.155
2.186
1.814
1.944
1.655
1.793
1.088
1.634
1.260
1.421
1.715
1.674
1.272
1.412
0.826
1.273
1.281
1.468
1.283
1.827
1.932
2.265
2.543
2.670
2.993
3.235
3.522
3.342
3.834
3.726
4.187
4.394
4.070
3.975
3.611
3.331
3.082
2.743
2.645
2.328
2.026
1.891
1.545
1.493
1.125
1.131
0.720
1.129
0.946
1.388
1.575
1.867
1.965
2.048
2.374
2.517
2.439
2.103
2.106
2.307
2.048
1.695
2.010
2.110
1.791
1.638
2.015
2.053
1.489
1.801
2.228
2.542
2.534
2.229
2.022
1.517
2.001
2.237
1.910
1.747
2.190
2.283
2.035
1.783
1.697
1.652
1.992
2.287
2.501
2.107
1.816
2.169
2.300
1.807
2.255
1.728
2.105
2.488
2.660
3.043
3.155
3.070
2.671
2.573
2.110
2.193
1.798
1.914
1.962
1.640
1.518
1.545
1.246
1.057
1.174
0.902
1.273
1.218
1.486
1.551
1.864
2.210
2.165
2.026
1.545
1.792
1.893
1.579
1.532
1.021
1.201
0.831
1.141
0.813
1.122
0.583
1.215
1.081
1.354
1.696
1.827
1.479
1.355
0.882
1.028
0.659
0.892
0.253
0.984
0.849
1.376
1.635
1.860
2.164
2.361
2.633
2.424
2.922
2.784
3.255
3.453
3.095
2.978
2.627
2.307
2.113
1.791
1.911
1.627
1.295
1.203
0.833
0.857
0.419
0.924
0.625
1.225
1.278
1.613
1.900
1.929
2.288
2.282
2.533
2.579
2.770
2.472
2.199
2.523
2.531
2.040
2.220
2.500
2.309
1.728
2.282
2.499
1.919
1.909
2.489
2.695
2.889
2.644
2.483
2.019
2.285
2.486
2.298
1.857
2.290
2.482
2.177
2.214
2.295
2.352
2.737
3.141
3.274
2.846
2.619
2.948
3.098
2.531
2.810
2.346
2.593
2.903
3.055
3.410
3.610
3.533
3.214
3.200
2.832
2.986
2.592
2.770
2.814
2.515
2.366
2.394
2.104
1.951
2.042
1.759
2.085
2.100
2.291
2.421
2.693
3.040
2.934
2.822
2.382
2.499
2.638
2.347
2.325
1.879
2.012
1.647
1.889
1.616
1.899
1.209
1.840
1.560
1.811
2.104
2.198
1.807
1.838
1.167
1.502
1.247
1.451
1.078
1.661
1.644
2.005
2.240
2.297
2.613
2.783
3.072
2.823
3.349
3.221
3.659
3.881
3.609
3.564
3.213
2.974
2.723
2.379
2.161
1.927
1.635
1.611
1.307
1.326
0.917
1.211
0.941
1.395
1.382
1.814
2.037
2.358
2.477
2.472
2.753
2.842
2.781
2.450
2.415
2.564
2.329
1.975
2.245
2.311
1.978
1.769
2.130
2.147
1.548
1.734
2.229
2.488
2.433
2.113
1.847
1.467
1.845
2.007
1.678
1.534
1.956
2.035
1.770
1.538
1.457
1.442
1.776
2.082
2.291
1.891
1.727
2.134
2.330
1.882
2.401
1.946
2.381
2.698
2.956
3.262
3.381
3.365
2.984
2.860
2.424
2.424
1.995
2.031
1.990
1.780
1.554
1.366
1.146
0.926
0.984
0.776
1.160
1.394
1.468
1.822
2.156
2.510
2.557
2.470
1.846
2.300
2.352
2.015
1.898
1.429
1.351
0.949
0.961
0.595
0.881
0.331
0.702
0.558
0.777
1.103
1.268
0.974
0.973
0.570
0.808
0.459
0.843
0.549
1.232
1.322
1.776
2.075
2.335
2.643
2.868
3.158
2.979
3.473
3.338
3.809
4.005
3.639
3.509
3.159
2.828
2.638
2.311
2.445
2.136
1.808
1.620
1.300
1.084
0.680
0.791
0.380
0.997
0.952
1.259
1.475
1.433
1.817
1.905
2.209
2.297
2.497
2.210
1.915
2.297
2.311
1.819
2.006
2.302
2.166
1.567
2.176
2.414
1.893
1.928
2.510
2.796
2.995
2.752
2.632
2.142
2.422
2.660
2.556
2.058
2.553
2.775
2.569
2.464
2.446
2.392
2.771
2.892
3.041
2.636
2.339
2.664
2.799
2.246
2.641
2.114
2.424
2.810
2.892
3.304
3.497
3.350
3.010
2.954
2.509
2.656
2.266
2.448
2.507
2.191
2.070
2.166
1.864
1.758
1.837
1.524
1.804
1.778
2.005
2.081
2.352
2.696
2.588
2.470
2.045
2.077
2.272
1.998
1.983
1.535
1.702
1.349
1.633
1.423
1.740
1.193
1.851
1.591
1.877
2.202
2.278
1.955
1.834
1.212
1.377
1.042
1.205
0.778
1.349
1.293
1.678
1.859
1.878
2.177
2.265
2.537
2.279
2.773
2.718
3.151
3.350
3.079
3.031
2.670
2.483
2.181
1.818
1.611
1.436
1.213
1.324
1.048
1.100
0.620
1.092
0.882
1.440
1.525
1.950
2.255
2.438
2.730
2.657
2.916
3.000
3.046
2.725
2.582
2.810
2.674
2.228
2.470
2.577
2.249
1.899
2.348
2.351
1.765
1.814
2.342
2.542
2.561
2.234
1.946
1.629
1.923
1.993
1.686
1.513
1.851
1.840
1.540
1.446
1.418
1.539
1.857
2.174
2.371
1.936
2.036
2.370
2.623
2.167
2.651
2.246
2.726
2.978
3.302
3.534
3.660
3.702
3.346
3.205
2.803
2.795
2.351
2.450
2.362
2.249
1.931
1.573
1.504
1.186
1.197
1.185
1.486
1.790
1.788
2.304
2.596
2.955
2.997
2.968
2.376
2.826
2.844
2.496
2.336
1.933
1.753
1.384
1.241
0.878
0.772
0.223
0.490
0.330
0.451
0.732
0.855
0.614
0.740
0.324
0.790
0.602
1.048
1.062
1.627
1.843
2.233
2.551
2.820
3.139
3.385
3.688
3.538
4.027
3.898
4.369
4.563
4.190
4.049
3.699
3.363
3.172
2.842
2.873
2.573
2.206
2.032
1.653
1.480
1.152
0.953
0.478
0.869
0.708
1.049
1.158
1.189
1.383
1.652
1.971
2.061
2.277
1.991
1.690
2.104
2.118
1.631
1.920
2.198
2.073
1.565
2.177
2.380
1.790
2.050
2.526
2.842
2.920
2.617
2.432
1.930
2.343
2.586
2.375
2.043
2.565
2.753
2.576
2.315
2.280
2.167
2.558
2.714
2.878
2.483
2.131
2.438
2.554
1.991
2.361
1.813
2.110
2.506
2.637
3.046
3.191
3.070
2.690
2.641
2.198
2.365
1.983
2.185
2.254
1.914
1.800
1.985
1.683
1.616
1.718
1.359
1.604
1.497
1.737
1.785
2.064
2.399
2.229
2.025
1.717
1.582
1.795
1.668
1.687
1.214
1.461
1.141
1.460
1.345
1.689
1.304
1.954
1.700
2.011
2.353
2.376
2.045
1.862
1.316
1.314
0.954
0.999
0.593
1.036
0.979
1.355
1.512
1.545
1.818
1.857
2.100
1.766
2.284
2.179
2.623
2.832
2.553
2.513
2.164
1.958
1.701
1.350
1.213
1.115
0.947
1.062
0.722
0.817
0.375
0.905
0.914
1.384
1.570
1.961
2.288
2.505
2.773
2.648
2.867
2.914
2.963
2.654
2.495
2.682
2.561
2.139
2.323
2.497
2.226
1.743
2.225
2.380
1.797
1.796
2.350
2.538
2.702
2.410
2.162
1.825
2.047
2.120
1.810
1.584
1.882
1.907
1.517
1.655
1.723
1.892
2.231
2.569
2.723
2.211
2.471
2.729
2.962
2.390
2.755
2.341
2.731
2.975
3.255
3.507
3.684
3.705
3.381
3.298
2.932
3.023
2.615
2.850
2.803
2.708
2.438
2.071
2.081
1.774
1.716
1.737
1.973
2.260
2.160
2.670
2.877
3.236
3.194
3.229
2.807
3.007
3.022
2.691
2.554
2.156
2.058
1.731
1.653
1.280
1.180
0.743
0.725
0.383
0.252
0.542
0.619
0.399
0.738
0.402
0.950
1.032
1.297
1.358
1.744
2.051
2.268
2.593
2.825
3.149
3.425
3.739
3.671
4.117
4.054
4.525
4.709
4.351
4.217
3.842
3.554
3.283
2.931
2.951
2.586
2.248
2.030
1.634
1.454
1.075
0.983
0.525
0.876
0.507
0.830
0.946
0.975
1.135
1.433
1.764
2.002
2.080
1.763
1.578
1.976
1.949
1.434
1.849
2.055
1.764
1.481
1.963
2.113
1.544
1.836
2.288
2.618
2.702
2.382
2.243
1.720
2.157
2.414
2.241
1.904
2.445
2.647
2.516
2.228
2.195
2.021
2.431
2.851
3.127
2.761
2.211
2.568
2.549
2.210
2.402
1.805
2.008
2.483
2.369
2.915
2.917
2.711
2.319
2.303
1.891
2.062
1.833
2.043
2.140
1.742
1.628
1.997
1.836
1.709
2.041
1.616
1.818
1.370
1.656
1.506
1.594
1.858
1.570
1.315
1.043
0.856
1.076
1.133
1.356
0.968
1.567
1.423
1.795
1.835
2.204
2.004
2.599
2.447
2.745
3.091
3.132
2.802
2.588
2.065
1.986
1.589
1.503
1.094
1.142
0.843
1.106
1.046
1.072
1.274
1.239
1.363
0.829
1.371
1.151
1.592
1.822
1.571
1.595
1.217
1.139
0.925
0.685
0.750
0.734
0.609
0.892
0.513
1.047
0.981
1.463
1.662
2.062
2.310
2.678
3.015
3.243
3.503
3.338
3.515
3.515
3.561
3.273
3.075
3.215
3.107
2.744
2.795
2.945
2.679
2.267
2.644
2.738
2.214
2.077
2.608
2.622
2.830
2.604
2.399
2.068
2.180
2.290
2.007
1.695
2.000
2.061
1.618
1.925
2.043
2.240
2.547
2.927
3.024
2.492
2.846
3.048
3.256
2.750
3.119
2.789
3.229
3.398
3.717
3.910
4.078
4.174
3.877
3.763
3.401
3.452
3.021
3.239
3.178
3.129
2.865
2.502
2.561
2.265
2.166
2.204
2.396
2.665
2.503
3.137
3.367
3.723
3.738
3.811
3.317
3.650
3.623
3.283
3.098
2.693
2.479
2.146
1.988
1.666
1.550
1.215
1.124
0.805
0.566
0.819
0.674
0.414
0.969
0.790
1.263
1.434
1.715
1.928
2.303
2.642
2.887
3.227
3.493
3.809
4.098
4.425
4.373
4.824
4.754
5.228
5.411
5.036
4.883
4.513
4.206
3.956
3.608
3.678
3.277
2.961
2.709
2.318
2.058
1.696
1.474
1.087
1.036
0.604
0.906
0.829
1.023
0.976
1.357
1.686
1.996
1.993
1.640
1.613
1.954
1.735
1.365
1.839
2.075
1.798
1.693
2.152
2.312
1.888
2.228
2.600
2.955
3.040
2.635
2.613
2.113
2.568
2.874
2.742
2.455
3.004
3.217
3.124
2.781
2.674
2.391
2.746
2.340
2.579
2.198
1.713
2.072
2.147
1.718
2.035
1.435
1.750
2.196
2.240
2.711
2.792
2.628
2.220
2.165
1.692
1.831
1.494
1.676
1.745
1.371
1.296
1.559
1.352
1.325
1.493
1.050
1.247
0.957
1.243
1.212
1.466
1.767
1.628
1.432
1.121
1.107
1.271
1.018
1.101
0.614
1.080
0.842
1.212
1.274
1.638
1.558
2.093
1.991
2.304
2.660
2.651
2.318
2.076
1.586
1.460
1.060
0.971
0.577
0.737
0.382
0.906
1.060
1.221
1.505
1.660
1.912
1.728
2.210
2.106
2.565
2.766
2.393
2.268
1.912
1.605
1.397
1.082
1.156
0.963
0.630
0.655
0.279
0.585
0.470
0.916
1.164
1.526
1.809
2.154
2.495
2.740
2.985
2.800
2.970
2.968
3.015
2.727
2.529
2.675
2.571
2.199
2.268
2.432
2.172
1.726
2.134
2.265
1.726
1.626
2.169
2.264
2.457
2.222
2.033
1.652
1.831
1.988
1.725
1.365
1.704
1.824
1.411
1.646
1.771
1.939
2.274
2.646
2.713
2.184
2.478
2.661
2.842
2.310
2.656
2.302
2.719
2.900
3.215
3.415
3.593
3.665
3.367
3.269
2.921
2.996
2.579
2.825
2.786
2.730
2.510
2.205
2.268
2.012
1.874
1.887
2.049
2.286
2.099
2.709
2.917
3.271
3.256
3.351
2.918
3.177
3.133
2.807
2.628
2.223
2.035
1.719
1.603
1.321
1.271
0.951
1.006
0.596
0.657
0.978
0.804
0.405
0.706
0.512
0.915
1.064
1.279
1.524
1.816
2.149
2.361
2.714
2.974
3.289
3.586
3.918
3.911
4.341
4.300
4.775
4.944
4.565
4.405
4.030
3.736
3.467
3.116
3.178
2.746
2.453
2.191
1.795
1.518
1.170
0.985
0.635
0.640
0.322
0.653
0.753
0.989
1.164
1.252
1.579
1.831
1.830
1.494
1.402
1.719
1.587
1.136
1.517
1.739
1.447
1.271
1.722
1.888
1.390
1.717
2.121
2.470
2.558
2.194
2.055
1.577
2.063
2.360
2.161
1.915
2.467
2.684
2.550
2.201
2.092
1.807
2.169
2.130
2.381
2.017
1.498
1.883
1.956
1.582
1.978
1.429
1.821
2.234
2.340
2.761
2.802
2.702
2.288
2.182
1.700
1.745
1.389
1.464
1.519
1.144
0.984
1.318
1.055
0.874
1.286
0.864
1.060
0.723
1.050
1.013
1.360
1.677
1.604
1.423
0.904
1.222
1.338
1.050
1.059
0.408
0.924
0.675
1.064
1.064
1.432
1.342
1.872
1.794
2.097
2.453
2.505
2.137
1.911
1.479
1.354
0.883
0.984
0.404
0.882
0.373
1.070
1.246
1.471
1.731
1.882
2.131
1.842
2.381
2.157
2.612
2.829
2.497
2.388
2.058
1.717
1.586
1.303
1.550
1.287
0.824
1.001
0.615
0.904
0.693
1.110
1.134
1.568
1.832
2.120
2.451
2.537
2.857
2.744
2.906
2.906
3.058
2.788
2.556
2.766
2.746
2.308
2.351
2.629
2.491
1.866
2.393
2.622
2.145
1.992
2.581
2.654
2.959
2.813
2.700
2.251
2.411
2.621
2.471
2.015
2.352
2.547
2.221
2.455
2.601
2.694
3.080
3.445
3.459
2.942
3.160
3.279
3.404
2.816
3.066
2.695
2.999
3.198
3.414
3.678
3.893
3.915
3.641
3.602
3.293
3.439
3.072
3.393
3.414
3.304
3.190
2.943
2.867
2.600
2.573
2.487
2.712
2.935
2.731
3.224
3.358
3.704
3.612
3.711
3.409
3.455
3.436
3.147
2.984
2.634
2.546
2.294
2.303
2.089
2.114
1.490
1.748
1.382
1.342
1.609
1.607
1.223
1.624
1.097
1.623
1.720
1.848
1.985
2.204
2.487
2.598
2.944
3.134
3.451
3.745
4.063
4.053
4.475
4.469
4.930
5.100
4.756
4.623
4.238
3.992
3.673
3.319
3.256
2.812
2.560
2.299
1.947
1.743
1.464
1.478
1.198
1.380
1.186
1.487
1.484
1.885
1.904
1.942
2.224
2.387
2.225
1.916
2.043
2.159
1.844
1.620
1.919
1.960
1.599
1.665
1.966
1.931
1.441
1.868
2.186
2.506
2.418
2.100
1.894
1.456
2.008
2.251
2.007
1.877
2.370
2.529
2.365
2.022
1.904
1.649
1.990
1.692
1.951
1.621
1.066
1.510
1.605
1.303
1.759
1.298
1.745
2.100
2.278
2.629
2.638
2.601
2.200
2.042
1.576
1.525
1.162
1.118
1.132
0.785
0.723
0.913
0.800
0.650
0.904
0.502
0.651
0.353
0.748
0.765
1.159
1.488
1.498
1.398
0.710
1.331
1.365
1.055
0.950
0.391
0.616
0.316
0.711
0.747
1.111
0.923
1.421
1.391
1.675
2.017
2.120
1.747
1.570
1.139
1.052
0.602
0.728
0.253
0.786
0.569
1.164
1.320
1.644
1.845
2.045
2.308
2.160
2.627
2.488
2.931
3.077
2.699
2.514
2.196
1.842
1.761
1.506
1.827
1.555
0.952
1.143
0.843
0.790
0.628
0.918
0.845
1.306
1.534
1.826
2.136
2.158
2.516
2.440
2.592
2.580
2.758
2.493
2.242
2.463
2.477
2.030
2.058
2.361
2.259
1.607
2.162
2.406
1.969
1.816
2.414
2.583
2.857
2.707
2.622
2.150
2.319
2.544
2.448
1.952
2.352
2.574
2.328
2.461
2.606
2.639
3.055
3.420
3.406
2.905
3.072
3.158
3.259
2.659
2.872
2.495
2.756
2.963
3.146
3.433
3.656
3.657
3.390
3.370
3.070
3.248
2.906
3.252
3.298
3.179
3.113
2.960
2.954
2.772
2.639
2.534
2.625
2.832
2.627
3.068
3.174
3.511
3.393
3.507
3.270
3.223
3.210
2.940
2.753
2.452
2.398
2.183
2.240
2.076
2.184
1.723
2.139
1.730
1.866
2.180
1.985
1.616
1.734
1.359
1.598
1.736
1.714
1.874
2.025
2.285
2.352
2.700
2.874
3.186
3.483
3.785
3.724
4.161
4.153
4.604
4.780
4.460
4.350
3.966
3.740
3.410
3.061
2.937
2.533
2.280
2.030
1.709
1.514
1.287
1.362
1.148
1.363
1.275
1.597
1.690
2.101
2.219
2.122
2.399
2.493
2.324
2.023
2.091
2.180
1.862
1.644
1.922
1.899
1.556
1.571
1.851
1.746
1.229
1.617
1.968
2.264
2.089
1.808
1.536
1.165
1.720
1.935
1.673
1.576
2.055
2.207
2.037
1.695
1.565
1.267
1.574
1.465
1.616
1.353
1.253
1.698
1.980
1.680
2.217
1.810
2.267
2.587
2.824
3.132
3.178
3.161
2.766
2.596
2.143
2.070
1.687
1.572
1.506
1.240
0.909
0.683
0.571
0.260
0.323
0.337
0.777
0.839
1.182
1.336
1.736
2.062
2.082
1.994
1.213
1.901
1.975
1.664
1.547
0.968
1.055
0.721
0.726
0.357
0.381
0.279
0.608
0.758
1.010
1.337
1.397
0.991
0.861
0.522
0.706
0.502
0.825
0.556
1.207
1.074
1.689
1.902
2.202
2.448
2.625
2.878
2.647
3.150
2.963
3.419
3.594
3.221
3.069
2.754
2.401
2.327
2.063
2.338
2.060
1.544
1.644
1.335
1.185
0.957
0.944
0.629
0.987
1.128
1.229
1.472
1.343
1.732
1.750
1.954
1.913
2.231
2.016
1.638
2.015
2.155
1.697
1.781
2.167
2.193
1.546
2.176
2.449
2.101
2.049
2.634
2.912
3.162
2.922
2.894
2.404
2.645
2.880
2.820
2.297
2.757
2.990
2.779
2.817
2.921
2.867
3.311
3.663
3.683
3.211
3.173
3.320
3.390
2.775
2.913
2.481
2.566
2.864
2.890
3.297
3.529
3.405
3.134
3.190
2.884
3.178
2.876
3.254
3.341
3.112
3.127
3.083
2.933
2.796
2.747
2.521
2.668
2.775
2.745
2.944
2.988
3.344
3.121
3.187
2.972
2.816
2.855
2.656
2.502
2.360
2.451
2.214
2.393
2.268
2.464
1.852
2.447
2.077
2.244
2.547
2.431
2.034
2.133
1.619
1.866
1.816
1.774
1.768
1.893
2.097
2.075
2.309
2.325
2.654
2.881
3.182
3.160
3.556
3.613
4.036
4.190
3.902
3.809
3.430
3.259
2.902
2.579
2.336
1.948
1.779
1.587
1.413
1.484
1.314
1.506
1.356
1.695
1.662
2.038
2.177
2.564
2.692
2.612
2.883
2.962
2.834
2.523
2.535
2.632
2.347
2.087
2.323
2.312
1.967
1.940
2.179
2.072
1.526
1.681
2.116
2.303
2.154
1.840
1.530
1.320
1.612
1.650
1.298
1.285
1.626
1.603
1.309
1.101
0.947
0.896
1.121
2.240
2.426
2.048
1.801
2.245
2.425
1.983
2.492
2.034
2.471
2.800
3.045
3.362
3.464
3.434
3.046
2.912
2.462
2.476
2.063
2.079
2.017
1.739
1.278
1.306
0.952
0.679
1.033
0.817
1.256
1.318
1.577
1.822
2.170
2.522
2.507
2.390
1.602
2.236
2.326
1.999
1.899
1.366
1.406
0.995
1.105
0.759
1.026
0.403
0.982
0.855
1.120
1.430
1.599
1.259
1.152
0.664
0.907
0.570
0.981
0.563
1.326
1.298
1.838
2.116
2.372
2.671
2.867
3.136
2.828
3.364
3.118
3.558
3.774
3.436
3.338
2.974
2.695
2.604
2.295
2.452
2.165
1.797
1.697
1.365
1.217
0.850
0.940
0.478
1.076
1.069
1.408
1.683
1.702
2.070
2.083
2.356
2.430
2.603
2.297
2.030
2.372
2.378
1.884
2.102
2.392
2.273
1.678
2.297
2.538
2.032
2.085
2.662
2.957
3.163
2.903
2.799
2.310
2.593
2.836
2.742
2.242
2.732
2.952
2.715
2.692
2.757
2.696
3.137
3.485
3.545
3.082
2.995
3.176
3.279
2.664
2.935
2.459
2.678
3.005
3.133
3.507
3.710
3.616
3.292
3.289
2.915
3.140
2.783
3.089
3.168
2.927
2.928
2.881
2.711
2.571
2.539
2.312
2.479
2.576
2.579
2.771
2.937
3.272
3.112
3.103
2.837
2.753
2.844
2.575
2.536
2.210
2.293
2.023
2.212
2.062
2.277
1.641
2.245
1.880
2.053
2.348
2.302
1.896
2.000
1.419
1.702
1.615
1.613
1.559
1.781
1.963
2.083
2.345
2.461
2.782
3.013
3.300
3.166
3.627
3.596
4.041
4.227
3.927
3.841
3.462
3.246
2.922
2.581
2.416
2.115
1.806
1.701
1.362
1.429
1.177
1.366
1.167
1.592
1.530
1.953
2.132
2.471
2.637
2.587
2.881
2.980
2.898
2.568
2.562
2.703
2.446
2.115
2.397
2.444
2.107
1.952
2.288
2.272
1.692
1.867
2.367
2.619
2.587
2.272
2.013
1.599
1.989
2.153
1.835
1.646
2.070
2.155
1.899
1.681
1.609
1.606
1.903
2.437
2.675
2.366
1.933
2.470
2.611
2.258
2.749
2.257
2.675
3.052
3.223
3.601
3.669
3.594
3.185
3.058
2.583
2.578
2.205
2.150
2.106
1.785
1.401
1.523
1.172
0.945
1.296
0.999
1.459
1.332
1.769
1.801
2.204
2.523
2.445
2.288
1.587
2.090
2.220
1.972
1.951
1.263
1.600
1.228
1.463
1.184
1.497
0.834
1.362
1.220
1.439
1.701
1.900
1.666
1.619
1.059
1.394
1.060
1.422
0.822
1.589
1.284
1.945
2.155
2.360
2.631
2.758
2.973
2.611
3.150
2.917
3.365
3.587
3.258
3.173
2.809
2.530
2.437
2.172
2.317
2.109
1.730
1.812
1.404
1.525
1.098
1.363
0.893
1.533
1.482
1.863
2.117
2.113
2.467
2.547
2.842
2.925
3.086
2.773
2.521
2.864
2.844
2.351
2.590
2.859
2.700
2.130
2.729
2.956
2.394
2.460
3.036
3.317
3.493
3.232
3.073
2.591
2.886
3.112
2.949
2.495
2.968
3.165
2.877
2.847
2.896
2.894
3.304
3.649
3.764
3.286
3.217
3.464
3.599
2.997
3.325
2.843
3.108
3.440
3.598
3.958
4.151
4.067
3.729
3.706
3.310
3.501
3.125
3.367
3.420
3.164
3.045
3.005
2.778
2.599
2.635
2.415
2.686
2.763
2.831
3.045
3.265
3.609
3.478
3.400
3.063
3.041
3.192
2.912
2.882
2.517
2.580
2.248
2.420
2.172
2.366
1.637
2.193
1.847
1.983
2.271
2.310
1.895
2.096
1.421
1.868
1.773
1.900
1.727
2.146
2.249
2.474
2.739
2.862
3.185
3.364
3.637
3.356
3.871
3.765
4.198
4.414
4.148
4.100
3.738
3.508
3.228
2.894
2.726
2.521
2.191
2.121
1.773
1.794
1.471
1.662
1.262
1.780
1.649
2.105
2.187
2.521
2.572
2.691
3.003
3.177
3.066
2.738
2.802
2.958
2.674
2.364
2.676
2.737
2.404
2.262
2.652
2.617
2.068
2.313
2.782
3.066
2.955
2.651
2.388
1.968
2.457
2.647
2.301
2.135
2.573
2.654
2.386
2.177
2.058
1.950
2.202
3.071
3.232
2.828
2.568
2.945
3.099
2.574
3.003
2.495
2.827
3.203
3.368
3.753
3.894
3.797
3.414
3.345
2.893
3.010
2.614
2.737
2.765
2.450
2.201
2.295
1.941
1.753
1.942
1.643
2.035
2.016
2.280
2.383
2.692
3.037
2.956
2.803
2.279
2.488
2.651
2.361
2.343
1.822
2.010
1.624
1.861
1.553
1.848
1.146
1.745
1.529
1.765
2.043
2.209
1.911
1.869
1.199
1.549
1.245
1.523
1.040
1.726
1.635
2.084
2.338
2.491
2.801
2.910
3.149
2.777
3.316
3.123
3.549
3.793
3.536
3.513
3.135
2.922
2.706
2.387
2.277
2.143
1.846
1.806
1.466
1.492
0.998
1.415
0.999
1.617
1.583
2.022
2.290
2.404
2.687
2.734
3.033
3.159
3.211
2.883
2.711
3.001
2.892
2.421
2.703
2.902
2.659
2.168
2.709
2.879
2.271
2.378
2.924
3.191
3.320
3.020
2.821
2.371
2.678
2.884
2.661
2.269
2.716
2.872
2.543
2.511
2.536
2.576
2.953
3.291
3.452
2.972
2.921
3.224
3.395
2.820
3.215
2.739
3.081
3.405
3.619
3.948
4.118
4.068
3.712
3.649
3.233
3.363
2.973
3.139
3.156
2.913
2.759
2.628
2.412
2.190
2.246
2.044
2.392
2.515
2.569
2.848
3.113
3.469
3.392
3.313
2.876
3.018
3.128
2.820
2.759
2.347
2.365
1.995
2.116
1.804
1.948
1.210
1.578
1.223
1.329
1.580
1.729
1.441
1.724
1.021
1.571
1.425
1.713
1.469
2.022
2.123
2.444
2.730
2.903
3.230
3.451
3.721
3.490
3.994
3.875
4.328
4.541
4.236
4.157
3.793
3.521
3.265
2.928
2.856
2.625
2.253
2.143
1.794
1.719
1.316
1.469
0.958
1.532
1.345
1.798
1.969
2.086
2.211
2.472
2.797
2.999
2.995
2.657
2.552
2.843
2.680
2.235
2.562
2.754
2.476
2.119
2.615
2.738
2.135
2.359
2.857
3.155
3.211
2.908
2.691
2.220
2.612
2.835
2.572
2.273
2.761
2.916
2.688
2.460
2.413
2.368
2.717
3.319
3.454
3.017
2.844
3.203
3.370
2.820
3.236
2.741
3.075
3.431
3.603
3.979
4.134
4.047
3.680
3.616
3.179
3.307
2.908
3.045
3.064
2.775
2.566
2.542
2.245
2.046
2.174
1.916
2.313
2.351
2.536
2.715
3.010
3.360
3.275
3.148
2.648
2.829
2.982
2.687
2.656
2.170
2.296
1.911
2.091
1.767
1.988
1.218
1.778
1.514
1.708
1.969
2.119
1.805
1.896
1.181
1.665
1.444
1.733
1.344
1.987
1.969
2.367
2.626
2.759
3.079
3.225
3.466
3.052
3.601
3.427
3.845
4.084
3.844
3.829
3.483
3.259
3.043
2.710
2.579
2.410
2.086
2.042
1.723
1.713
1.250
1.559
1.078
1.684
1.556
2.010
2.243
2.375
2.577
2.714
3.045
3.198
3.222
2.886
2.743
3.043
2.909
2.447
2.759
2.959
2.691
2.266
2.788
2.905
2.292
2.457
2.981
3.255
3.310
2.997
2.765
2.346
2.683
2.883
2.588
2.303
2.746
2.833
2.554
2.413
2.378
2.421
2.753
3.061
3.272
2.848
2.714
3.091
3.269
2.745
3.196
2.708
3.074
3.425
3.616
3.978
4.125
4.059
3.684
3.601
3.157
3.252
2.849
2.942
2.946
2.668
2.422
2.344
2.050
1.815
1.959
1.731
2.150
2.242
2.421
2.631
2.949
3.300
3.254
3.112
2.594
2.838
2.972
2.666
2.616
2.102
2.211
1.812
1.944
1.584
1.749
1.025
1.486
1.228
1.442
1.652
1.859
1.627
1.710
1.048
1.556
1.305
1.650
1.258
1.955
1.938
2.371
2.637
2.800
3.120
3.313
3.564
3.269
3.790
3.637
4.084
4.307
4.015
3.953
3.600
3.323
3.094
2.770
2.703
2.497
2.151
2.078
1.742
1.714
1.242
1.506
1.010
1.609
1.459
1.885
2.100
2.160
2.418
2.576
2.900
3.056
3.142
2.814
2.612
2.958
2.873
2.391
2.706
2.924
2.701
2.229
2.788
2.939
2.329
2.502
3.024
3.307
3.397
3.092
2.882
2.436
2.773
2.986
2.733
2.394
2.860
3.007
2.731
2.594
2.574
2.582
2.927
3.556
3.680
3.237
3.111
3.478
3.655
3.108
3.528
3.041
3.372
3.712
3.886
4.241
4.422
4.336
3.986
3.929
3.494
3.617
3.217
3.340
3.347
3.069
2.833
2.770
2.479
2.253
2.395
2.161
2.570
2.644
2.810
3.022
3.324
3.675
3.596
3.467
2.947
3.156
3.304
3.009
2.974
2.480
2.595
2.204
2.342
2.000
2.162
1.369
1.850
1.543
1.702
1.952
2.114
1.825
2.019
1.309
1.881
1.675
2.006
1.646
2.294
2.288
2.687
2.954
3.094
3.413
3.532
3.797
3.466
3.995
3.872
4.297
4.522
4.270
4.235
3.883
3.626
3.395
3.052
2.881
2.708
2.420
2.364
2.031
2.011
1.564
1.810
1.288
1.882
1.679
2.125
2.319
2.427
2.578
2.809
3.138
3.343
3.355
3.016
2.881
3.201
3.016
2.602
2.926
3.073
2.778
2.480
2.932
2.997
2.397
2.614
3.110
3.393
3.393
3.081
2.836
2.398
2.797
2.995
2.677
2.461
2.908
2.995
2.727
2.527
2.451
2.436
2.761
3.043
3.270
2.887
2.623
3.067
3.232
2.764
3.242
2.742
3.112
3.484
3.666
4.042
4.164
4.085
3.688
3.593
3.130
3.197
2.801
2.842
2.833
2.524
2.212
2.256
1.894
1.646
1.905
1.629
2.079
2.075
2.400
2.497
2.854
3.193
3.140
2.953
2.392
2.686
2.838
2.562
2.540
1.939
2.167
1.763
1.940
1.592
1.839
1.177
1.596
1.389
1.613
1.820
2.042
1.891
1.935
1.330
1.714
1.397
1.738
1.207
1.980
1.830
2.370
2.613
2.787
3.090
3.247
3.476
3.116
3.647
3.435
3.874
4.109
3.821
3.769
3.410
3.139
2.972
2.674
2.673
2.484
2.191
2.137
1.775
1.805
1.302
1.658
1.189
1.829
1.744
2.154
2.382
2.344
2.647
2.847
3.155
3.255
3.391
3.072
2.840
3.179
3.134
2.643
2.909
3.157
2.971
2.431
3.013
3.219
2.607
2.721
3.279
3.553
3.648
3.339
3.121
2.692
3.012
3.213
2.949
2.610
3.050
3.171
2.859
2.783
2.770
2.821
3.147
3.697
3.781
3.279
3.291
3.641
3.826
3.259
3.644
3.201
3.561
3.847
4.084
4.381
4.560
4.535
4.199
4.133
3.735
3.845
3.442
3.561
3.551
3.301
3.057
2.914
2.658
2.401
2.534
2.341
2.742
2.885
2.990
3.274
3.574
3.930
3.865
3.754
3.210
3.458
3.592
3.287
3.233
2.753
2.813
2.421
2.500
2.146
2.225
1.442
1.820
1.440
1.466
1.721
1.826
1.495
1.869
1.238
1.897
1.802
2.132
1.889
2.518
2.567
2.954
3.233
3.399
3.723
3.917
4.170
3.889
4.409
4.261
4.708
4.933
4.638
4.570
4.217
3.937
3.709
3.383
3.301
3.101
2.745
2.658
2.309
2.217
1.812
1.862
1.325
1.811
1.486
1.896
1.982
2.180
2.172
2.512
2.833
3.098
3.068
2.733
2.661
2.973
2.808
2.386
2.743
2.935
2.615
2.405
2.863
2.959
2.393
2.692
3.139
3.458
3.470
3.165
2.951
2.453
2.921
3.152
2.880
2.647
3.146
3.275
2.986
2.783
2.670
2.588
2.922
3.153
3.401
3.052
2.651
3.079
3.199
2.733
3.155
2.590
2.923
3.343
3.440
3.882
4.001
3.858
3.455
3.394
2.922
3.030
2.658
2.752
2.777
2.420
2.053
2.215
1.867
1.567
1.972
1.705
2.150
1.963
2.335
2.321
2.659
2.974
2.851
2.623
2.175
2.292
2.470
2.270
2.321
1.710
2.107
1.747
2.054
1.802
2.061
1.498
1.903
1.788
2.004
2.245
2.472
2.256
2.258
1.697
1.954
1.551
1.795
1.183
1.846
1.573
2.103
2.292
2.404
2.692
2.788
3.003
2.574
3.122
2.904
3.332
3.573
3.314
3.290
2.921
2.698
2.527
2.236
2.181
2.058
1.807
1.844
1.465
1.709
1.236
1.752
1.450
2.073
2.092
2.514
2.753
2.706
3.087
3.193
3.492
3.552
3.682
3.367
3.165
3.445
3.357
2.887
3.105
3.331
3.100
2.569
3.108
3.286
2.690
2.716
3.276
3.462
3.629
3.356
3.150
2.727
3.002
3.173
2.907
2.553
2.932
3.048
2.665
2.760
2.806
2.927
3.257
3.893
3.943
3.443
3.540
3.870
4.072
3.523
3.926
3.496
3.880
4.154
4.411
4.690
4.865
4.857
4.520
4.442
4.043
4.133
3.716
3.842
3.819
3.579
3.312
3.133
2.887
2.611
2.753
2.584
2.988
3.166
3.227
3.569
3.876
4.233
4.179
4.065
3.497
3.775
3.909
3.603
3.543
3.053
3.103
2.707
2.725
2.377
2.353
1.617
1.853
1.459
1.442
1.656
1.776
1.526
1.980
1.418
2.116
2.024
2.385
2.188
2.822
2.880
3.275
3.557
3.725
4.049
4.240
4.493
4.195
4.721
4.564
5.006
5.236
4.947
4.883
4.534
4.252
4.030
3.705
3.622
3.426
3.071
2.983
2.643
2.539
2.129
2.139
1.585
2.013
1.658
2.023
2.037
2.196
2.138
2.578
2.895
3.183
3.192
2.850
2.780
3.123
2.986
2.532
2.940
3.158
2.832
2.652
3.117
3.229
2.683
3.003
3.432
3.760
3.773
3.459
3.231
2.757
3.245
3.470
3.160
2.988
3.477
3.586
3.331
3.067
2.947
2.821
3.137
3.369
3.608
3.267
2.807
3.298
3.410
3.005
3.399
2.814
3.122
3.562
3.612
4.085
4.203
4.025
3.622
3.580
3.107
3.195
2.859
2.908
2.906
2.539
2.186
2.415
2.078
1.794
2.217
1.910
2.352
2.083
2.523
2.431
2.787
3.058
2.842
2.603
2.183
2.264
2.447
2.368
2.482
1.817
2.355
2.005
2.306
2.047
2.387
1.858
2.374
2.250
2.469
2.719
2.927
2.683
2.643
2.036
2.309
1.882
2.108
1.497
2.072
1.759
2.276
2.409
2.486
2.746
2.740
2.885
2.345
2.865
2.619
3.007
3.266
3.062
3.090
2.662
2.566
2.414
2.187
2.165
2.104
1.905
2.006
1.592
1.978
1.533
2.064
1.810
2.424
2.425
2.865
3.115
3.162
3.491
3.571
3.840
3.891
4.035
3.720
3.507
3.797
3.692
3.232
3.444
3.659
3.405
2.896
3.413
3.569
2.975
2.986
3.538
3.684
3.852
3.575
3.353
2.960
3.219
3.352
3.059
2.765
3.098
3.165
2.756
2.904
2.948
3.086
3.410
