258 0
258 1
258 2
258 3
258 4
258 5
258 6
258 7
258 8
258 9
258 10
258 11
258 12
258 13
258 14
258 15
258 16
258 17
258 18
258 19
258 20
258 21
258 22
258 23
258 24
258 25
258 26
258 27
258 28
258 29
258 30
258 31
258 32
258 33
258 34
258 35
258 36
258 37
258 38
258 39
258 40
258 41
258 42
258 43
258 44
258 45
258 46
258 47
258 48
258 49
258 50
258 51
258 52
258 53
258 54
258 55
258 56
258 57
258 58
258 59
258 60
258 61
258 62
258 63
258 64
258 65
258 66
258 67
258 68
258 69
258 70
258 71
258 72
258 73
258 74
258 75
258 76
258 77
258 78
258 79
258 80
258 81
258 82
258 83
258 84
258 85
258 86
258 87
258 88
258 89
258 90
258 91
258 92
258 93
258 94
258 95
258 96
258 97
258 98
258 99
258 100
258 101
258 102
258 103
258 104
258 105
258 106
258 107
258 108
258 109
258 110
258 111
258 112
258 113
258 114
258 115
258 116
258 117
258 118
258 119
258 120
258 121
258 122
258 123
258 124
258 125
258 126
258 127
258 128
258 129
258 130
258 131
258 132
258 133
258 134
258 135
258 136
258 137
258 138
258 139
258 140
258 141
258 142
258 143
258 144
258 145
258 146
258 147
258 148
258 149
258 150
258 151
258 152
258 153
258 154
258 155
258 156
258 157
258 158
258 159
258 160
258 161
258 162
258 163
258 164
258 165
258 166
258 167
258 168
258 169
258 170
258 171
258 172
258 173
258 174
258 175
258 176
258 177
258 178
258 179
258 180
258 181
258 182
258 183
258 184
258 185
258 186
258 187
258 188
258 189
258 190
258 191
258 192
258 193
258 194
258 195
258 196
258 197
258 198
258 199
258 200
258 201
258 202
258 203
258 204
258 205
258 206
258 207
258 208
258 209
258 210
258 211
258 212
258 213
258 214
258 215
258 216
258 217
258 218
258 219
258 220
258 221
258 222
258 223
258 224
258 225
258 226
258 227
258 228
258 229
258 230
258 231
258 232
258 233
258 234
258 235
258 236
258 237
258 238
258 239
258 240
258 241
258 242
258 243
258 244
258 245
258 246
258 247
258 248
258 249
258 250
258 251
258 252
258 253
258 254
258 255
258 256
258 257
259 0
259 1
259 2
259 3
259 4
259 5
259 6
259 7
259 8
259 9
259 10
259 11
259 12
259 13
259 14
259 15
259 16
259 17
259 18
259 19
259 20
259 21
259 22
259 23
259 24
259 25
259 26
259 27
259 28
259 29
259 30
259 31
259 32
259 33
259 34
259 35
259 36
259 37
259 38
259 39
259 40
259 41
259 42
259 43
259 44
259 45
259 46
259 47
259 48
259 49
259 50
259 51
259 52
259 53
259 54
259 55
259 56
259 57
259 58
259 59
259 60
259 61
259 62
259 63
259 64
259 65
259 66
259 67
259 68
259 69
259 70
259 71
259 72
259 73
259 74
259 75
259 76
259 77
259 78
259 79
259 80
259 81
259 82
259 83
259 84
259 85
259 86
259 87
259 88
259 89
259 90
259 91
259 92
259 93
259 94
259 95
259 96
259 97
259 98
259 99
259 100
259 101
259 102
259 103
259 104
259 105
259 106
259 107
259 108
259 109
259 110
259 111
259 112
259 113
259 114
259 115
259 116
259 117
259 118
259 119
259 120
259 121
259 122
259 123
259 124
259 125
259 126
259 127
259 128
259 129
259 130
259 131
259 132
259 133
259 134
259 135
259 136
259 137
259 138
259 139
259 140
259 141
259 142
259 143
259 144
259 145
259 146
259 147
259 148
259 149
259 150
259 151
259 152
259 153
259 154
259 155
259 156
259 157
259 158
259 159
259 160
259 161
259 162
259 163
259 164
259 165
259 166
259 167
259 168
259 169
259 170
259 171
259 172
259 173
259 174
259 175
259 176
259 177
259 178
259 179
259 180
259 181
259 182
259 183
259 184
259 185
259 186
259 187
259 188
259 189
259 190
259 191
259 192
259 193
259 194
259 195
259 196
259 197
259 198
259 199
259 200
259 201
259 202
259 203
259 204
259 205
259 206
259 207
259 208
259 209
259 210
259 211
259 212
259 213
259 214
259 215
259 216
259 217
259 218
259 219
259 220
259 221
259 222
259 223
259 224
259 225
259 226
259 227
259 228
259 229
259 230
259 231
259 232
259 233
259 234
259 235
259 236
259 237
259 238
259 239
259 240
259 241
259 242
259 243
259 244
259 245
259 246
259 247
259 248
259 249
259 250
259 251
259 252
259 253
259 254
259 255
259 256
259 257
260 0
260 1
260 2
260 3
260 4
260 5
260 6
260 7
260 8
260 9
260 10
260 11
260 12
260 13
260 14
260 15
260 16
260 17
260 18
260 19
260 20
260 21
260 22
260 23
260 24
260 25
260 26
260 27
260 28
260 29
260 30
260 31
260 32
260 33
260 34
260 35
260 36
260 37
260 38
260 39
260 40
260 41
260 42
260 43
260 44
260 45
260 46
260 47
260 48
260 49
260 50
260 51
260 52
260 53
260 54
260 55
260 56
260 57
260 58
260 59
260 60
260 61
260 62
260 63
260 64
260 65
260 66
260 67
260 68
260 69
260 70
260 71
260 72
260 73
260 74
260 75
260 76
260 77
260 78
260 79
260 80
260 81
260 82
260 83
260 84
260 85
260 86
260 87
260 88
260 89
260 90
260 91
260 92
260 93
260 94
260 95
260 96
260 97
260 98
260 99
260 100
260 101
260 102
260 103
260 104
260 105
260 106
260 107
260 108
260 109
260 110
260 111
260 112
260 113
260 114
260 115
260 116
260 117
260 118
260 119
260 120
260 121
260 122
260 123
260 124
260 125
260 126
260 127
260 128
260 129
260 130
260 131
260 132
260 133
260 134
260 135
260 136
260 137
260 138
260 139
260 140
260 141
260 142
260 143
260 144
260 145
260 146
260 147
260 148
260 149
260 150
260 151
260 152
260 153
260 154
260 155
260 156
260 157
260 158
260 159
260 160
260 161
260 162
260 163
260 164
260 165
260 166
260 167
260 168
260 169
260 170
260 171
260 172
260 173
260 174
260 175
260 176
260 177
260 178
260 179
260 180
260 181
260 182
260 183
260 184
260 185
260 186
260 187
260 188
260 189
260 190
260 191
260 192
260 193
260 194
260 195
260 196
260 197
260 198
260 199
260 200
260 201
260 202
260 203
260 204
260 205
260 206
260 207
260 208
260 209
260 210
260 211
260 212
260 213
260 214
260 215
260 216
260 217
260 218
260 219
260 220
260 221
260 222
260 223
260 224
260 225
260 226
260 227
260 228
260 229
260 230
260 231
260 232
260 233
260 234
260 235
260 236
260 237
260 238
260 239
260 240
260 241
260 242
260 243
260 244
260 245
260 246
260 247
260 248
260 249
260 250
260 251
260 252
260 253
260 254
260 255
260 256
260 257
261 0
261 1
261 2
261 3
261 4
261 5
261 6
261 7
261 8
261 9
261 10
261 11
261 12
261 13
261 14
261 15
261 16
261 17
261 18
261 19
261 20
261 21
261 22
261 23
261 24
261 25
261 26
261 27
261 28
261 29
261 30
261 31
261 32
261 33
261 34
261 35
261 36
261 37
261 38
261 39
261 40
261 41
261 42
261 43
261 44
261 45
261 46
261 47
261 48
261 49
261 50
261 51
261 52
261 53
261 54
261 55
261 56
261 57
261 58
261 59
261 60
261 61
261 62
261 63
261 64
261 65
261 66
261 67
261 68
261 69
261 70
261 71
261 72
261 73
261 74
261 75
261 76
261 77
261 78
261 79
261 80
261 81
261 82
261 83
261 84
261 85
261 86
261 87
261 88
261 89
261 90
261 91
261 92
261 93
261 94
261 95
261 96
261 97
261 98
261 99
261 100
261 101
261 102
261 103
261 104
261 105
261 106
261 107
261 108
261 109
261 110
261 111
261 112
261 113
261 114
261 115
261 116
261 117
261 118
261 119
261 120
261 121
261 122
261 123
261 124
261 125
261 126
261 127
261 128
261 129
261 130
261 131
261 132
261 133
261 134
261 135
261 136
261 137
261 138
261 139
261 140
261 141
261 142
261 143
261 144
261 145
261 146
261 147
261 148
261 149
261 150
261 151
261 152
261 153
261 154
261 155
261 156
261 157
261 158
261 159
261 160
261 161
261 162
261 163
261 164
261 165
261 166
261 167
261 168
261 169
261 170
261 171
261 172
261 173
261 174
261 175
261 176
261 177
261 178
261 179
261 180
261 181
261 182
261 183
261 184
261 185
261 186
261 187
261 188
261 189
261 190
261 191
261 192
261 193
261 194
261 195
261 196
261 197
261 198
261 199
261 200
261 201
261 202
261 203
261 204
261 205
261 206
261 207
261 208
261 209
261 210
261 211
261 212
261 213
261 214
261 215
261 216
261 217
261 218
261 219
261 220
261 221
261 222
261 223
261 224
261 225
261 226
261 227
261 228
261 229
261 230
261 231
261 232
261 233
261 234
261 235
261 236
261 237
261 238
261 239
261 240
261 241
261 242
261 243
261 244
261 245
261 246
261 247
261 248
261 249
261 250
261 251
261 252
261 253
261 254
261 255
261 256
261 257
262 0
262 1
262 2
262 3
262 4
262 5
262 6
262 7
262 8
262 9
262 10
262 11
262 12
262 13
262 14
262 15
262 16
262 17
262 18
262 19
262 20
262 21
262 22
262 23
262 24
262 25
262 26
262 27
262 28
262 29
262 30
262 31
262 32
262 33
262 34
262 35
262 36
262 37
262 38
262 39
262 40
262 41
262 42
262 43
262 44
262 45
262 46
262 47
262 48
262 49
262 50
262 51
262 52
262 53
262 54
262 55
262 56
262 57
262 58
262 59
262 60
262 61
262 62
262 63
262 64
262 65
262 66
262 67
262 68
262 69
262 70
262 71
262 72
262 73
262 74
262 75
262 76
262 77
262 78
262 79
262 80
262 81
262 82
262 83
262 84
262 85
262 86
262 87
262 88
262 89
262 90
262 91
262 92
262 93
262 94
262 95
262 96
262 97
262 98
262 99
262 100
262 101
262 102
262 103
262 104
262 105
262 106
262 107
262 108
262 109
262 110
262 111
262 112
262 113
262 114
262 115
262 116
262 117
262 118
262 119
262 120
262 121
262 122
262 123
262 124
262 125
262 126
262 127
262 128
262 129
262 130
262 131
262 132
262 133
262 134
262 135
262 136
262 137
262 138
262 139
262 140
262 141
262 142
262 143
262 144
262 145
262 146
262 147
262 148
262 149
262 150
262 151
262 152
262 153
262 154
262 155
262 156
262 157
262 158
262 159
262 160
262 161
262 162
262 163
262 164
262 165
262 166
262 167
262 168
262 169
262 170
262 171
262 172
262 173
262 174
262 175
262 176
262 177
262 178
262 179
262 180
262 181
262 182
262 183
262 184
262 185
262 186
262 187
262 188
262 189
262 190
262 191
262 192
262 193
262 194
262 195
262 196
262 197
262 198
262 199
262 200
262 201
262 202
262 203
262 204
262 205
262 206
262 207
262 208
262 209
262 210
262 211
262 212
262 213
262 214
262 215
262 216
262 217
262 218
262 219
262 220
262 221
262 222
262 223
262 224
262 225
262 226
262 227
262 228
262 229
262 230
262 231
262 232
262 233
262 234
262 235
262 236
262 237
262 238
262 239
262 240
262 241
262 242
262 243
262 244
262 245
262 246
262 247
262 248
262 249
262 250
262 251
262 252
262 253
262 254
262 255
262 256
262 257
263 0
263 1
263 2
263 3
263 4
263 5
263 6
263 7
263 8
263 9
263 10
263 11
263 12
263 13
263 14
263 15
263 16
263 17
263 18
263 19
263 20
263 21
263 22
263 23
263 24
263 25
263 26
263 27
263 28
263 29
263 30
263 31
263 32
263 33
263 34
263 35
263 36
263 37
263 38
263 39
263 40
263 41
263 42
263 43
263 44
263 45
263 46
263 47
263 48
263 49
263 50
263 51
263 52
263 53
263 54
263 55
263 56
263 57
263 58
263 59
263 60
263 61
263 62
263 63
263 64
263 65
263 66
263 67
263 68
263 69
263 70
263 71
263 72
263 73
263 74
263 75
263 76
263 77
263 78
263 79
263 80
263 81
263 82
263 83
263 84
263 85
263 86
263 87
263 88
263 89
263 90
263 91
263 92
263 93
263 94
263 95
263 96
263 97
263 98
263 99
263 100
263 101
263 102
263 103
263 104
263 105
263 106
263 107
263 108
263 109
263 110
263 111
263 112
263 113
263 114
263 115
263 116
263 117
263 118
263 119
263 120
263 121
263 122
263 123
263 124
263 125
263 126
263 127
263 128
263 129
263 130
263 131
263 132
263 133
263 134
263 135
263 136
263 137
263 138
263 139
263 140
263 141
263 142
263 143
263 144
263 145
263 146
263 147
263 148
263 149
263 150
263 151
263 152
263 153
263 154
263 155
263 156
263 157
263 158
263 159
263 160
263 161
263 162
263 163
263 164
263 165
263 166
263 167
263 168
263 169
263 170
263 171
263 172
263 173
263 174
263 175
263 176
263 177
263 178
263 179
263 180
263 181
263 182
263 183
263 184
263 185
263 186
263 187
263 188
263 189
263 190
263 191
263 192
263 193
263 194
263 195
263 196
263 197
263 198
263 199
263 200
263 201
263 202
263 203
263 204
263 205
263 206
263 207
263 208
263 209
263 210
263 211
263 212
263 213
263 214
263 215
263 216
263 217
263 218
263 219
263 220
263 221
263 222
263 223
263 224
263 225
263 226
263 227
263 228
263 229
263 230
263 231
263 232
263 233
263 234
263 235
263 236
263 237
263 238
263 239
263 240
263 241
263 242
263 243
263 244
263 245
263 246
263 247
263 248
263 249
263 250
263 251
263 252
263 253
263 254
263 255
263 256
263 257
264 0
264 1
264 2
264 3
264 4
264 5
264 6
264 7
264 8
264 9
264 10
264 11
264 12
264 13
264 14
264 15
264 16
264 17
264 18
264 19
264 20
264 21
264 22
264 23
264 24
264 25
264 26
264 27
264 28
264 29
264 30
264 31
264 32
264 33
264 34
264 35
264 36
264 37
264 38
264 39
264 40
264 41
264 42
264 43
264 44
264 45
264 46
264 47
264 48
264 49
264 50
264 51
264 52
264 53
264 54
264 55
264 56
264 57
264 58
264 59
264 60
264 61
264 62
264 63
264 64
264 65
264 66
264 67
264 68
264 69
264 70
264 71
264 72
264 73
264 74
264 75
264 76
264 77
264 78
264 79
264 80
264 81
264 82
264 83
264 84
264 85
264 86
264 87
264 88
264 89
264 90
264 91
264 92
264 93
264 94
264 95
264 96
264 97
264 98
264 99
264 100
264 101
264 102
264 103
264 104
264 105
264 106
264 107
264 108
264 109
264 110
264 111
264 112
264 113
264 114
264 115
264 116
264 117
264 118
264 119
264 120
264 121
264 122
264 123
264 124
264 125
264 126
264 127
264 128
264 129
264 130
264 131
264 132
264 133
264 134
264 135
264 136
264 137
264 138
264 139
264 140
264 141
264 142
264 143
264 144
264 145
264 146
264 147
264 148
264 149
264 150
264 151
264 152
264 153
264 154
264 155
264 156
264 157
264 158
264 159
264 160
264 161
264 162
264 163
264 164
264 165
264 166
264 167
264 168
264 169
264 170
264 171
264 172
264 173
264 174
264 175
264 176
264 177
264 178
264 179
264 180
264 181
264 182
264 183
264 184
264 185
264 186
264 187
264 188
264 189
264 190
264 191
264 192
264 193
264 194
264 195
264 196
264 197
264 198
264 199
264 200
264 201
264 202
264 203
264 204
264 205
264 206
264 207
264 208
264 209
264 210
264 211
264 212
264 213
264 214
264 215
264 216
264 217
264 218
264 219
264 220
264 221
264 222
264 223
264 224
264 225
264 226
264 227
264 228
264 229
264 230
264 231
264 232
264 233
264 234
264 235
264 236
264 237
264 238
264 239
264 240
264 241
264 242
264 243
264 244
264 245
264 246
264 247
264 248
264 249
264 250
264 251
264 252
264 253
264 254
264 255
264 256
264 257
265 0
265 1
265 2
265 3
265 4
265 5
265 6
265 7
265 8
265 9
265 10
265 11
265 12
265 13
265 14
265 15
265 16
265 17
265 18
265 19
265 20
265 21
265 22
265 23
265 24
265 25
265 26
265 27
265 28
265 29
265 30
265 31
265 32
265 33
265 34
265 35
265 36
265 37
265 38
265 39
265 40
265 41
265 42
265 43
265 44
265 45
265 46
265 47
265 48
265 49
265 50
265 51
265 52
265 53
265 54
265 55
265 56
265 57
265 58
265 59
265 60
265 61
265 62
265 63
265 64
265 65
265 66
265 67
265 68
265 69
265 70
265 71
265 72
265 73
265 74
265 75
265 76
265 77
265 78
265 79
265 80
265 81
265 82
265 83
265 84
265 85
265 86
265 87
265 88
265 89
265 90
265 91
265 92
265 93
265 94
265 95
265 96
265 97
265 98
265 99
265 100
265 101
265 102
265 103
265 104
265 105
265 106
265 107
265 108
265 109
265 110
265 111
265 112
265 113
265 114
265 115
265 116
265 117
265 118
265 119
265 120
265 121
265 122
265 123
265 124
265 125
265 126
265 127
265 128
265 129
265 130
265 131
265 132
265 133
265 134
265 135
265 136
265 137
265 138
265 139
265 140
265 141
265 142
265 143
265 144
265 145
265 146
265 147
265 148
265 149
265 150
265 151
265 152
265 153
265 154
265 155
265 156
265 157
265 158
265 159
265 160
265 161
265 162
265 163
265 164
265 165
265 166
265 167
265 168
265 169
265 170
265 171
265 172
265 173
265 174
265 175
265 176
265 177
265 178
265 179
265 180
265 181
265 182
265 183
265 184
265 185
265 186
265 187
265 188
265 189
265 190
265 191
265 192
265 193
265 194
265 195
265 196
265 197
265 198
265 199
265 200
265 201
265 202
265 203
265 204
265 205
265 206
265 207
265 208
265 209
265 210
265 211
265 212
265 213
265 214
265 215
265 216
265 217
265 218
265 219
265 220
265 221
265 222
265 223
265 224
265 225
265 226
265 227
265 228
265 229
265 230
265 231
265 232
265 233
265 234
265 235
265 236
265 237
265 238
265 239
265 240
265 241
265 242
265 243
265 244
265 245
265 246
265 247
265 248
265 249
265 250
265 251
265 252
265 253
265 254
265 255
265 256
265 257
266 0
266 1
266 2
266 3
266 4
266 5
266 6
266 7
266 8
266 9
266 10
266 11
266 12
266 13
266 14
266 15
266 16
266 17
266 18
266 19
266 20
266 21
266 22
266 23
266 24
266 25
266 26
266 27
266 28
266 29
266 30
266 31
266 32
266 33
266 34
266 35
266 36
266 37
266 38
266 39
266 40
266 41
266 42
266 43
266 44
266 45
266 46
266 47
266 48
266 49
266 50
266 51
266 52
266 53
266 54
266 55
266 56
266 57
266 58
266 59
266 60
266 61
266 62
266 63
266 64
266 65
266 66
266 67
266 68
266 69
266 70
266 71
266 72
266 73
266 74
266 75
266 76
266 77
266 78
266 79
266 80
266 81
266 82
266 83
266 84
266 85
266 86
266 87
266 88
266 89
266 90
266 91
266 92
266 93
266 94
266 95
266 96
266 97
266 98
266 99
266 100
266 101
266 102
266 103
266 104
266 105
266 106
266 107
266 108
266 109
266 110
266 111
266 112
266 113
266 114
266 115
266 116
266 117
266 118
266 119
266 120
266 121
266 122
266 123
266 124
266 125
266 126
266 127
266 128
266 129
266 130
266 131
266 132
266 133
266 134
266 135
266 136
266 137
266 138
266 139
266 140
266 141
266 142
266 143
266 144
266 145
266 146
266 147
266 148
266 149
266 150
266 151
266 152
266 153
266 154
266 155
266 156
266 157
266 158
266 159
266 160
266 161
266 162
266 163
266 164
266 165
266 166
266 167
266 168
266 169
266 170
266 171
266 172
266 173
266 174
266 175
266 176
266 177
266 178
266 179
266 180
266 181
266 182
266 183
266 184
266 185
266 186
266 187
266 188
266 189
266 190
266 191
266 192
266 193
266 194
266 195
266 196
266 197
266 198
266 199
266 200
266 201
266 202
266 203
266 204
266 205
266 206
266 207
266 208
266 209
266 210
266 211
266 212
266 213
266 214
266 215
266 216
266 217
266 218
266 219
266 220
266 221
266 222
266 223
266 224
266 225
266 226
266 227
266 228
266 229
266 230
266 231
266 232
266 233
266 234
266 235
266 236
266 237
266 238
266 239
266 240
266 241
266 242
266 243
266 244
266 245
266 246
266 247
266 248
266 249
266 250
266 251
266 252
266 253
266 254
266 255
266 256
266 257
267 0
267 1
267 2
267 3
267 4
267 5
267 6
267 7
267 8
267 9
267 10
267 11
267 12
267 13
267 14
267 15
267 16
267 17
267 18
267 19
267 20
267 21
267 22
267 23
267 24
267 25
267 26
267 27
267 28
267 29
267 30
267 31
267 32
267 33
267 34
267 35
267 36
267 37
267 38
267 39
267 40
267 41
267 42
267 43
267 44
267 45
267 46
267 47
267 48
267 49
267 50
267 51
267 52
267 53
267 54
267 55
267 56
267 57
267 58
267 59
267 60
267 61
267 62
267 63
267 64
267 65
267 66
267 67
267 68
267 69
267 70
267 71
267 72
267 73
267 74
267 75
267 76
267 77
267 78
267 79
267 80
267 81
267 82
267 83
267 84
267 85
267 86
267 87
267 88
267 89
267 90
267 91
267 92
267 93
267 94
267 95
267 96
267 97
267 98
267 99
267 100
267 101
267 102
267 103
267 104
267 105
267 106
267 107
267 108
267 109
267 110
267 111
267 112
267 113
267 114
267 115
267 116
267 117
267 118
267 119
267 120
267 121
267 122
267 123
267 124
267 125
267 126
267 127
267 128
267 129
267 130
267 131
267 132
267 133
267 134
267 135
267 136
267 137
267 138
267 139
267 140
267 141
267 142
267 143
267 144
267 145
267 146
267 147
267 148
267 149
267 150
267 151
267 152
267 153
267 154
267 155
267 156
267 157
267 158
267 159
267 160
267 161
267 162
267 163
267 164
267 165
267 166
267 167
267 168
267 169
267 170
267 171
267 172
267 173
267 174
267 175
267 176
267 177
267 178
267 179
267 180
267 181
267 182
267 183
267 184
267 185
267 186
267 187
267 188
267 189
267 190
267 191
267 192
267 193
267 194
267 195
267 196
267 197
267 198
267 199
267 200
267 201
267 202
267 203
267 204
267 205
267 206
267 207
267 208
267 209
267 210
267 211
267 212
267 213
267 214
267 215
267 216
267 217
267 218
267 219
267 220
267 221
267 222
267 223
267 224
267 225
267 226
267 227
267 228
267 229
267 230
267 231
267 232
267 233
267 234
267 235
267 236
267 237
267 238
267 239
267 240
267 241
267 242
267 243
267 244
267 245
267 246
267 247
267 248
267 249
267 250
267 251
267 252
267 253
267 254
267 255
267 256
267 257
268 0
268 1
268 2
268 3
268 4
268 5
268 6
268 7
268 8
268 9
268 10
268 11
268 12
268 13
268 14
268 15
268 16
268 17
268 18
268 19
268 20
268 21
268 22
268 23
268 24
268 25
268 26
268 27
268 28
268 29
268 30
268 31
268 32
268 33
268 34
268 35
268 36
268 37
268 38
268 39
268 40
268 41
268 42
268 43
268 44
268 45
268 46
268 47
268 48
268 49
268 50
268 51
268 52
268 53
268 54
268 55
268 56
268 57
268 58
268 59
268 60
268 61
268 62
268 63
268 64
268 65
268 66
268 67
268 68
268 69
268 70
268 71
268 72
268 73
268 74
268 75
268 76
268 77
268 78
268 79
268 80
268 81
268 82
268 83
268 84
268 85
268 86
268 87
268 88
268 89
268 90
268 91
268 92
268 93
268 94
268 95
268 96
268 97
268 98
268 99
268 100
268 101
268 102
268 103
268 104
268 105
268 106
268 107
268 108
268 109
268 110
268 111
268 112
268 113
268 114
268 115
268 116
268 117
268 118
268 119
268 120
268 121
268 122
268 123
268 124
268 125
268 126
268 127
268 128
268 129
268 130
268 131
268 132
268 133
268 134
268 135
268 136
268 137
268 138
268 139
268 140
268 141
268 142
268 143
268 144
268 145
268 146
268 147
268 148
268 149
268 150
268 151
268 152
268 153
268 154
268 155
268 156
268 157
268 158
268 159
268 160
268 161
268 162
268 163
268 164
268 165
268 166
268 167
268 168
268 169
268 170
268 171
268 172
268 173
268 174
268 175
268 176
268 177
268 178
268 179
268 180
268 181
268 182
268 183
268 184
268 185
268 186
268 187
268 188
268 189
268 190
268 191
268 192
268 193
268 194
268 195
268 196
268 197
268 198
268 199
268 200
268 201
268 202
268 203
268 204
268 205
268 206
268 207
268 208
268 209
268 210
268 211
268 212
268 213
268 214
268 215
268 216
268 217
268 218
268 219
268 220
268 221
268 222
268 223
268 224
268 225
268 226
268 227
268 228
268 229
268 230
268 231
268 232
268 233
268 234
268 235
268 236
268 237
268 238
268 239
268 240
268 241
268 242
268 243
268 244
268 245
268 246
268 247
268 248
268 249
268 250
268 251
268 252
268 253
268 254
268 255
268 256
268 257
269 0
269 1
269 2
269 3
269 4
269 5
269 6
269 7
269 8
269 9
269 10
269 11
269 12
269 13
269 14
269 15
269 16
269 17
269 18
269 19
269 20
269 21
269 22
269 23
269 24
269 25
269 26
269 27
269 28
269 29
269 30
269 31
269 32
269 33
269 34
269 35
269 36
269 37
269 38
269 39
269 40
269 41
269 42
269 43
269 44
269 45
269 46
269 47
269 48
269 49
269 50
269 51
269 52
269 53
269 54
269 55
269 56
269 57
269 58
269 59
269 60
269 61
269 62
269 63
269 64
269 65
269 66
269 67
269 68
269 69
269 70
269 71
269 72
269 73
269 74
269 75
269 76
269 77
269 78
269 79
269 80
269 81
269 82
269 83
269 84
269 85
269 86
269 87
269 88
269 89
269 90
269 91
269 92
269 93
269 94
269 95
269 96
269 97
269 98
269 99
269 100
269 101
269 102
269 103
269 104
269 105
269 106
269 107
269 108
269 109
269 110
269 111
269 112
269 113
269 114
269 115
269 116
269 117
269 118
269 119
269 120
269 121
269 122
269 123
269 124
269 125
269 126
269 127
269 128
269 129
269 130
269 131
269 132
269 133
269 134
269 135
269 136
269 137
269 138
269 139
269 140
269 141
269 142
269 143
269 144
269 145
269 146
269 147
269 148
269 149
269 150
269 151
269 152
269 153
269 154
269 155
269 156
269 157
269 158
269 159
269 160
269 161
269 162
269 163
269 164
269 165
269 166
269 167
269 168
269 169
269 170
269 171
269 172
269 173
269 174
269 175
269 176
269 177
269 178
269 179
269 180
269 181
269 182
269 183
269 184
269 185
269 186
269 187
269 188
269 189
269 190
269 191
269 192
269 193
269 194
269 195
269 196
269 197
269 198
269 199
269 200
269 201
269 202
269 203
269 204
269 205
269 206
269 207
269 208
269 209
269 210
269 211
269 212
269 213
269 214
269 215
269 216
269 217
269 218
269 219
269 220
269 221
269 222
269 223
269 224
269 225
269 226
269 227
269 228
269 229
269 230
269 231
269 232
269 233
269 234
269 235
269 236
269 237
269 238
269 239
269 240
269 241
269 242
269 243
269 244
269 245
269 246
269 247
269 248
269 249
269 250
269 251
269 252
269 253
269 254
269 255
269 256
269 257
270 0
270 1
270 2
270 3
270 4
270 5
270 6
270 7
270 8
270 9
270 10
270 11
270 12
270 13
270 14
270 15
270 16
270 17
270 18
270 19
270 20
270 21
270 22
270 23
270 24
270 25
270 26
270 27
270 28
270 29
270 30
270 31
270 32
270 33
270 34
270 35
270 36
270 37
270 38
270 39
270 40
270 41
270 42
270 43
270 44
270 45
270 46
270 47
270 48
270 49
270 50
270 51
270 52
270 53
270 54
270 55
270 56
270 57
270 58
270 59
270 60
270 61
270 62
270 63
270 64
270 65
270 66
270 67
270 68
270 69
270 70
270 71
270 72
270 73
270 74
270 75
270 76
270 77
270 78
270 79
270 80
270 81
270 82
270 83
270 84
270 85
270 86
270 87
270 88
270 89
270 90
270 91
270 92
270 93
270 94
270 95
270 96
270 97
270 98
270 99
270 100
270 101
270 102
270 103
270 104
270 105
270 106
270 107
270 108
270 109
270 110
270 111
270 112
270 113
270 114
270 115
270 116
270 117
270 118
270 119
270 120
270 121
270 122
270 123
270 124
270 125
270 126
270 127
270 128
270 129
270 130
270 131
270 132
270 133
270 134
270 135
270 136
270 137
270 138
270 139
270 140
270 141
270 142
270 143
270 144
270 145
270 146
270 147
270 148
270 149
270 150
270 151
270 152
270 153
270 154
270 155
270 156
270 157
270 158
270 159
270 160
270 161
270 162
270 163
270 164
270 165
270 166
270 167
270 168
270 169
270 170
270 171
270 172
270 173
270 174
270 175
270 176
270 177
270 178
270 179
270 180
270 181
270 182
270 183
270 184
270 185
270 186
270 187
270 188
270 189
270 190
270 191
270 192
270 193
270 194
270 195
270 196
270 197
270 198
270 199
270 200
270 201
270 202
270 203
270 204
270 205
270 206
270 207
270 208
270 209
270 210
270 211
270 212
270 213
270 214
270 215
270 216
270 217
270 218
270 219
270 220
270 221
270 222
270 223
270 224
270 225
270 226
270 227
270 228
270 229
270 230
270 231
270 232
270 233
270 234
270 235
270 236
270 237
270 238
270 239
270 240
270 241
270 242
270 243
270 244
270 245
270 246
270 247
270 248
270 249
270 250
270 251
270 252
270 253
270 254
270 255
270 256
270 257
271 0
271 1
271 2
271 3
271 4
271 5
271 6
271 7
271 8
271 9
271 10
271 11
271 12
271 13
271 14
271 15
271 16
271 17
271 18
271 19
271 20
271 21
271 22
271 23
271 24
271 25
271 26
271 27
271 28
271 29
271 30
271 31
271 32
271 33
271 34
271 35
271 36
271 37
271 38
271 39
271 40
271 41
271 42
271 43
271 44
271 45
271 46
271 47
271 48
271 49
271 50
271 51
271 52
271 53
271 54
271 55
271 56
271 57
271 58
271 59
271 60
271 61
271 62
271 63
271 64
271 65
271 66
271 67
271 68
271 69
271 70
271 71
271 72
271 73
271 74
271 75
271 76
271 77
271 78
271 79
271 80
271 81
271 82
271 83
271 84
271 85
271 86
271 87
271 88
271 89
271 90
271 91
271 92
271 93
271 94
271 95
271 96
271 97
271 98
271 99
271 100
271 101
271 102
271 103
271 104
271 105
271 106
271 107
271 108
271 109
271 110
271 111
271 112
271 113
271 114
271 115
271 116
271 117
271 118
271 119
271 120
271 121
271 122
271 123
271 124
271 125
271 126
271 127
271 128
271 129
271 130
271 131
271 132
271 133
271 134
271 135
271 136
271 137
271 138
271 139
271 140
271 141
271 142
271 143
271 144
271 145
271 146
271 147
271 148
271 149
271 150
271 151
271 152
271 153
271 154
271 155
271 156
271 157
271 158
271 159
271 160
271 161
271 162
271 163
271 164
271 165
271 166
271 167
271 168
271 169
271 170
271 171
271 172
271 173
271 174
271 175
271 176
271 177
271 178
271 179
271 180
271 181
271 182
271 183
271 184
271 185
271 186
271 187
271 188
271 189
271 190
271 191
271 192
271 193
271 194
271 195
271 196
271 197
271 198
271 199
271 200
271 201
271 202
271 203
271 204
271 205
271 206
271 207
271 208
271 209
271 210
271 211
271 212
271 213
271 214
271 215
271 216
271 217
271 218
271 219
271 220
271 221
271 222
271 223
271 224
271 225
271 226
271 227
271 228
271 229
271 230
271 231
271 232
271 233
271 234
271 235
271 236
271 237
271 238
271 239
271 240
271 241
271 242
271 243
271 244
271 245
271 246
271 247
271 248
271 249
271 250
271 251
271 252
271 253
271 254
271 255
271 256
271 257
272 0
272 1
272 2
272 3
272 4
272 5
272 6
272 7
272 8
272 9
272 10
272 11
272 12
272 13
272 14
272 15
272 16
272 17
272 18
272 19
272 20
272 21
272 22
272 23
272 24
272 25
272 26
272 27
272 28
272 29
272 30
272 31
272 32
272 33
272 34
272 35
272 36
272 37
272 38
272 39
272 40
272 41
272 42
272 43
272 44
272 45
272 46
272 47
272 48
272 49
272 50
272 51
272 52
272 53
272 54
272 55
272 56
272 57
272 58
272 59
272 60
272 61
272 62
272 63
272 64
272 65
272 66
272 67
272 68
272 69
272 70
272 71
272 72
272 73
272 74
272 75
272 76
272 77
272 78
272 79
272 80
272 81
272 82
272 83
272 84
272 85
272 86
272 87
272 88
272 89
272 90
272 91
272 92
272 93
272 94
272 95
272 96
272 97
272 98
272 99
272 100
272 101
272 102
272 103
272 104
272 105
272 106
272 107
272 108
272 109
272 110
272 111
272 112
272 113
272 114
272 115
272 116
272 117
272 118
272 119
272 120
272 121
272 122
272 123
272 124
272 125
272 126
272 127
272 128
272 129
272 130
272 131
272 132
272 133
272 134
272 135
272 136
272 137
272 138
272 139
272 140
272 141
272 142
272 143
272 144
272 145
272 146
272 147
272 148
272 149
272 150
272 151
272 152
272 153
272 154
272 155
272 156
272 157
272 158
272 159
272 160
272 161
272 162
272 163
272 164
272 165
272 166
272 167
272 168
272 169
272 170
272 171
272 172
272 173
272 174
272 175
272 176
272 177
272 178
272 179
272 180
272 181
272 182
272 183
272 184
272 185
272 186
272 187
272 188
272 189
272 190
272 191
272 192
272 193
272 194
272 195
272 196
272 197
272 198
272 199
272 200
272 201
272 202
272 203
272 204
272 205
272 206
272 207
272 208
272 209
272 210
272 211
272 212
272 213
272 214
272 215
272 216
272 217
272 218
272 219
272 220
272 221
272 222
272 223
272 224
272 225
272 226
272 227
272 228
272 229
272 230
272 231
272 232
272 233
272 234
272 235
272 236
272 237
272 238
272 239
272 240
272 241
272 242
272 243
272 244
272 245
272 246
272 247
272 248
272 249
272 250
272 251
272 252
272 253
272 254
272 255
272 256
272 257
273 0
273 1
273 2
273 3
273 4
273 5
273 6
273 7
273 8
273 9
273 10
273 11
273 12
273 13
273 14
273 15
273 16
273 17
273 18
273 19
273 20
273 21
273 22
273 23
273 24
273 25
273 26
273 27
273 28
273 29
273 30
273 31
273 32
273 33
273 34
273 35
273 36
273 37
273 38
273 39
273 40
273 41
273 42
273 43
273 44
273 45
273 46
273 47
273 48
273 49
273 50
273 51
273 52
273 53
273 54
273 55
273 56
273 57
273 58
273 59
273 60
273 61
273 62
273 63
273 64
273 65
273 66
273 67
273 68
273 69
273 70
273 71
273 72
273 73
273 74
273 75
273 76
273 77
273 78
273 79
273 80
273 81
273 82
273 83
273 84
273 85
273 86
273 87
273 88
273 89
273 90
273 91
273 92
273 93
273 94
273 95
273 96
273 97
273 98
273 99
273 100
273 101
273 102
273 103
273 104
273 105
273 106
273 107
273 108
273 109
273 110
273 111
273 112
273 113
273 114
273 115
273 116
273 117
273 118
273 119
273 120
273 121
273 122
273 123
273 124
273 125
273 126
273 127
273 128
273 129
273 130
273 131
273 132
273 133
273 134
273 135
273 136
273 137
273 138
273 139
273 140
273 141
273 142
273 143
273 144
273 145
273 146
273 147
273 148
273 149
273 150
273 151
273 152
273 153
273 154
273 155
273 156
273 157
273 158
273 159
273 160
273 161
273 162
273 163
273 164
273 165
273 166
273 167
273 168
273 169
273 170
273 171
273 172
273 173
273 174
273 175
273 176
273 177
273 178
273 179
273 180
273 181
273 182
273 183
273 184
273 185
273 186
273 187
273 188
273 189
273 190
273 191
273 192
273 193
273 194
273 195
273 196
273 197
273 198
273 199
273 200
273 201
273 202
273 203
273 204
273 205
273 206
273 207
273 208
273 209
273 210
273 211
273 212
273 213
273 214
273 215
273 216
273 217
273 218
273 219
273 220
273 221
273 222
273 223
273 224
273 225
273 226
273 227
273 228
273 229
273 230
273 231
273 232
273 233
273 234
273 235
273 236
273 237
273 238
273 239
273 240
273 241
273 242
273 243
273 244
273 245
273 246
273 247
273 248
273 249
273 250
273 251
273 252
273 253
273 254
273 255
273 256
273 257
274 0
274 1
274 2
274 3
274 4
274 5
274 6
274 7
274 8
274 9
274 10
274 11
274 12
274 13
274 14
274 15
274 16
274 17
274 18
274 19
274 20
274 21
274 22
274 23
274 24
274 25
274 26
274 27
274 28
274 29
274 30
274 31
274 32
274 33
274 34
274 35
274 36
274 37
274 38
274 39
274 40
274 41
274 42
274 43
274 44
274 45
274 46
274 47
274 48
274 49
274 50
274 51
274 52
274 53
274 54
274 55
274 56
274 57
274 58
274 59
274 60
274 61
274 62
274 63
274 64
274 65
274 66
274 67
274 68
274 69
274 70
274 71
274 72
274 73
274 74
274 75
274 76
274 77
274 78
274 79
274 80
274 81
274 82
274 83
274 84
274 85
274 86
274 87
274 88
274 89
274 90
274 91
274 92
274 93
274 94
274 95
274 96
274 97
274 98
274 99
274 100
274 101
274 102
274 103
274 104
274 105
274 106
274 107
274 108
274 109
274 110
274 111
274 112
274 113
274 114
274 115
274 116
274 117
274 118
274 119
274 120
274 121
274 122
274 123
274 124
274 125
274 126
274 127
274 128
274 129
274 130
274 131
274 132
274 133
274 134
274 135
274 136
274 137
274 138
274 139
274 140
274 141
274 142
274 143
274 144
274 145
274 146
274 147
274 148
274 149
274 150
274 151
274 152
274 153
274 154
274 155
274 156
274 157
274 158
274 159
274 160
274 161
274 162
274 163
274 164
274 165
274 166
274 167
274 168
274 169
274 170
274 171
274 172
274 173
274 174
274 175
274 176
274 177
274 178
274 179
274 180
274 181
274 182
274 183
274 184
274 185
274 186
274 187
274 188
274 189
274 190
274 191
274 192
274 193
274 194
274 195
274 196
274 197
274 198
274 199
274 200
274 201
274 202
274 203
274 204
274 205
274 206
274 207
274 208
274 209
274 210
274 211
274 212
274 213
274 214
274 215
274 216
274 217
274 218
274 219
274 220
274 221
274 222
274 223
274 224
274 225
274 226
274 227
274 228
274 229
274 230
274 231
274 232
274 233
274 234
274 235
274 236
274 237
274 238
274 239
274 240
274 241
274 242
274 243
274 244
274 245
274 246
274 247
274 248
274 249
274 250
274 251
274 252
274 253
274 254
274 255
274 256
274 257
275 0
275 1
275 2
275 3
275 4
275 5
275 6
275 7
275 8
275 9
275 10
275 11
275 12
275 13
275 14
275 15
275 16
275 17
275 18
275 19
275 20
275 21
275 22
275 23
275 24
275 25
275 26
275 27
275 28
275 29
275 30
275 31
275 32
275 33
275 34
275 35
275 36
275 37
275 38
275 39
275 40
275 41
275 42
275 43
275 44
275 45
275 46
275 47
275 48
275 49
275 50
275 51
275 52
275 53
275 54
275 55
275 56
275 57
275 58
275 59
275 60
275 61
275 62
275 63
275 64
275 65
275 66
275 67
275 68
275 69
275 70
275 71
275 72
275 73
275 74
275 75
275 76
275 77
275 78
275 79
275 80
275 81
275 82
275 83
275 84
275 85
275 86
275 87
275 88
275 89
275 90
275 91
275 92
275 93
275 94
275 95
275 96
275 97
275 98
275 99
275 100
275 101
275 102
275 103
275 104
275 105
275 106
275 107
275 108
275 109
275 110
275 111
275 112
275 113
275 114
275 115
275 116
275 117
275 118
275 119
275 120
275 121
275 122
275 123
275 124
275 125
275 126
275 127
275 128
275 129
275 130
275 131
275 132
275 133
275 134
275 135
275 136
275 137
275 138
275 139
275 140
275 141
275 142
275 143
275 144
275 145
275 146
275 147
275 148
275 149
275 150
275 151
275 152
275 153
275 154
275 155
275 156
275 157
275 158
275 159
275 160
275 161
275 162
275 163
275 164
275 165
275 166
275 167
275 168
275 169
275 170
275 171
275 172
275 173
275 174
275 175
275 176
275 177
275 178
275 179
275 180
275 181
275 182
275 183
275 184
275 185
275 186
275 187
275 188
275 189
275 190
275 191
275 192
275 193
275 194
275 195
275 196
275 197
275 198
275 199
275 200
275 201
275 202
275 203
275 204
275 205
275 206
275 207
275 208
275 209
275 210
275 211
275 212
275 213
275 214
275 215
275 216
275 217
275 218
275 219
275 220
275 221
275 222
275 223
275 224
275 225
275 226
275 227
275 228
275 229
275 230
275 231
275 232
275 233
275 234
275 235
275 236
275 237
275 238
275 239
275 240
275 241
275 242
275 243
275 244
275 245
275 246
275 247
275 248
275 249
275 250
275 251
275 252
275 253
275 254
275 255
275 256
275 257
276 0
276 1
276 2
276 3
276 4
276 5
276 6
276 7
276 8
276 9
276 10
276 11
276 12
276 13
276 14
276 15
276 16
276 17
276 18
276 19
276 20
276 21
276 22
276 23
276 24
276 25
276 26
276 27
276 28
276 29
276 30
276 31
276 32
276 33
276 34
276 35
276 36
276 37
276 38
276 39
276 40
276 41
276 42
276 43
276 44
276 45
276 46
276 47
276 48
276 49
276 50
276 51
276 52
276 53
276 54
276 55
276 56
276 57
276 58
276 59
276 60
276 61
276 62
276 63
276 64
276 65
276 66
276 67
276 68
276 69
276 70
276 71
276 72
276 73
276 74
276 75
276 76
276 77
276 78
276 79
276 80
276 81
276 82
276 83
276 84
276 85
276 86
276 87
276 88
276 89
276 90
276 91
276 92
276 93
276 94
276 95
276 96
276 97
276 98
276 99
276 100
276 101
276 102
276 103
276 104
276 105
276 106
276 107
276 108
276 109
276 110
276 111
276 112
276 113
276 114
276 115
276 116
276 117
276 118
276 119
276 120
276 121
276 122
276 123
276 124
276 125
276 126
276 127
276 128
276 129
276 130
276 131
276 132
276 133
276 134
276 135
276 136
276 137
276 138
276 139
276 140
276 141
276 142
276 143
276 144
276 145
276 146
276 147
276 148
276 149
276 150
276 151
276 152
276 153
276 154
276 155
276 156
276 157
276 158
276 159
276 160
276 161
276 162
276 163
276 164
276 165
276 166
276 167
276 168
276 169
276 170
276 171
276 172
276 173
276 174
276 175
276 176
276 177
276 178
276 179
276 180
276 181
276 182
276 183
276 184
276 185
276 186
276 187
276 188
276 189
276 190
276 191
276 192
276 193
276 194
276 195
276 196
276 197
276 198
276 199
276 200
276 201
276 202
276 203
276 204
276 205
276 206
276 207
276 208
276 209
276 210
276 211
276 212
276 213
276 214
276 215
276 216
276 217
276 218
276 219
276 220
276 221
276 222
276 223
276 224
276 225
276 226
276 227
276 228
276 229
276 230
276 231
276 232
276 233
276 234
276 235
276 236
276 237
276 238
276 239
276 240
276 241
276 242
276 243
276 244
276 245
276 246
276 247
276 248
276 249
276 250
276 251
276 252
276 253
276 254
276 255
276 256
276 257
