2.995
2.890
2.623
2.507
2.972
3.225
2.933
3.478
3.084
3.563
3.850
4.145
4.410
4.486
4.500
4.133
3.956
3.518
3.442
3.071
2.936
2.829
2.599
2.200
1.995
1.663
1.356
1.585
1.540
1.976
2.250
2.439
2.708
3.143
3.486
3.680
3.948
3.956
3.595
3.103
3.043
2.944
2.266
2.404
2.020
1.916
1.532
1.484
1.054
1.076
1.068
1.233
1.322
1.598
1.510
1.661
1.411
1.760
1.517
1.966
1.699
2.431
2.345
2.956
3.224
3.407
3.746
3.974
4.269
4.248
4.760
4.713
5.180
5.269
4.877
4.643
4.314
4.001
3.691
3.459
3.083
3.061
2.798
2.830
2.444
2.340
2.040
1.968
1.488
1.917
1.791
1.983
2.129
1.871
2.219
2.515
2.803
2.838
3.160
2.924
2.589
3.034
3.143
2.628
2.894
3.232
3.166
2.622
3.248
3.498
3.047
3.122
3.686
3.996
4.221
3.909
3.863
3.366
3.667
3.914
3.786
3.326
3.828
4.053
3.798
3.682
3.669
3.613
4.004
4.301
4.503
4.078
3.798
4.105
4.211
3.652
3.892
3.381
3.519
3.891
3.916
4.359
4.566
4.380
4.068
4.109
3.717
3.951
3.615
3.832
3.912
3.554
3.415
3.569
3.227
2.920
3.252
2.929
3.255
3.112
3.373
3.297
3.602
3.929
3.706
3.491
3.102
3.080
3.290
3.140
3.236
2.755
3.122
2.795
3.089
2.821
3.098
2.350
2.883
2.582
2.744
2.993
3.045
2.768
2.991
2.263
2.711
2.464
2.619
2.222
2.618
2.546
2.780
2.957
2.955
3.250
3.285
3.519
2.988
3.503
3.350
3.684
3.937
3.817
3.887
3.552
3.424
3.165
2.809
2.604
2.480
2.317
2.421
2.142
2.367
2.027
2.388
2.109
2.667
2.573
3.017
3.168
3.414
3.649
3.632
3.953
4.095
4.009
3.679
3.678
3.817
3.558
3.233
3.486
3.515
3.171
3.025
3.335
3.264
2.712
2.813
3.296
3.489
3.377
3.061
2.749
2.513
2.815
2.835
2.495
2.437
2.751
2.646
2.301
2.240
2.122
2.186
2.411
2.761
2.647
2.339
2.262
2.724
2.977
2.664
3.171
2.794
3.278
3.536
3.868
4.093
4.192
4.239
3.895
3.724
3.291
3.204
2.832
2.697
2.590
2.368
1.985
1.762
1.430
1.144
1.345
1.298
1.729
2.021
2.193
2.488
2.916
3.260
3.461
3.762
3.802
3.441
2.991
2.851
2.726
2.088
2.171
1.794
1.655
1.268
1.148
0.646
0.586
0.462
0.648
0.777
1.043
0.948
1.120
0.881
1.278
1.143
1.609
1.473
2.174
2.154
2.733
3.015
3.234
3.562
3.805
4.123
4.188
4.665
4.664
5.125
5.170
4.784
4.524
4.207
3.893
3.580
3.392
3.025
2.982
2.640
2.604
2.255
2.056
1.797
1.564
1.078
1.384
1.217
1.409
1.542
1.345
1.673
1.958
2.258
2.363
2.632
2.356
2.059
2.504
2.587
2.058
2.398
2.706
2.611
2.140
2.748
2.988
2.551
2.681
3.214
3.542
3.764
3.402
3.398
2.886
3.215
3.483
3.410
2.927
3.457
3.690
3.508
3.388
3.405
3.282
3.727
4.039
4.138
3.723
3.449
3.647
3.720
3.125
3.355
2.815
2.952
3.343
3.361
3.813
4.010
3.809
3.486
3.529
3.143
3.428
3.098
3.429
3.556
3.217
3.140
3.341
3.024
2.758
3.028
2.709
2.931
2.805
2.954
2.912
3.109
3.459
3.221
3.044
2.751
2.616
2.826
2.662
2.738
2.418
2.670
2.441
2.739
2.578
2.850
2.100
2.659
2.355
2.508
2.770
2.910
2.571
2.709
1.988
2.392
2.184
2.149
1.933
2.072
2.149
2.206
2.418
2.385
2.698
2.758
3.022
2.554
3.105
2.973
3.340
3.576
3.417
3.457
3.124
2.980
2.695
2.317
2.084
1.928
1.765
1.838
1.626
1.828
1.543
1.932
1.817
2.325
2.292
2.756
2.989
3.181
3.447
3.430
3.721
3.793
3.733
3.407
3.353
3.485
3.256
2.921
3.113
3.167
2.832
2.628
2.949
2.905
2.346
2.379
2.887
3.028
3.019
2.692
2.393
2.135
2.409
2.428
2.101
1.981
2.282
2.218
1.879
1.851
1.794
1.915
2.167
2.600
2.508
2.112
2.192
2.541
2.803
2.428
2.931
2.562
3.045
3.299
3.631
3.850
3.953
4.009
3.672
3.498
3.095
3.030
2.628
2.621
2.522
2.394
2.057
1.710
1.547
1.229
1.332
1.287
1.633
1.946
1.982
2.434
2.822
3.181
3.380
3.680
3.696
3.345
2.926
2.732
2.587
2.030
1.996
1.624
1.429
1.050
0.920
0.413
0.429
0.265
0.489
0.716
0.931
0.719
0.900
0.427
1.028
0.914
1.375
1.300
1.961
2.048
2.530
2.843
3.080
3.389
3.636
3.957
3.976
4.500
4.538
5.006
5.072
4.690
4.422
4.103
3.793
3.467
3.281
2.869
2.728
2.531
2.401
2.063
1.815
1.502
1.267
0.765
1.039
0.732
1.065
1.210
1.202
1.473
1.692
2.006
2.155
2.326
2.021
1.802
2.198
2.185
1.669
2.067
2.322
2.141
1.774
2.340
2.552
2.070
2.283
2.777
3.117
3.287
2.916
2.890
2.360
2.743
3.019
2.918
2.489
3.036
3.262
3.146
2.914
2.911
2.741
3.182
3.480
3.592
3.177
2.864
3.086
3.167
2.588
2.859
2.288
2.478
2.892
2.929
3.391
3.564
3.372
3.020
3.034
2.618
2.871
2.537
2.834
2.957
2.614
2.576
2.798
2.511
2.251
2.541
2.175
2.347
2.209
2.360
2.319
2.545
2.886
2.689
2.521
2.182
2.132
2.324
2.104
2.178
1.818
2.093
1.855
2.173
2.099
2.411
1.711
2.310
2.033
2.217
2.481
2.622
2.288
2.391
1.668
1.946
1.665
1.630
1.376
1.520
1.558
1.705
1.902
1.958
2.255
2.401
2.667
2.246
2.816
2.627
3.030
3.272
3.061
3.073
2.734
2.535
2.277
1.924
1.745
1.545
1.272
1.326
1.069
1.304
0.983
1.455
1.481
1.934
1.987
2.452
2.696
2.873
3.151
3.135
3.388
3.441
3.427
3.105
3.000
3.153
2.971
2.596
2.770
2.878
2.568
2.237
2.623
2.659
2.084
2.073
2.615
2.743
2.772
2.445
2.149
1.886
2.159
2.186
1.864
1.732
2.040
1.996
1.669
1.618
1.571
1.693
1.981
2.790
2.668
2.172
2.288
2.620
2.841
2.342
2.772
2.393
2.855
3.079
3.409
3.624
3.763
3.817
3.490
3.351
2.950
2.955
2.556
2.649
2.597
2.446
2.193
1.924
1.772
1.507
1.532
1.434
1.752
2.020
1.987
2.433
2.764
3.126
3.297
3.609
3.553
3.212
2.716
2.642
2.488
2.010
1.929
1.557
1.463
1.114
1.104
0.427
0.754
0.391
0.598
0.885
0.934
0.635
0.744
0.223
0.851
0.786
1.203
1.205
1.757
1.925
2.336
2.651
2.819
3.125
3.344
3.667
3.719
4.227
4.285
4.749
4.800
4.420
4.182
3.829
3.550
3.196
3.029
2.624
2.483
2.244
2.122
1.769
1.582
1.223
1.059
0.557
0.807
0.489
0.858
1.047
1.169
1.410
1.523
1.845
2.050
2.126
1.812
1.608
1.981
1.952
1.449
1.828
2.080
1.899
1.529
2.091
2.280
1.714
2.004
2.459
2.792
2.883
2.556
2.425
1.896
2.335
2.590
2.423
2.072
2.613
2.816
2.683
2.403
2.368
2.199
2.622
2.910
3.063
2.661
2.319
2.604
2.711
2.165
2.525
1.959
2.242
2.649
2.700
3.152
3.326
3.146
2.796
2.771
2.321
2.497
2.145
2.349
2.438
2.098
2.057
2.227
1.936
1.749
1.943
1.578
1.787
1.682
1.889
1.855
2.188
2.513
2.387
2.194
1.727
1.891
2.048
1.776
1.800
1.341
1.620
1.306
1.626
1.516
1.848
1.318
1.992
1.729
1.978
2.258
2.383
2.030
1.996
1.367
1.476
1.115
1.177
0.778
1.178
1.118
1.462
1.702
1.785
2.090
2.281
2.551
2.226
2.786
2.608
3.038
3.271
3.016
2.990
2.636
2.371
2.139
1.813
1.649
1.420
1.098
1.108
0.827
0.982
0.581
1.062
1.072
1.538
1.683
2.091
2.404
2.592
2.873
2.777
3.005
3.063
3.103
2.786
2.649
2.844
2.714
2.282
2.493
2.652
2.347
1.912
2.390
2.436
1.863
1.834
2.379
2.506
2.628
2.326
2.085
1.727
1.986
2.085
1.790
1.528
1.859
1.932
1.572
1.627
1.676
1.820
2.157
3.059
2.875
2.387
2.445
2.699
2.878
2.308
2.686
2.263
2.614
2.916
3.129
3.459
3.622
3.574
3.250
3.200
2.803
2.910
2.527
2.726
2.722
2.497
2.309
2.210
1.969
1.809
1.833
1.645
1.957
2.042
2.070
2.373
2.742
3.084
3.065
3.422
3.239
2.946
2.486
2.448
2.387
1.865
1.947
1.607
1.622
1.338
1.421
0.787
1.247
0.879
1.093
1.388
1.384
1.005
1.085
0.440
0.954
0.931
1.183
1.078
1.629
1.742
1.999
2.293
2.408
2.663
2.851
3.172
3.257
3.749
3.882
4.328
4.360
4.002
3.768
3.416
3.172
2.815
2.696
2.303
2.063
1.821
1.687
1.310
1.274
0.971
0.896
0.389
0.856
0.647
1.102
1.290
1.574
1.728
1.759
2.089
2.249
2.218
1.873
1.832
2.080
1.895
1.467
1.806
1.996
1.698
1.451
1.909
2.043
1.475
1.784
2.223
2.555
2.638
2.310
2.132
1.651
2.068
2.284
2.029
1.714
2.202
2.373
2.152
1.931
1.876
1.793
2.169
2.460
2.672
2.256
1.997
2.362
2.471
1.920
2.287
1.731
2.037
2.436
2.567
2.983
3.121
2.995
2.615
2.558
2.109
2.276
1.918
2.126
2.200
1.893
1.759
1.788
1.465
1.262
1.422
1.117
1.454
1.475
1.666
1.656
1.979
2.312
2.210
2.041
1.565
1.773
1.892
1.599
1.594
1.168
1.383
1.054
1.281
0.991
1.314
0.662
1.369
1.088
1.384
1.655
1.802
1.488
1.373
0.747
0.998
0.687
0.937
0.499
0.957
0.938
1.275
1.539
1.730
2.034
2.253
2.532
2.287
2.806
2.631
3.086
3.307
2.993
2.922
2.562
2.281
2.047
1.711
1.737
1.458
1.113
1.001
0.657
0.754
0.357
0.843
0.476
1.078
1.100
1.515
1.815
1.932
2.251
2.212
2.484
2.597
2.660
2.335
2.158
2.443
2.373
1.884
2.154
2.377
2.168
1.645
2.190
2.328
1.732
1.762
2.314
2.503
2.674
2.396
2.205
1.762
2.042
2.228
2.006
1.601
2.029
2.206
1.887
1.891
1.951
2.033
2.399
3.555
3.323
2.840
2.874
3.048
3.166
2.546
2.742
2.322
2.508
2.753
2.862
3.207
3.436
3.369
3.120
3.130
2.802
3.029
2.703
3.028
3.097
2.877
2.856
2.745
2.622
2.459
2.388
2.237
2.387
2.497
2.455
2.672
2.866
3.194
3.044
3.447
3.150
2.887
2.513
2.540
2.436
2.158
2.222
1.956
2.060
1.864
1.990
1.417
1.884
1.493
1.655
1.951
1.890
1.497
1.611
1.084
1.420
1.466
1.509
1.519
1.730
1.953
2.012
2.259
2.228
2.466
2.573
2.887
2.956
3.436
3.625
4.044
4.078
3.749
3.486
3.194
2.998
2.630
2.557
2.239
1.907
1.738
1.653
1.301
1.284
1.051
1.189
0.914
1.243
1.130
1.546
1.717
2.052
2.181
2.173
2.478
2.597
2.524
2.185
2.191
2.353
2.088
1.744
2.026
2.003
1.653
1.644
1.863
1.752
1.198
1.425
1.846
2.098
2.000
1.688
1.425
1.017
1.457
1.643
1.316
1.236
1.667
1.789
1.564
1.258
1.148
1.012
1.379
1.668
1.877
1.470
1.225
1.637
1.826
1.413
1.944
1.535
2.012
2.305
2.599
2.866
2.944
2.959
2.585
2.413
1.969
1.914
1.546
1.464
1.430
1.142
0.918
0.975
0.680
0.688
0.674
0.368
0.700
0.710
0.969
1.138
1.584
1.920
1.871
1.789
0.971
1.722
1.810
1.496
1.382
0.764
0.865
0.483
0.500
0.266
0.630
0.203
0.792
0.732
1.016
1.371
1.453
1.065
0.930
0.592
0.655
0.302
0.550
0.250
0.948
0.912
1.466
1.736
2.004
2.238
2.466
2.733
2.545
3.002
2.770
3.207
3.410
3.042
2.922
2.603
2.257
2.186
1.918
2.091
1.788
1.372
1.303
0.976
0.863
0.522
0.696
0.413
0.931
1.017
1.241
1.519
1.450
1.835
1.849
2.080
2.088
2.343
2.068
1.751
2.071
2.147
1.685
1.731
2.082
2.059
1.380
1.990
2.257
1.867
1.776
2.365
2.629
2.885
2.685
2.573
2.085
2.332
2.547
2.418
1.929
2.379
2.595
2.331
2.378
2.471
2.493
2.904
3.327
3.061
2.704
2.446
2.781
2.920
2.380
2.778
2.263
2.581
2.957
3.118
3.509
3.652
3.546
3.180
3.108
2.660
2.798
2.433
2.577
2.628
2.311
2.175
2.264
1.934
1.838
1.918
1.608
1.907
1.850
2.126
2.135
2.490
2.819
2.852
3.139
2.990
2.670
2.129
2.149
2.128
1.616
1.831
1.463
1.731
1.478
1.779
1.108
1.783
1.502
1.772
2.076
2.190
1.849
1.810
1.131
1.419
1.110
1.313
0.892
1.492
1.451
1.828
2.099
2.136
2.411
2.525
2.827
2.781
3.331
3.441
3.891
3.982
3.624
3.438
3.060
2.834
2.447
2.284
1.856
1.597
1.550
1.544
1.208
1.234
0.864
1.178
0.890
1.461
1.448
1.903
2.179
2.382
2.624
2.609
2.899
3.006
3.023
2.688
2.588
2.814
2.632
2.203
2.485
2.613
2.280
1.944
2.411
2.427
1.826
1.953
2.472
2.719
2.703
2.379
2.109
1.739
2.095
2.251
1.924
1.719
2.097
2.134
1.832
1.739
1.670
1.696
1.995
2.275
2.513
2.130
1.917
2.371
2.554
2.141
2.653
2.204
2.644
2.970
3.216
3.536
3.630
3.601
3.215
3.072
2.620
2.615
2.252
2.205
2.172
1.909
1.641
1.580
1.225
0.906
1.201
0.921
1.360
1.481
1.707
1.883
2.308
2.656
2.605
2.484
1.705
2.378
2.459
2.139
2.046
1.433
1.557
1.147
1.222
0.842
1.053
0.392
0.751
0.524
0.736
1.043
1.211
0.963
0.990
0.479
0.978
0.680
1.104
0.732
1.494
1.452
2.004
2.283
2.545
2.818
3.016
3.282
3.007
3.509
3.251
3.681
3.912
3.592
3.515
3.171
2.860
2.743
2.444
2.612
2.330
1.929
1.866
1.531
1.390
1.074
1.026
0.502
1.092
0.887
1.228
1.437
1.390
1.771
1.871
2.182
2.305
2.469
2.172
1.914
2.306
2.323
1.823
2.145
2.418
2.220
1.752
2.355
2.506
1.905
2.124
2.633
2.942
3.025
2.728
2.526
2.033
2.431
2.663
2.446
2.102
2.612
2.797
2.595
2.365
2.330
2.256
2.633
3.257
2.964
2.613
2.316
2.610
2.729
2.174
2.541
2.001
2.298
2.687
2.830
3.233
3.379
3.255
2.890
2.831
2.386
2.552
2.192
2.388
2.466
2.142
2.079
2.212
1.912
1.862
1.897
1.563
1.783
1.696
1.935
1.926
2.252
2.571
2.569
2.862
2.554
2.335
1.768
1.880
1.872
1.423
1.640
1.310
1.608
1.459
1.773
1.215
1.924
1.639
1.938
2.261
2.324
1.998
1.870
1.248
1.381
1.049
1.140
0.771
1.223
1.213
1.531
1.776
1.673
2.001
2.095
2.379
2.258
2.840
2.902
3.363
3.485
3.116
2.945
2.560
2.324
1.928
1.749
1.363
1.031
1.120
1.231
0.900
0.976
0.587
1.006
0.932
1.426
1.544
1.960
2.274
2.487
2.750
2.659
2.903
2.970
3.018
2.698
2.559
2.759
2.624
2.189
2.410
2.573
2.248
1.835
2.327
2.351
1.764
1.800
2.336
2.519
2.579
2.254
1.997
1.638
1.930
2.048
1.768
1.506
1.876
1.921
1.607
1.548
1.535
1.663
1.984
2.295
2.507
2.068
2.128
2.459
2.679
2.191
2.659
2.257
2.728
2.980
3.299
3.539
3.665
3.699
3.353
3.211
2.808
2.805
2.403
2.486
2.433
2.287
2.036
1.738
1.618
1.319
1.348
1.293
1.593
1.859
1.822
2.277
2.617
2.979
3.025
2.929
2.216
2.829
2.847
2.500
2.348
1.909
1.777
1.409
1.300
0.952
0.898
0.287
0.524
0.289
0.362
0.649
0.757
0.525
0.772
0.247
0.792
0.628
1.059
1.087
1.632
1.862
2.232
2.556
2.826
3.135
3.389
3.694
3.502
4.006
3.804
4.255
4.476
4.134
4.031
3.687
3.356
3.179
2.850
2.912
2.600
2.226
2.024
1.638
1.471
1.112
0.946
0.444
0.849
0.651
0.986
1.062
1.078
1.381
1.532
1.850
2.079
2.197
1.864
1.700
2.075
2.077
1.584
1.905
2.169
1.941
1.551
2.119
2.278
1.695
1.960
2.433
2.758
2.856
2.541
2.388
1.871
2.289
2.538
2.362
2.001
2.536
2.738
2.594
2.328
2.296
2.163
2.568
3.056
2.732
2.413
2.044
2.339
2.439
1.910
2.275
1.708
2.021
2.429
2.556
2.975
3.105
2.970
2.593
2.528
2.071
2.227
1.875
2.035
2.096
1.722
1.594
1.858
1.601
1.574
1.733
1.322
1.529
1.250
1.597
1.487
1.879
2.172
2.136
2.331
2.049
1.815
1.213
1.482
1.521
0.931
1.349
1.049
1.383
1.337
1.673
1.272
1.985
1.737
2.055
2.400
2.436
2.110
1.909
1.368
1.346
0.949
0.972
0.560
0.933
0.798
1.218
1.343
1.291
1.614
1.748
1.990
1.855
2.429
2.437
2.910
3.037
2.652
2.475
2.093
1.831
1.481
1.229
0.808
0.604
0.752
0.956
0.594
0.778
0.396
0.912
1.011
1.436
1.650
2.019
2.352
2.551
2.818
2.693
2.895
2.928
3.000
2.698
2.516
2.706
2.607
2.182
2.339
2.528
2.279
1.761
2.249
2.423
1.859
1.802
2.369
2.493
2.640
2.351
2.109
1.783
1.980
2.062
1.754
1.513
1.814
1.853
1.435
1.604
1.679
1.849
2.186
2.527
2.655
2.181
2.428
2.682
2.924
2.434
2.812
2.416
2.793
3.020
3.293
3.545
3.728
3.749
3.445
3.364
3.008
3.104
2.693
2.829
2.759
2.680
2.401
2.066
2.049
1.760
1.698
1.708
1.936
2.218
2.108
2.689
2.984
3.343
3.310
3.298
2.673
3.112
3.121
2.794
2.660
2.262
2.124
1.751
1.607
1.233
1.148
0.741
0.669
0.335
0.208
0.502
0.541
0.303
0.643
0.404
0.890
0.997
1.350
1.518
1.851
2.158
2.362
2.688
2.928
3.239
3.526
3.846
3.689
4.203
4.067
4.526
4.741
4.412
4.314
3.939
3.655
3.394
3.042
3.062
2.685
2.351
2.123
1.718
1.531
1.153
1.074
0.692
0.807
0.432
0.753
0.827
0.848
1.135
1.292
1.617
1.875
1.983
1.591
1.495
1.888
1.872
1.347
1.789
1.998
1.687
1.492
1.932
2.057
1.501
1.830
2.251
2.587
2.650
2.321
2.192
1.657
2.125
2.382
2.215
1.901
2.442
2.643
2.523
2.221
2.168
1.970
2.378
3.306
2.911
2.664
2.139
2.455
2.466
2.112
2.323
1.708
1.907
2.371
2.330
2.851
2.962
2.706
2.321
2.317
1.875
2.066
1.817
1.958
2.055
1.660
1.630
1.974
1.873
1.867
2.078
1.618
1.754
1.272
1.551
1.338
1.639
1.884
1.782
1.958
1.726
1.459
0.836
1.169
1.351
0.887
1.443
1.356
1.761
1.892
2.247
2.031
2.691
2.500
2.822
3.167
3.178
2.846
2.623
2.110
2.007
1.634
1.480
1.158
1.039
0.743
0.973
1.050
1.060
1.383
1.513
1.747
1.615
2.181
2.193
2.664
2.788
2.403
2.222
1.844
1.564
1.226
0.983
0.569
0.382
0.515
0.720
0.303
0.956
0.886
1.443
1.719
2.073
2.348
2.697
3.038
3.278
3.519
3.339
3.497
3.477
3.528
3.247
3.034
3.162
3.062
2.715
2.728
2.876
2.621
2.217
2.569
2.656
2.162
1.988
2.502
2.471
2.710
2.504
2.312
1.996
2.054
2.169
1.896
1.569
1.863
1.931
1.474
1.838
1.972
2.184
2.460
2.870
2.903
2.429
2.805
2.987
3.194
2.695
3.043
2.740
3.168
3.325
3.644
3.830
3.996
4.103
3.826
3.703
3.342
3.395
2.991
3.209
3.147
3.116
2.856
2.510
2.576
2.297
2.174
2.229
2.386
2.651
2.461
3.110
3.345
3.697
3.732
3.762
3.147
3.657
3.612
3.273
3.082
2.676
2.445
2.126
1.940
1.644
1.499
1.238
1.192
0.832
0.691
0.923
0.510
0.416
0.902
0.876
1.222
1.462
1.701
1.979
2.297
2.640
2.860
3.226
3.510
3.807
4.110
4.444
4.345
4.833
4.693
5.158
5.367
5.011
4.888
4.519
4.210
3.976
3.629
3.720
3.309
2.996
2.724
2.333
2.039
1.702
1.467
1.094
0.965
0.531
0.780
0.658
0.926
1.004
1.171
1.466
1.784
1.770
1.381
1.439
1.763
1.642
1.182
1.686
1.919
1.651
1.579
2.032
2.186
1.800
2.152
2.495
2.854
2.947
2.516
2.515
2.049
2.493
2.809
2.710
2.417
2.963
3.184
3.141
2.786
2.660
2.350
2.698
2.724
2.361
2.076
1.617
1.926
1.988
1.551
1.902
1.322
1.680
2.106
2.208
2.642
2.731
2.585
2.188
2.096
1.618
1.725
1.398
1.552
1.651
1.277
1.189
1.446
1.263
1.309
1.421
0.967
1.161
0.807
1.098
1.014
1.367
1.648
1.576
1.788
1.632
1.299
0.715
0.923
1.012
0.499
0.915
0.742
1.116
1.215
1.572
1.384
2.024
1.882
2.209
2.565
2.570
2.243
1.992
1.498
1.380
0.969
0.892
0.539
0.670
0.283
0.867
0.994
1.088
1.429
1.631
1.891
1.911
2.361
2.334
2.793
2.858
2.467
2.240
1.902
1.590
1.283
1.067
0.762
0.787
0.453
0.645
0.311
0.632
0.394
0.902
1.131
1.493
1.782
2.104
2.448
2.647
2.906
2.745
2.906
2.905
2.992
2.709
2.492
2.665
2.594
2.193
2.280
2.478
2.252
1.718
2.180
2.367
1.846
1.706
2.273
2.354
2.594
2.377
2.193
1.834
1.956
2.099
1.834
1.474
1.795
1.916
1.491
1.771
1.913
2.091
2.407
2.792
2.843
2.346
2.667
2.847
3.032
2.481
2.775
2.418
2.789
2.973
3.250
3.478
3.670
3.717
3.439
3.360
3.032
3.130
2.750
3.024
2.986
2.929
2.704
2.399
2.442
2.184
2.054
2.078
2.239
2.486
2.295
2.856
3.066
3.414
3.383
3.421
2.906
3.250
3.218
2.902
2.749
2.350
2.207
1.913
1.787
1.502
1.424
1.135
1.180
0.778
0.780
1.099
0.900
0.524
0.843
0.704
1.082
1.276
1.471
1.696
1.935
2.251
2.410
2.774
3.020
3.325
3.630
3.961
3.853
4.354
4.244
4.709
4.915
4.573
4.460
4.080
3.800
3.525
3.173
3.201
2.765
2.475
2.205
1.815
1.555
1.233
1.137
0.795
0.801
0.438
0.727
0.776
1.063
1.277
1.250
1.569
1.835
1.795
1.461
1.436
1.736
1.614
1.141
1.591
1.778
1.420
1.370
1.762
1.811
1.343
1.724
2.069
2.405
2.383
2.030
1.908
1.416
1.940
2.213
2.049
1.843
2.378
2.562
2.472
2.121
2.014
1.718
2.082
1.968
1.680
1.349
1.092
1.470
1.651
1.228
1.754
1.350
1.826
2.119
2.384
2.677
2.749
2.721
2.319
2.184
1.705
1.705
1.358
1.356
1.346
1.040
0.879
0.955
0.664
0.645
0.655
0.387
0.567
0.562
0.801
0.859
1.309
1.619
1.735
1.993
2.000
1.635
1.224
1.075
1.052
0.308
0.692
0.313
0.385
0.264
0.630
0.520
1.092
1.101
1.391
1.747
1.779
1.388
1.164
0.754
0.673
0.320
0.477
0.352
0.792
0.442
1.138
1.328
1.557
1.888
2.135
2.434
2.574
2.959
2.955
3.393
3.401
3.023
2.739
2.445
2.116
1.865
1.714
1.429
1.383
0.894
1.108
0.755
0.855
0.718
0.705
0.726
1.006
1.256
1.431
1.741
1.756
2.087
2.001
2.127
2.078
2.319
2.074
1.782
2.018
2.094
1.654
1.644
1.993
1.973
1.288
1.876
2.142
1.803
1.644
2.232
2.479
2.746
2.567
2.583
2.110
2.259
2.510
2.506
1.966
2.398
2.648
2.342
2.571
2.710
2.654
3.107
3.461
3.425
2.962
3.024
3.055
3.116
2.502
2.643
2.266
2.440
2.656
2.774
3.103
3.337
3.293
3.049
3.060
2.779
3.013
2.716
3.092
3.205
3.066
3.086
3.046
3.017
2.892
2.739
2.560
2.592
2.763
2.566
2.850
2.953
3.274
3.131
3.218
2.937
2.929
2.915
2.679
2.458
2.262
2.267
2.128
2.252
2.178
2.328
1.800
2.128
1.718
1.747
2.043
1.742
1.509
1.788
1.402
1.706
1.822
1.641
1.832
1.844
2.065
2.037
2.387
2.536
2.832
3.126
3.432
3.299
3.812
3.769
4.214
4.408
4.110
4.026
3.637
3.435
3.092
2.751
2.612
2.164
1.964
1.686
1.437
1.276
1.174
1.313
1.257
1.481
1.351
1.620
1.609
2.008
2.172
2.028
2.296
2.458
2.275
1.978
2.126
2.199
1.894
1.700
1.869
1.828
1.480
1.511
1.703
1.578
1.024
1.296
1.689
1.948
1.843
1.531
1.280
0.851
1.325
1.521
1.220
1.152
1.593
1.729
1.557
1.214
1.100
0.906
1.281
2.629
2.321
2.165
1.630
2.203
2.315
2.060
2.510
1.964
2.312
2.707
2.858
3.261
3.381
3.264
2.883
2.797
2.326
2.278
1.992
1.812
1.748
1.422
0.994
1.213
0.909
0.728
1.150
0.861
1.248
0.972
1.481
1.400
1.884
2.184
2.319
2.581
2.569
2.221
1.656
1.713
1.690
0.944
1.381
1.056
1.329
1.141
1.477
1.107
1.681
1.586
1.883
2.219
2.319
2.001
1.836
1.267
1.360
0.942
1.127
0.512
1.213
1.006
1.524
1.783
1.904
2.238
2.446
2.724
2.663
3.197
3.172
3.645
3.749
3.356
3.147
2.789
2.488
2.158
1.918
1.512
1.463
1.343
1.293
0.945
1.032
0.670
1.075
0.933
1.475
1.607
1.994
2.311
2.444
2.753
2.686
2.917
2.985
3.073
2.764
2.577
2.816
2.731
2.271
2.455
2.676
2.463
1.907
2.444
2.645
2.067
2.048
2.625
2.820
3.019
2.776
2.611
2.155
2.405
2.600
2.400
1.970
2.380
2.565
2.218
2.310
2.396
2.479
2.860
3.212
3.327
2.822
2.897
3.116
3.277
2.690
3.026
2.598
2.943
3.206
3.444
3.734
3.921
3.905
3.591
3.526
3.152
3.278
2.908
3.141
3.155
2.979
2.852
2.685
2.559
2.347
2.305
2.173
2.402
2.620
2.501
2.850
3.124
3.477
3.418
3.365
2.822
3.137
3.191
2.870
2.772
2.386
2.345
2.029
2.069
1.801
1.892
1.237
1.639
1.256
1.321
1.589
1.476
1.216
1.464
0.873
1.387
1.391
1.607
1.597
1.976
2.247
2.436
2.748
2.957
3.272
3.542
3.845
3.625
4.160
4.009
4.458
4.682
4.380
4.307
3.935
3.664
3.398
3.050
3.015
2.689
2.337
2.154
1.755
1.644
1.270
1.273
0.839
1.239
0.997
1.429
1.589
1.848
2.067
2.049
2.374
2.559
2.500
2.162
2.151
2.397
2.188
1.787
2.126
2.291
1.980
1.770
2.202
2.292
1.715
2.011
2.461
2.781
2.781
2.492
2.197
1.786
2.262
2.500
2.202
1.998
2.517
2.685
2.439
2.141
1.966
1.794
2.011
3.206
2.937
2.613
2.288
2.701
2.840
2.350
2.784
2.260
2.613
2.996
3.166
3.554
3.676
3.574
3.195
3.103
2.641
2.738
2.381
2.459
2.445
2.112
1.743
1.886
1.533
1.321
1.683
1.365
1.782
1.632
2.043
1.995
2.404
2.733
2.798
3.037
2.906
2.573
1.987
2.087
2.066
1.442
1.752
1.368
1.642
1.365
1.687
1.052
1.706
1.485
1.751
2.063
2.219
1.920
1.813
1.183
1.439
1.065
1.338
0.782
1.494
1.363
1.842
2.103
2.192
2.514
2.695
2.970
2.875
3.442
3.440
3.915
4.034
3.645
3.449
3.076
2.795
2.449
2.215
1.782
1.623
1.589
1.598
1.261
1.301
0.936
1.262
0.937
1.541
1.575
1.986
2.277
2.376
2.704
2.689
2.956
3.045
3.145
2.826
2.626
2.906
2.833
2.354
2.586
2.811
2.604
2.057
2.614
2.815
2.221
2.259
2.831
3.069
3.241
2.975
2.800
2.337
2.620
2.819
2.617
2.191
2.625
2.785
2.396
2.489
2.544
2.618
3.001
3.340
3.489
2.999
2.991
3.249
3.411
2.823
3.177
2.720
3.049
3.348
3.565
3.883
4.065
4.018
3.687
3.629
3.232
3.372
3.012
3.210
3.234
3.013
2.903
2.767
2.572
2.294
2.372
2.198
2.473
2.623
2.611
2.867
3.171
3.523
3.451
3.348
2.795
3.092
3.186
2.875
2.808
2.415
2.422
2.075
2.175
1.895
1.969
1.271
1.569
1.179
1.214
1.473
1.551
1.260
1.606
0.966
1.554
1.483
1.716
1.601
2.042
2.230
2.463
2.760
2.947
3.262
3.509
3.794
3.512
4.061
3.886
4.322
4.556
4.279
4.228
3.864
3.600
3.344
3.002
2.934
2.665
2.297
2.157
1.780
1.707
1.375
1.422
0.948
1.451
1.204
1.633
1.757
1.921
2.147
2.236
2.559
2.816
2.793
2.456
2.391
2.681
2.485
2.069
2.404
2.572
2.273
2.002
2.456
2.546
1.951
2.205
2.685
2.990
3.021
2.721
2.496
2.009
2.442
2.666
2.406
2.134
2.631
2.796
2.573
2.318
2.249
2.169
2.517
3.405
3.165
2.825
2.577
2.974
3.128
2.632
3.070
2.568
2.917
3.288
3.471
3.847
3.977
3.884
3.511
3.419
2.961
3.058
2.696
2.762
2.778
2.464
2.228
2.287
1.929
1.796
1.950
1.639
2.049
1.990
2.308
2.333
2.730
3.063
3.131
3.406
3.267
2.950
2.367
2.421
2.395
1.799
2.051
1.655
1.874
1.550
1.826
1.101
1.677
1.457
1.678
1.954
2.133
1.880
1.850
1.171
1.580
1.274
1.586
1.081
1.792
1.698
2.161
2.428
2.538
2.841
3.017
3.284
3.136
3.729
3.712
4.188
4.334
3.946
3.766
3.388
3.109
2.770
2.512
2.081
1.888
1.912
1.894
1.561
1.581
1.224
1.468
1.039
1.655
1.589
2.019
2.277
2.355
2.655
2.723
3.025
3.138
3.235
2.907
2.710
3.019
2.944
2.459
2.742
2.956
2.743
2.228
2.787
2.976
2.371
2.469
3.025
3.299
3.417
3.101
2.874
2.457
2.767
2.947
2.685
2.345
2.760
2.866
2.528
2.497
2.497
2.579
2.912
3.225
3.439
2.988
2.916
3.270
3.457
2.921
3.313
2.833
3.151
3.484
3.678
4.026
4.198
4.123
3.775
3.719
3.300
3.442
3.082
3.175
3.169
2.919
2.721
2.593
2.312
1.965
2.193
1.983
2.367
2.492
2.604
2.818
3.186
3.538
3.467
3.310
2.671
3.035
3.165
2.867
2.829
2.329
2.429
2.035
2.116
1.763
1.876
1.141
1.522
1.190
1.349
1.569
1.754
1.501
1.700
1.001
1.622
1.429
1.790
1.522
2.108
2.193
2.493
2.773
2.941
3.253
3.472
3.736
3.393
3.952
3.748
4.169
4.412
4.159
4.131
3.779
3.519
3.280
2.950
2.860
2.643
2.274
2.177
1.833
1.789
1.458
1.574
1.041
1.620
1.371
1.806
1.994
2.066
2.359
2.462
2.788
3.007
3.038
2.704
2.554
2.895
2.774
2.326
2.662
2.848
2.565
2.228
2.708
2.810
2.203
2.416
2.921
3.214
3.257
2.950
2.723
2.260
2.653
2.866
2.591
2.305
2.781
2.919
2.678
2.466
2.408
2.386
2.716
3.517
3.313
2.955
2.776
3.175
3.346
2.846
3.290
2.806
3.170
3.510
3.723
4.066
4.214
4.146
3.783
3.685
3.235
3.320
2.957
3.009
3.011
2.719
2.465
2.460
2.099
1.917
2.078
1.809
2.230
2.256
2.505
2.616
3.010
3.352
3.436
3.717
3.611
3.272
2.740
2.728
2.682
2.096
2.290
1.888
2.032
1.678
1.868
1.121
1.589
1.323
1.516
1.764
1.936
1.665
1.802
1.083
1.650
1.400
1.751
1.339
2.041
2.004
2.451
2.730
2.866
3.178
3.353
3.631
3.509
4.101
4.126
4.597
4.731
4.351
4.169
3.786
3.527
3.168
2.936
2.512
2.259
2.261
2.191
1.853
1.797
1.454
1.578
1.051
1.660
1.473
1.920
2.131
2.236
2.433
2.609
2.936
3.117
3.161
2.823
2.664
2.985
2.883
2.408
2.733
2.944
2.700
2.272
2.808
2.957
2.348
2.544
3.059
3.353
3.437
3.132
2.919
2.453
2.817
3.034
2.787
2.450
2.927
3.079
2.797
2.654
2.619
2.607
2.971
3.266
3.487
3.065
2.840
3.200
3.354
2.826
3.242
2.737
3.058
3.431
3.591
3.983
4.130
4.027
3.651
3.584
3.134
3.263
2.899
3.005
3.037
2.721
2.528
2.566
2.199
1.787
2.202
1.915
2.298
2.271
2.534
2.564
2.949
3.289
3.187
2.985
2.380
2.713
2.873
2.598
2.593
2.031
2.272
1.885
2.103
1.784
2.014
1.275
1.675
1.379
1.572
1.776
1.980
1.797
1.966
1.264
1.729
1.474
1.746
1.309
1.964
1.896
2.315
2.570
2.728
3.030
3.212
3.450
3.054
3.606
3.358
3.766
4.018
3.778
3.767
3.410
3.167
2.971
2.662
2.587
2.402
2.064
2.014
1.685
1.708
1.347
1.598
1.152
1.764
1.657
2.104
2.307
2.303
2.640
2.774
3.096
3.269
3.302
2.966
2.819
3.120
2.995
2.535
2.844
3.041
2.773
2.340
2.858
2.991
2.376
2.520
3.053
3.326
3.410
3.096
2.863
2.439
2.777
2.975
2.692
2.376
2.821
2.950
2.643
2.529
2.486
2.527
2.836
3.735
3.554
3.197
3.045
3.460
3.641
3.149
3.589
3.118
3.490
3.810
4.046
4.361
4.519
4.469
4.110
4.010
3.560
3.636
3.275
3.306
3.295
3.010
2.721
2.690
2.326
2.121
2.307
2.057
2.490
2.548
2.791
2.924
3.326
3.668
3.759
4.037
3.932
3.593
3.055
3.051
3.005
2.403
2.598
2.192
2.299
1.929
2.062
1.333
1.674
1.328
1.436
1.668
1.838
1.589
1.877
1.196
1.852
1.658
2.028
1.654
2.363
2.324
2.779
3.058
3.189
3.502
3.704
4.007
3.964
4.526
4.553
5.025
5.118
4.733
4.518
4.151
3.873
3.518
3.314
2.888
2.703
2.587
2.520
2.180
2.119
1.774
1.820
1.261
1.824
1.536
1.963
2.115
2.212
2.314
2.611
2.935
3.170
3.206
2.868
2.729
3.066
2.955
2.500
2.845
3.063
2.784
2.453
2.968
3.110
2.517
2.762
3.252
3.564
3.633
3.331
3.121
2.628
3.041
3.269
3.025
2.709
3.206
3.351
3.090
2.895
2.826
2.798
3.132
3.398
3.640
3.258
2.922
3.330
3.462
2.956
3.363
2.810
3.121
3.526
3.639
4.070
4.209
4.066
3.681
3.629
3.168
3.306
2.957
3.058
3.065
2.717
2.424
2.575
2.220
1.869
2.310
1.990
2.417
2.243
2.635
2.558
2.964
3.286
3.116
2.898
2.282
2.601
2.776
2.562
2.603
1.995
2.365
1.993
2.276
1.963
2.213
1.525
1.976
1.758
1.980
2.210
2.418
2.223
2.256
1.599
2.002
1.681
1.922
1.405
2.041
1.876
2.321
2.539
2.658
2.945
3.078
3.296
2.832
3.349
3.079
3.445
3.711
3.517
3.547
3.134
2.998
2.831
2.520
2.436
2.301
2.009
2.020
1.698
1.826
1.434
1.796
1.459
2.059
2.005
2.442
2.675
2.671
3.044
3.121
3.443
3.560
3.626
3.293
3.141
3.428
3.308
2.842
3.134
3.326
3.064
2.594
3.119
3.262
2.650
2.739
3.286
3.515
3.641
3.331
3.107
2.689
2.991
3.166
2.898
2.558
2.961
3.064
2.707
2.719
2.700
2.776
3.065
3.526
3.426
3.008
3.052
3.421
3.654
3.193
3.658
3.236
3.677
3.955
4.250
4.514
4.647
4.653
4.309
4.179
3.756
3.772
3.381
3.415
3.355
3.151
2.828
2.607
2.354
2.069
2.221
2.088
2.484
2.705
2.801
3.106
3.515
3.864
3.989
4.268
4.194
3.848
3.326
3.286
3.216
2.605
2.721
2.323
2.262
1.878
1.829
1.215
1.257
0.910
1.020
1.172
1.397
1.319
1.605
1.125
1.778
1.620
2.055
1.852
2.548
2.557
3.032
3.321
3.474
3.789
4.000
4.311
4.298
4.840
4.866
5.337
5.421
5.035
4.812
4.451
4.169
3.815
3.616
3.196
3.043
2.886
2.798
2.455
2.350
2.009
1.914
1.359
1.785
1.463
1.795
1.864
1.812
1.965
2.338
2.670
2.905
3.035
2.711
2.523
2.932
2.912
2.394
2.809
3.060
2.847
2.498
3.058
3.258
2.722
2.952
3.451
3.784
3.884
3.572
3.372
2.867
3.320
3.552
3.298
3.020
3.522
3.682
3.452
3.203
3.126
3.026
3.379
3.632
3.865
3.483
3.095
3.509
3.622
3.155
3.529
2.944
3.174
3.600
3.634
4.108
4.267
4.067
3.700
3.701
3.241
3.395
3.080
3.174
3.203
2.839
2.585
2.786
2.444
2.131
2.558
2.209
2.588
2.371
2.755
2.629
3.015
3.303
3.069
2.809
2.357
2.451
2.646
2.547
2.665
2.067
2.533
2.177
2.485
2.225
2.554
1.894
2.442
2.230
2.444
2.673
2.860
2.598
2.654
1.960
2.324
1.954
2.186
1.604
2.162
1.935
2.353
2.503
2.564
2.818
2.843
3.020
2.464
2.948
2.717
3.057
3.325
3.183
3.251
2.847
2.768
2.576
2.291
2.194
2.101
1.902
2.001
1.691
1.976
1.591
2.044
1.808
2.403
2.334
2.792
3.035
3.120
3.453
3.482
3.802
3.922
3.944
3.605
3.490
3.742
3.558
3.142
3.405
3.528
3.215
2.847
3.289
3.349
2.750
2.789
3.333
3.488
3.579
3.256
2.989
2.651
2.934
3.012
2.695
2.493
2.809
2.809
2.436
2.486
2.474
2.602
2.901
3.689
3.612
3.222
3.263
3.648
3.897
3.477
3.959
3.545
3.998
4.274
4.574
4.834
4.959
4.970
4.622
4.482
4.056
4.051
3.660
3.655
3.579
3.385
3.051
2.783
2.516
2.220
2.411
2.290
2.698
2.977
3.056
3.395
3.795
4.151
4.301
4.576
4.508
4.159
3.635
3.597
3.522
2.904
2.995
2.595
2.510
2.118
2.033
1.489
1.404
1.108
1.181
1.217
1.433
1.495
1.817
1.445
2.052
1.907
2.357
2.160
2.860
2.867
3.352
3.640
3.792
4.108
4.318
4.626
4.599
5.148
5.166
5.639
5.731
5.344
5.124
4.762
4.479
4.126
3.920
3.498
3.341
3.202
3.119
2.776
2.677
2.338
2.237
1.698
2.076
1.737
2.027
2.014
1.894
1.931
2.448
2.802
3.080
3.231
2.847
2.756
3.189
3.154
2.635
3.091
3.338
3.087
2.817
3.358
3.539
3.005
3.285
3.748
4.087
4.176
3.830
3.708
3.179
3.635
3.886
3.686
3.357
3.886
4.077
3.834
3.628
3.566
3.423
3.806
4.063
4.278
3.883
3.465
3.821
3.905
3.416
3.744
3.143
3.385
3.832
3.832
4.334
4.474
4.248
3.869
3.869
3.419
3.607
3.296
3.456
3.521
3.141
2.919
3.174
2.841
2.532
2.994
2.639
2.957
2.694
3.015
2.880
3.216
3.519
3.275
3.010
2.613
2.617
2.824
2.741
2.874
2.328
2.824
2.512
2.849
2.667
3.007
2.321
2.857
2.581
2.770
3.007
3.182
2.901
3.019
2.295
2.706
2.342
2.477
1.960
2.378
2.163
2.509
2.635
2.669
2.919
2.884
3.053
2.471
2.938
2.748
3.051
3.321
3.226
3.327
2.917
2.897
2.675
2.389
2.217
2.169
2.055
2.205
1.840
2.239
1.863
2.357
2.144
2.741
2.649
3.110
3.346
3.464
3.775
3.796
4.121
4.262
4.264
3.925
3.826
4.087
3.894
3.475
3.747
3.859
3.540
3.192
3.623
3.662
3.069
3.103
3.641
3.778
3.850
3.525
3.244
2.937
3.214
3.256
2.926
2.767
3.062
3.016
2.641
2.704
2.677
2.807
3.089
