2.855
2.660
2.187
2.227
2.648
2.878
2.430
2.863
2.473
2.919
3.158
3.494
3.720
3.886
3.871
3.572
3.447
3.050
3.067
2.636
2.619
2.565
2.413
2.041
1.783
1.669
1.334
1.393
1.340
1.696
1.987
2.027
2.483
2.801
3.154
3.186
3.059
2.372
2.931
3.013
2.689
2.557
2.044
1.986
1.607
1.476
1.090
1.051
0.317
0.614
0.357
0.509
0.788
0.977
0.696
0.842
0.431
0.958
0.893
1.286
1.299
1.855
2.034
2.441
2.772
3.051
3.338
3.557
3.828
3.560
4.061
3.798
4.219
4.452
4.192
4.101
3.747
3.451
3.259
2.998
3.145
2.850
2.495
2.272
1.900
1.677
1.275
1.122
0.714
0.863
0.547
0.959
1.148
1.244
1.486
1.620
1.952
2.171
2.233
1.935
1.724
2.073
2.001
1.505
1.907
2.175
1.970
1.631
2.179
2.379
1.958
2.146
2.612
2.950
3.087
2.755
2.678
2.131
2.534
2.818
2.711
2.303
2.848
3.064
2.984
2.732
2.716
2.502
2.952
3.653
3.340
2.957
2.630
2.876
2.964
2.396
2.671
2.110
2.325
2.725
2.810
3.236
3.465
3.289
2.906
2.911
2.483
2.696
2.336
2.594
2.707
2.393
2.293
2.577
2.312
2.239
2.390
1.966
2.123
1.995
2.140
2.238
2.306
2.657
2.454
2.191
1.883
1.785
1.996
1.870
1.967
1.618
1.869
1.635
1.942
1.905
2.205
1.936
2.342
2.078
2.269
2.557
2.700
2.382
2.261
1.676
1.768
1.458
1.412
1.105
1.293
1.334
1.504
1.727
1.777
2.073
2.271
2.351
2.317
2.503
2.704
2.622
2.335
2.207
1.808
1.727
1.395
1.268
0.956
1.271
1.467
1.146
1.135
0.871
1.083
0.954
1.284
1.096
1.749
1.894
2.301
2.604
2.873
3.115
2.961
3.205
3.245
3.248
2.977
2.821
2.952
2.814
2.443
2.565
2.695
2.429
2.097
2.460
2.499
1.915
1.934
2.475
2.661
2.702
2.409
2.174
1.815
2.066
2.192
1.901
1.598
1.954
2.009
1.663
1.690
1.713
1.839
2.162
2.995
2.746
2.217
2.431
2.680
2.879
2.348
2.747
2.369
2.802
3.023
3.356
3.578
3.756
3.748
3.464
3.345
2.964
3.019
2.599
2.747
2.732
2.646
2.403
2.114
2.162
1.874
1.765
1.757
1.967
2.213
2.077
2.658
2.868
3.220
3.258
3.123
2.616
2.888
3.016
2.707
2.583
2.165
2.017
1.653
1.608
1.255
1.263
0.735
0.997
0.583
0.669
0.953
0.943
0.531
0.826
0.499
0.890
0.933
1.230
1.280
1.787
2.023
2.365
2.681
2.898
3.196
3.412
3.669
3.349
3.869
3.621
4.037
4.277
4.064
4.019
3.664
3.394
3.118
2.859
2.859
2.612
2.266
2.141
1.793
1.582
1.185
1.003
0.665
0.729
0.402
0.844
1.019
1.201
1.342
1.501
1.829
2.040
2.074
1.767
1.609
1.920
1.806
1.337
1.725
1.984
1.748
1.447
1.977
2.165
1.717
1.956
2.399
2.741
2.805
2.499
2.321
1.792
2.268
2.512
2.310
2.027
2.549
2.728
2.598
2.296
2.228
2.046
2.433
3.173
2.875
2.509
2.118
2.471
2.583
2.082
2.435
1.869
2.100
2.504
2.601
3.022
3.239
3.075
2.686
2.680
2.246
2.415
1.999
2.160
2.222
1.899
1.724
1.960
1.671
1.636
1.793
1.366
1.597
1.471
1.727
1.847
2.037
2.353
2.196
1.954
1.568
1.610
1.812
1.637
1.685
1.184
1.477
1.142
1.455
1.359
1.694
1.485
1.944
1.707
1.906
2.199
2.328
2.006
1.927
1.362
1.432
1.011
1.109
0.529
1.048
0.968
1.272
1.513
1.596
1.900
2.087
2.155
2.116
2.312
2.513
2.462
2.184
2.080
1.670
1.615
1.306
1.116
0.819
1.105
1.276
0.960
0.920
0.633
0.849
0.745
1.092
0.776
1.520
1.656
2.058
2.361
2.573
2.831
2.722
2.951
3.000
3.066
2.816
2.614
2.791
2.673
2.305
2.399
2.545
2.295
1.932
2.296
2.363
1.793
1.781
2.324
2.500
2.570
2.305
2.091
1.715
1.941
2.099
1.840
1.474
1.841
1.972
1.625
1.715
1.810
1.958
2.319
3.311
3.029
2.512
2.627
2.839
3.001
2.419
2.768
2.344
2.709
2.963
3.234
3.514
3.721
3.661
3.375
3.296
2.906
3.037
2.650
2.843
2.876
2.641
2.416
2.390
2.170
1.960
2.000
1.799
2.130
2.262
2.229
2.582
2.826
3.181
3.107
2.940
2.503
2.675
2.819
2.523
2.482
2.021
2.066
1.732
1.798
1.526
1.626
1.067
1.539
1.142
1.346
1.628
1.572
1.156
1.259
0.808
1.116
1.148
1.332
1.138
1.723
1.841
2.186
2.468
2.662
2.961
3.169
3.419
3.089
3.608
3.368
3.784
4.022
3.819
3.784
3.434
3.171
2.874
2.621
2.587
2.356
2.011
1.914
1.543
1.421
1.017
1.008
0.712
0.965
0.795
1.236
1.451
1.739
1.924
1.880
2.207
2.346
2.301
1.984
1.954
2.157
1.905
1.534
1.871
2.035
1.719
1.521
1.953
2.033
1.480
1.808
2.229
2.551
2.560
2.253
2.074
1.546
2.029
2.248
1.953
1.748
2.213
2.345
2.134
1.862
1.778
1.697
2.045
2.803
2.543
2.148
1.875
2.226
2.344
1.839
2.244
1.703
2.051
2.444
2.616
2.991
3.134
3.053
2.643
2.570
2.108
2.203
1.776
1.938
2.001
1.693
1.548
1.616
1.295
1.212
1.351
0.996
1.356
1.279
1.505
1.658
1.837
2.166
2.047
1.825
1.401
1.572
1.727
1.482
1.489
1.006
1.236
0.899
1.174
0.891
1.204
0.887
1.363
1.200
1.422
1.708
1.889
1.579
1.436
0.952
1.078
0.652
0.879
0.298
0.910
0.806
1.247
1.543
1.742
2.071
2.329
2.497
2.154
2.471
2.566
2.473
2.252
2.245
1.899
1.876
1.671
1.336
1.291
1.530
1.539
1.213
1.056
0.707
0.738
0.531
0.891
0.546
1.236
1.333
1.656
1.952
2.060
2.369
2.308
2.553
2.631
2.746
2.506
2.225
2.530
2.508
2.047
2.220
2.448
2.233
1.759
2.215
2.371
1.802
1.817
2.376
2.601
2.723
2.486
2.310
1.865
2.121
2.322
2.138
1.681
2.121
2.301
2.034
2.064
2.157
2.223
2.629
3.590
3.276
2.787
2.795
2.963
3.080
2.468
2.622
2.243
2.438
2.639
2.784
3.120
3.384
3.292
3.074
3.065
2.753
3.000
2.664
2.906
2.990
2.813
2.751
2.664
2.591
2.416
2.324
2.161
2.298
2.492
2.373
2.711
2.824
3.164
3.047
3.032
2.765
2.768
2.831
2.522
2.452
2.091
2.111
1.860
1.988
1.831
1.990
1.504
2.036
1.657
1.865
2.150
2.038
1.630
1.714
1.225
1.421
1.402
1.399
1.367
1.678
1.914
2.010
2.311
2.450
2.760
3.032
3.314
3.121
3.604
3.491
3.921
4.124
3.906
3.866
3.483
3.272
2.942
2.605
2.439
2.066
1.826
1.643
1.310
1.258
0.957
1.114
0.978
1.265
1.260
1.648
1.824
2.173
2.326
2.187
2.454
2.508
2.384
2.094
2.051
2.126
1.822
1.631
1.801
1.808
1.486
1.460
1.695
1.591
1.015
1.327
1.722
1.982
1.864
1.538
1.312
0.881
1.340
1.536
1.249
1.158
1.600
1.736
1.558
1.228
1.123
0.950
1.329
2.069
1.784
1.410
1.117
1.501
1.668
1.235
1.756
1.341
1.806
2.113
2.404
2.660
2.741
2.769
2.380
2.222
1.782
1.733
1.271
1.305
1.305
1.047
0.900
1.026
0.742
0.645
0.737
0.382
0.578
0.678
0.840
1.148
1.379
1.728
1.686
1.584
0.927
1.519
1.599
1.283
1.156
0.665
0.642
0.268
0.409
0.277
0.595
0.347
0.801
0.882
1.123
1.443
1.566
1.166
1.044
0.657
0.643
0.310
0.462
0.234
0.714
0.727
1.243
1.533
1.844
2.100
2.426
2.651
2.084
2.432
2.428
2.338
2.225
2.321
2.073
2.082
1.993
1.536
1.693
1.908
1.727
1.190
1.228
0.984
0.801
0.568
0.686
0.325
0.963
1.100
1.322
1.617
1.595
1.951
1.913
2.090
2.081
2.266
2.080
1.756
2.013
2.081
1.657
1.650
1.975
1.964
1.373
1.866
2.122
1.797
1.637
2.213
2.447
2.684
2.549
2.515
2.028
2.217
2.460
2.431
1.907
2.337
2.575
2.436
2.408
2.496
2.479
2.918
3.475
3.150
2.727
2.514
2.852
2.993
2.439
2.833
2.318
2.629
2.999
3.097
3.515
3.745
3.545
3.237
3.185
2.730
2.899
2.488
2.639
2.710
2.434
2.254
2.315
2.059
1.903
1.942
1.696
1.980
2.040
2.193
2.343
2.573
2.923
2.819
2.644
2.269
2.359
2.510
2.231
2.216
1.764
1.908
1.545
1.780
1.527
1.803
1.190
1.869
1.545
1.791
2.115
2.204
1.843
1.809
1.030
1.431
1.150
1.328
0.911
1.549
1.555
1.899
2.165
2.286
2.591
2.782
3.030
2.611
3.139
2.887
3.277
3.520
3.370
3.381
3.015
2.824
2.479
2.268
2.127
1.906
1.599
1.587
1.278
1.298
0.913
1.225
0.717
1.446
1.448
1.901
2.174
2.420
2.655
2.590
2.889
2.991
3.009
2.705
2.587
2.785
2.573
2.160
2.461
2.616
2.308
1.985
2.433
2.413
1.840
1.988
2.482
2.721
2.645
2.306
2.073
1.708
2.053
2.189
1.864
1.685
2.054
2.096
1.813
1.700
1.607
1.636
1.912
2.665
2.449
2.049
1.856
2.337
2.530
2.127
2.644
2.216
2.654
2.981
3.251
3.535
3.635
3.643
3.244
3.105
2.659
2.622
2.162
2.166
2.113
1.884
1.515
1.495
1.155
1.002
1.186
0.883
1.329
1.495
1.692
2.036
2.275
2.619
2.525
2.390
1.727
2.259
2.376
2.117
2.033
1.486
1.536
1.146
1.161
0.796
0.987
0.375
0.769
0.574
0.766
1.095
1.263
0.985
0.978
0.564
0.987
0.672
1.080
0.752
1.469
1.447
1.987
2.299
2.553
2.878
3.148
3.339
2.880
3.182
3.244
3.098
2.921
2.897
2.651
2.576
2.462
2.085
2.087
2.360
2.374
1.951
1.864
1.526
1.391
0.955
1.077
0.545
1.072
0.935
1.239
1.456
1.474
1.820
1.873
2.173
2.310
2.456
2.206
1.899
2.290
2.319
1.829
2.103
2.381
2.266
1.792
2.363
2.530
1.940
2.143
2.661
2.957
3.051
2.758
2.555
2.106
2.438
2.681
2.474
2.100
2.608
2.789
2.605
2.401
2.391
2.314
2.734
3.342
2.991
2.606
2.313
2.635
2.755
2.208
2.589
2.060
2.348
2.740
2.852
3.284
3.474
3.277
2.938
2.893
2.431
2.616
2.208
2.380
2.473
2.175
2.048
2.182
1.907
1.808
1.834
1.549
1.778
1.777
1.958
2.058
2.274
2.619
2.496
2.255
1.944
1.917
2.104
1.907
1.910
1.466
1.660
1.318
1.606
1.435
1.742
1.292
1.970
1.675
1.946
2.289
2.347
2.018
1.871
1.132
1.396
1.053
1.147
0.674
1.273
1.239
1.587
1.791
1.837
2.123
2.244
2.492
2.134
2.647
2.448
2.845
3.075
2.920
2.918
2.543
2.351
2.025
1.765
1.566
1.387
1.152
1.259
0.966
1.055
0.724
1.074
0.743
1.437
1.559
1.972
2.288
2.525
2.779
2.667
2.920
2.988
3.049
2.766
2.591
2.780
2.549
2.191
2.399
2.517
2.227
1.945
2.294
2.315
1.726
1.794
2.331
2.551
2.546
2.209
1.977
1.637
1.915
2.011
1.721
1.494
1.845
1.870
1.570
1.510
1.498
1.606
1.943
2.583
2.439
1.974
2.090
2.427
2.662
2.162
2.620
2.222
2.685
2.948
3.279
3.499
3.665
3.688
3.330
3.200
2.797
2.783
2.355
2.438
2.384
2.253
1.980
1.766
1.585
1.300
1.372
1.228
1.560
1.831
1.802
2.313
2.550
2.912
2.902
2.779
2.178
2.628
2.725
2.390
2.266
1.861
1.719
1.350
1.256
0.908
0.833
0.251
0.560
0.339
0.390
0.659
0.773
0.586
0.734
0.353
0.788
0.592
1.001
0.997
1.530
1.782
2.128
2.473
2.731
3.033
3.293
3.534
3.137
3.527
3.578
3.493
3.332
3.359
3.028
3.010
2.808
2.464
2.361
2.608
2.605
2.256
1.998
1.649
1.398
0.988
0.902
0.451
0.864
0.709
0.976
1.073
1.111
1.359
1.546
1.853
2.070
2.208
1.901
1.664
2.069
2.101
1.585
1.902
2.158
2.002
1.560
2.128
2.315
1.744
2.011
2.482
2.796
2.882
2.578
2.400
1.947
2.300
2.557
2.369
2.018
2.543
2.737
2.609
2.341
2.316
2.178
2.608
3.155
2.783
2.440
2.073
2.379
2.480
1.948
2.318
1.768
2.062
2.471
2.603
3.021
3.190
2.995
2.634
2.588
2.120
2.309
1.902
2.079
2.177
1.842
1.736
1.944
1.670
1.638
1.696
1.338
1.544
1.419
1.653
1.699
1.935
2.269
2.113
1.884
1.572
1.478
1.665
1.540
1.582
1.081
1.385
1.071
1.394
1.328
1.654
1.354
2.000
1.778
2.065
2.421
2.450
2.122
1.905
1.239
1.358
0.969
0.972
0.464
0.980
0.861
1.260
1.385
1.420
1.672
1.733
1.954
1.561
2.069
1.876
2.290
2.510
2.339
2.356
2.010
1.840
1.451
1.205
1.061
0.958
0.815
1.019
0.648
0.821
0.596
0.954
0.819
1.430
1.649
2.016
2.351
2.590
2.839
2.689
2.902
2.938
3.013
2.748
2.538
2.710
2.570
2.160
2.351
2.548
2.341
1.862
2.292
2.462
1.910
1.873
2.423
2.542
2.625
2.318
2.112
1.778
1.982
2.076
1.778
1.526
1.831
1.836
1.422
1.647
1.723
1.840
2.207
2.728
2.667
2.173
2.417
2.688
2.924
2.418
2.831
2.460
2.838
3.066
3.361
3.588
3.809
3.823
3.509
3.433
3.073
3.097
2.680
2.799
2.732
2.665
2.379
2.144
2.052
1.763
1.769
1.675
1.940
2.207
2.101
2.692
2.934
3.297
3.272
3.206
2.642
2.971
3.064
2.736
2.643
2.263
2.086
1.696
1.572
1.200
1.144
0.717
0.632
0.300
0.287
0.552
0.582
0.350
0.599
0.328
0.889
0.937
1.289
1.453
1.830
2.132
2.333
2.665
2.859
3.125
3.347
3.604
3.369
3.743
3.869
3.828
3.670
3.673
3.283
3.307
2.984
2.719
2.527
2.745
2.755
2.354
2.113
1.704
1.543
1.140
1.104
0.762
0.801
0.470
0.768
0.823
0.888
1.065
1.300
1.607
1.856
1.975
1.662
1.479
1.898
1.900
1.374
1.787
2.040
1.738
1.519
1.980
2.085
1.539
1.870
2.286
2.612
2.679
2.358
2.211
1.752
2.133
2.400
2.227
1.914
2.444
2.644
2.541
2.242
2.200
2.003
2.436
3.394
2.981
2.716
2.187
2.522
2.550
2.150
2.375
1.765
1.940
2.397
2.361
2.877
3.046
2.754
2.393
2.430
1.986
2.218
1.879
2.044
2.152
1.783
1.752
2.038
1.820
1.754
1.993
1.564
1.736
1.360
1.629
1.573
1.757
2.067
1.797
1.498
1.226
1.084
1.299
1.281
1.458
0.972
1.483
1.341
1.712
1.787
2.137
1.954
2.576
2.449
2.737
3.090
3.154
2.821
2.575
1.950
2.015
1.574
1.493
0.976
1.081
0.784
1.018
1.148
1.195
1.418
1.469
1.665
1.186
1.720
1.454
1.842
2.079
1.924
1.939
1.573
1.427
1.068
0.904
0.815
0.736
0.578
0.778
0.407
1.001
1.137
1.475
1.561
2.086
2.373
2.715
3.057
3.263
3.537
3.352
3.521
3.504
3.556
3.310
3.072
3.177
3.033
2.706
2.746
2.903
2.683
2.319
2.612
2.695
2.177
2.034
2.567
2.574
2.746
2.528
2.359
2.043
2.108
2.222
1.966
1.633
1.924
2.002
1.557
1.917
2.062
2.201
2.553
2.989
2.966
2.464
2.848
3.043
3.257
2.751
3.085
2.788
3.222
3.382
3.703
3.882
4.074
4.176
3.897
3.779
3.408
3.461
3.048
3.245
3.182
3.165
2.891
2.617
2.625
2.321
2.272
2.242
2.439
2.698
2.513
3.145
3.372
3.730
3.718
3.710
3.176
3.552
3.593
3.240
3.080
2.690
2.484
2.146
1.981
1.658
1.517
1.257
1.172
0.812
0.663
0.881
0.565
0.387
0.906
0.827
1.253
1.462
1.713
1.977
2.291
2.632
2.843
3.224
3.467
3.717
3.952
4.264
3.927
4.354
4.415
4.382
4.269
4.315
3.947
3.977
3.686
3.398
3.251
3.457
3.406
3.024
2.737
2.339
2.072
1.690
1.493
1.108
1.014
0.552
0.824
0.676
0.939
0.870
1.229
1.541
1.848
1.855
1.501
1.494
1.829
1.661
1.236
1.731
1.966
1.690
1.627
2.071
2.224
1.850
2.195
2.523
2.877
2.988
2.574
2.488
2.134
2.529
2.835
2.673
2.446
2.979
3.177
3.080
2.740
2.633
2.340
2.726
2.750
2.348
2.059
1.566
1.902
1.968
1.516
1.878
1.317
1.658
2.086
2.205
2.623
2.737
2.556
2.171
2.103
1.621
1.757
1.354
1.520
1.613
1.263
1.179
1.431
1.204
1.211
1.339
0.900
1.090
0.826
1.086
1.132
1.364
1.703
1.608
1.319
1.006
0.943
1.141
1.014
1.018
0.494
0.884
0.670
1.041
1.157
1.501
1.409
1.999
1.865
2.160
2.520
2.513
2.190
1.914
1.346
1.315
0.921
0.809
0.399
0.640
0.312
0.880
1.028
1.161
1.379
1.478
1.676
1.341
1.844
1.599
2.031
2.259
2.016
1.972
1.599
1.381
1.078
0.907
0.993
0.837
0.544
0.671
0.300
0.592
0.526
0.851
0.903
1.409
1.710
2.024
2.371
2.611
2.851
2.663
2.835
2.839
2.925
2.680
2.439
2.590
2.475
2.088
2.214
2.417
2.235
1.746
2.145
2.334
1.815
1.717
2.276
2.401
2.550
2.311
2.154
1.784
1.937
2.086
1.844
1.469
1.796
1.931
1.553
1.803
1.932
1.992
2.428
2.882
2.806
2.302
2.606
2.806
2.995
2.458
2.742
2.387
2.755
2.943
3.239
3.446
3.675
3.711
3.424
3.351
3.014
3.111
2.724
2.953
2.912
2.870
2.638
2.421
2.401
2.136
2.072
2.006
2.197
2.428
2.241
2.834
3.003
3.350
3.278
3.265
2.851
3.042
3.100
2.766
2.655
2.275
2.162
1.836
1.730
1.428
1.375
1.163
1.148
0.754
0.820
1.113
0.937
0.541
0.807
0.537
1.032
1.184
1.393
1.607
1.844
2.151
2.302
2.667
2.864
3.108
3.321
3.612
3.377
3.768
3.894
3.870
3.744
3.762
3.376
3.416
3.080
2.806
2.613
2.828
2.800
2.402
2.140
1.726
1.491
1.141
1.088
0.728
0.757
0.408
0.725
0.808
1.101
1.287
1.294
1.624
1.868
1.841
1.543
1.456
1.759
1.609
1.162
1.575
1.760
1.412
1.333
1.751
1.767
1.300
1.685
2.022
2.353
2.343
2.002
1.824
1.444
1.884
2.154
1.986
1.780
2.302
2.491
2.415
2.069
1.973
1.679
2.068
2.081
1.726
1.385
1.090
1.462
1.631
1.196
1.719
1.298
1.776
2.075
2.377
2.633
2.733
2.686
2.295
2.185
1.721
1.730
1.287
1.299
1.331
1.065
0.794
0.929
0.618
0.580
0.645
0.392
0.568
0.613
0.784
0.952
1.300
1.620
1.480
1.289
0.774
1.157
1.251
1.048
1.055
0.311
0.645
0.262
0.365
0.276
0.626
0.646
1.137
1.177
1.455
1.796
1.816
1.441
1.182
0.763
0.677
0.288
0.424
0.408
0.717
0.467
1.162
1.288
1.551
1.694
1.882
2.116
1.843
2.324
2.048
2.472
2.694
2.416
2.307
1.963
1.656
1.531
1.330
1.623
1.396
0.903
1.148
0.762
0.800
0.771
0.680
0.745
0.986
1.254
1.432
1.755
1.840
2.140
2.013
2.143
2.144
2.315
2.110
1.802
2.019
2.033
1.605
1.642
1.958
1.953
1.364
1.847
2.102
1.799
1.627
2.203
2.450
2.694
2.551
2.528
2.049
2.211
2.467
2.467
1.918
2.360
2.602
2.432
2.562
2.693
2.527
3.065
3.509
3.326
2.878
2.952
3.012
3.080
2.461
2.597
2.235
2.427
2.624
2.779
3.076
3.352
3.314
3.058
3.064
2.776
2.986
2.673
3.031
3.131
3.018
3.028
3.031
2.971
2.869
2.743
2.515
2.549
2.715
2.515
2.855
2.870
3.212
3.059
3.085
2.849
2.774
2.842
2.560
2.411
2.198
2.214
2.068
2.200
2.117
2.271
2.074
2.157
1.767
1.730
2.003
1.779
1.473
1.796
1.392
1.651
1.738
1.589
1.775
1.778
1.998
1.978
2.311
2.414
2.601
2.761
3.012
2.985
3.307
3.505
3.544
3.403
3.366
2.963
2.926
2.608
2.391
2.097
2.322
2.354
1.957
1.786
1.416
1.237
1.137
1.261
1.196
1.413
1.348
1.635
1.584
1.996
2.004
2.055
2.342
2.513
2.359
2.064
2.083
2.128
1.865
1.640
1.779
1.760
1.439
1.423
1.657
1.523
0.983
1.269
1.656
1.919
1.820
1.513
1.265
0.806
1.285
1.510
1.231
1.141
1.580
1.729
1.595
1.252
1.159
0.928
1.355
2.784
2.431
2.226
1.710
2.274
2.380
2.064
2.509
1.999
2.333
2.720
2.899
3.282
3.440
3.281
2.914
2.828
2.356
2.346
1.940
1.856
1.820
1.496
1.077
1.290
0.966
0.764
1.121
0.847
1.268
1.070
1.522
1.491
1.902
2.205
2.016
1.850
1.186
1.678
1.825
1.703
1.707
0.937
1.422
1.048
1.298
1.106
1.432
1.052
1.693
1.501
1.779
2.127
2.207
1.888
1.711
0.978
1.254
0.860
1.045
0.434
1.213
1.058
1.587
1.847
2.031
2.289
2.424
2.625
2.207
2.738
2.428
2.806
3.059
2.816
2.734
2.332
2.145
1.995
1.850
1.868
1.698
1.428
1.370
1.024
1.034
0.687
1.037
0.597
1.347
1.472
1.863
2.182
2.371
2.651
2.557
2.802
2.876
2.967
2.693
2.472
2.713
2.583
2.132
2.385
2.592
2.413
1.905
2.394
2.596
2.045
2.059
2.619
2.867
3.005
2.731
2.600
2.141
2.404
2.607
2.430
1.972
2.416
2.595
2.310
2.369
2.437
2.392
2.867
3.449
3.274
2.792
2.843
3.085
3.244
2.653
2.970
2.543
2.877
3.147
3.399
3.673
3.905
3.874
3.542
3.488
3.106
3.224
2.841
3.055
3.075
2.906
2.784
2.724
2.513
2.347
2.356
2.138
2.351
2.559
2.462
2.874
3.017
3.362
3.259
3.145
2.742
2.863
2.998
2.695
2.644
2.281
2.272
1.946
2.007
1.773
1.884
1.460
1.673
1.307
1.349
1.615
1.593
1.275
1.496
0.870
1.383
1.348
1.528
1.462
1.849
2.115
2.285
2.600
2.759
3.033
3.247
3.456
3.292
3.624
3.781
3.737
3.542
3.511
3.111
3.106
2.786
2.545
2.308
2.548
2.616
2.208
2.015
1.614
1.541
1.163
1.229
0.854
1.245
1.037
1.483
1.639
1.912
2.008
2.118
2.452
2.610
2.574
2.269
2.205
2.440
2.244
1.821
2.149
2.296
2.003
1.749
2.194
2.263
1.678
1.967
2.425
2.729
2.760
2.462
2.228
1.763
2.180
2.428
2.170
1.904
2.412
2.587
2.406
2.119
1.982
1.785
2.084
3.329
3.005
2.696
2.329
2.824
2.965
2.458
2.888
2.372
2.703
3.087
3.264
3.649
3.815
3.653
3.292
3.227
2.759
2.887
2.458
2.523
2.521
2.210
1.822
1.934
1.599
1.409
1.676
1.379
1.831
1.777
2.144
2.176
2.494
2.836
2.690
2.428
1.928
2.118
2.299
2.155
2.168
1.552
1.875
1.489
1.728
1.440
1.736
1.120
1.806
1.514
1.762
2.085
2.223
1.910
1.826
1.030
1.473
1.134
1.382
0.850
1.588
1.453
1.951
2.191
2.345
2.592
2.694
2.864
2.363
2.903
2.577
2.946
3.203
3.057
3.067
2.643
2.523
2.230
2.116
2.103
1.980
1.707
1.704
1.359
1.393
1.007
1.338
0.738
1.541
1.550
1.978
2.266
2.431
2.723
2.684
2.968
3.077
3.158
2.870
2.653
2.926
2.796
2.333
2.627
2.840
2.644
2.159
2.661
2.845
2.279
2.352
2.896
3.156
3.277
2.969
2.817
2.368
2.651
2.855
2.655
2.227
2.676
2.840
2.481
2.547
2.580
2.551
2.994
3.633
3.441
2.968
2.951
3.247
3.420
2.838
3.193
2.741
3.073
3.379
3.621
3.916
4.139
4.084
3.729
3.673
3.265
3.378
2.971
3.155
3.171
2.960
2.771
2.793
2.492
2.335
2.411
2.145
2.433
2.576
2.599
2.969
3.115
3.459
3.353
3.175
2.750
2.878
3.045
2.771
2.746
2.355
2.383
2.040
2.129
1.859
1.961
1.341
1.558
1.247
1.232
1.487
1.605
1.341
1.634
1.009
1.574
1.444
1.691
1.490
1.983
2.157
2.399
2.707
2.852
3.146
3.363
3.524
3.375
3.676
3.836
3.773
3.536
3.479
3.083
3.045
2.743
2.534
2.266
2.541
2.663
2.264
2.112
1.740
1.691
1.308
1.446
0.990
1.494
1.263
1.701
1.822
1.985
2.108
2.320
2.645
2.891
2.889
2.588
2.458
2.757
2.590
2.143
2.473
2.645
2.364
2.057
2.529
2.616
2.021
2.276
2.758
3.052
3.096
2.795
2.571
2.118
2.490
2.727
2.476
2.169
2.661
2.824
2.629
2.386
2.344
2.260
2.596
3.615
3.312
2.896
2.697
3.099
3.254
2.737
3.166
2.660
3.000
3.368
3.561
3.932
4.107
3.957
3.604
3.538
3.076
3.212
2.787
2.885
2.928
2.648
2.358
2.418
2.129
1.930
2.026
1.793
2.176
2.244
2.424
2.591
2.866
3.218
3.141
2.895
2.439
2.579
2.771
2.547
2.530
1.995
2.178
1.787
1.966
1.646
1.889
1.152
1.808
1.492
1.702
1.993
2.153
1.831
1.868
1.069
1.614
1.346
1.630
1.168
1.884
1.848
2.267
2.529
2.667
2.938
3.037
3.236
2.739
3.277
2.979
3.330
3.591
3.480
3.514
3.100
2.984
2.647
2.477
2.386
2.279
2.017
1.999
1.660
1.670
1.255
1.534
0.882
1.649
1.556
2.004
2.257
2.412
2.648
2.704
3.023
3.162
3.229
2.930
2.726
3.021
2.889
2.423
2.743
2.967
2.755
2.303
2.814
2.982
2.415
2.534
3.066
3.343
3.429
3.099
2.903
2.481
2.798
2.982
2.703
2.388
2.809
2.903
2.582
2.538
2.516
2.545
2.907
3.606
3.412
2.961
2.883
3.280
3.463
2.920
3.300
2.828
3.148
3.488
3.699
4.031
4.246
4.164
3.788
3.734
3.303
3.416
2.993
3.138
3.124
2.890
2.575
2.577
2.244
2.077
2.243
1.947
2.355
2.481
2.613
2.939
3.103
3.440
3.329
3.096
2.656
2.786
2.967
2.738
2.741
2.290
2.399
2.023
2.092
1.752
1.858
1.202
1.516
1.260
1.379
1.609
1.775
1.589
1.730
1.136
1.677
1.464
1.779
1.431
2.026
2.089
2.406
2.700
2.832
3.139
3.359
3.477
3.338
3.608
3.768
3.680
3.419
3.318
2.953
2.879
2.587
2.413
2.139
2.440
2.600
2.222
2.110
1.777
1.755
1.369
1.596
1.052
1.677
1.462
1.873
2.056
2.140
2.331
2.525
2.847
3.059
3.112
2.830
2.613
2.969
2.864
2.397
2.722
2.907
2.645
2.280
2.765
2.868
2.264
2.476
2.981
3.261
3.320
3.014
2.793
2.355
2.694
2.918
2.660
2.328
2.802
2.954
2.699
2.535
2.510
2.480
2.868
3.718
3.447
2.995
2.890
3.289
3.464
2.943
3.377
2.890
3.254
3.596
3.819
4.159
4.342
4.219
3.877
3.801
3.349
3.468
3.046
3.130
3.152
2.905
2.606
2.560
2.320
2.072
2.160
1.976
2.365
2.520
2.615
2.872
3.150
3.506
3.452
3.250
2.753
2.991
3.145
2.862
2.822
2.301
2.417
2.024
2.124
1.779
1.929
1.135
1.720
1.391
1.551
1.801
1.968
1.658
1.818
1.067
1.683
1.487
1.815
1.447
2.133
2.165
2.562
2.840
3.033
3.326
3.487
3.706
3.198
3.736
3.421
3.758
4.018
3.925
3.962
3.535
3.435
3.115
2.946
2.820
2.676
2.379
2.301
1.961
1.908
1.477
1.661
1.012
1.691
1.488
1.938
2.144
2.281
2.459
2.614
2.949
3.135
3.170
2.859
2.692
3.000
2.846
2.397
2.742
2.972
2.700
2.347
2.847
2.981
2.425
2.610
3.113
3.409
3.439
3.109
2.915
2.441
2.839
3.051
2.780
2.486
2.959
3.095
2.844
2.664
2.607
2.559
2.917
3.671
3.420
3.006
2.752
3.172
3.325
2.827
3.250
2.741
3.064
3.442
3.617
3.989
4.176
4.073
3.673
3.616
3.161
3.255
2.815
2.925
2.938
2.639
2.321
2.445
2.101
1.946
2.204
1.851
2.234
2.199
2.508
2.664
2.878
3.204
3.033
2.801
2.337
2.498
2.683
2.516
2.547
1.992
2.232
1.849
2.050
1.748
1.995
1.408
1.734
1.488
1.644
1.845
2.049
1.917
2.003
1.411
1.778
1.442
1.749
1.217
1.924
1.831
2.253
2.526
2.652
2.975
3.200
3.277
3.115
3.357
3.502
3.357
3.099
2.959
2.639
2.526
2.279
2.118
1.871
2.194
2.367
2.039
1.969
1.635
1.698
1.338
1.655
1.074
1.832
1.748
2.168
2.394
2.419
2.679
2.848
3.168
3.302
3.360
3.084
2.864
3.182
3.086
2.612
2.905
3.095
2.871
2.427
2.924
3.053
2.443
2.597
3.126
3.382
3.451
3.140
2.918
2.495
2.807
3.011
2.745
2.400
2.839
2.958
2.653
2.579
2.575
2.608
2.978
3.876
3.628
3.180
3.101
3.531
3.716
3.219
3.653
3.184
3.549
3.861
4.108
4.424
4.618
4.515
4.189
4.111
3.658
3.756
3.329
3.382
3.384
3.144
2.793
2.721
2.478
2.204
2.321
2.160
2.565
2.762
2.857
3.133
3.433
3.789
3.746
3.531
2.989
3.281
3.434
3.163
3.118
2.564
2.688
2.288
2.342
1.975
2.065
1.263
1.748
1.460
1.565
1.760
1.937
1.605
1.926
1.255
1.893
1.707
2.078
1.736
2.440
2.460
2.887
3.165
3.360
3.649
3.834
4.062
3.655
4.190
3.899
4.261
4.519
4.369
4.352
3.957
3.757
3.473
3.270
3.243
3.042
2.710
2.620
2.268
2.200
1.775
1.882
1.284
1.844
1.552
1.985
2.133
2.296
2.361
2.614
2.942
3.188
3.209
2.898
2.755
3.069
2.919
2.479
2.847
3.085
2.790
2.500
2.998
3.125
2.579
2.815
3.291
3.600
3.624
3.302
3.109
2.611
3.047
3.271
3.014
2.729
3.221
3.373
3.136
2.923
2.850
2.767
3.114
3.876
3.611
3.222
2.873
3.301
3.431
2.948
3.360
2.810
3.130
3.535
3.667
4.074
4.229
4.119
3.706
3.658
3.191
3.291
2.872
2.987
3.008
2.682
2.299
2.501
2.152
1.930
2.349
1.999
2.363
2.229
2.575
2.648
2.891
3.195
2.973
2.720
2.322
2.395
2.588
2.489
2.559
1.971
2.329
1.962
2.230
1.967
2.233
1.616
2.028
1.835
2.005
2.252
2.458
2.293
2.300
1.739
2.041
1.665
1.915
1.324
2.008
1.813
2.274
2.515
2.614
2.940
3.138
3.184
3.049
3.237
3.392
3.205
2.946
2.756
2.474
2.322
2.090
1.960
1.738
2.075
2.268
2.003
1.989
1.662
1.810
1.511
1.864
1.314
2.102
2.069
2.489
2.724
2.771
3.094
3.167
3.480
3.595
3.654
3.380
3.166
3.463
3.366
2.897
3.164
3.354
3.131
2.674
3.160
3.294
2.694
2.792
3.331
3.564
3.653
3.366
3.141
2.731
3.017
3.205
2.943
2.571
2.979
3.092
2.735
2.743
2.733
2.804
3.145
3.765
3.570
3.068
3.154
3.538
3.757
3.261
3.709
3.281
3.700
3.982
4.282
4.549
4.722
4.666
4.346
4.239
3.813
3.875
3.456
3.503
3.475
3.306
2.962
2.731
2.606
2.282
2.342
2.270
2.626
2.900
2.897
3.332
3.617
3.976
3.988
3.813
3.227
3.580
3.727
3.417
3.322
2.826
2.811
2.430
2.365
1.999
1.948
1.189
1.470
1.155
1.163
1.331
1.505
1.293
1.661
1.188
1.825
1.695
2.100
1.974
2.587
2.734
3.109
3.416
3.649
3.945
4.150
4.380
3.969
4.505
4.205
4.585
4.840
4.673
4.654
4.252
4.057
3.784
3.583
3.571
3.364
3.025
2.883
2.525
2.382
1.943
1.943
1.381
1.750
1.420
1.786
1.867
1.921
1.984
2.351
2.672
2.935
3.029
2.678
2.541
2.913
2.837
2.338
2.775
3.040
2.790
2.506
3.037
3.217
2.717
2.970
3.423
3.755
3.828
3.519
3.357
2.825
3.276
3.523
3.325
2.992
3.515
3.696
3.503
3.242
3.139
3.052
3.353
4.121
3.839
3.499
3.054
3.511
3.608
3.105
3.446
2.861
3.116
3.541
3.602
4.055
4.227
4.067
3.660
3.655
3.200
3.358
2.982
3.140
3.146
2.799
2.431
2.687
2.347
2.128
2.571
2.211
2.577
2.345
2.719
2.681
2.918
3.235
2.921
2.651
2.341
2.299
2.504
2.476
2.606
2.041
2.510
2.187
2.491
2.252
2.568
2.023
2.460
2.280
2.463
2.694
2.910
2.729
2.715
2.099
2.351
1.979
2.109
1.569
2.046
1.877
2.235
2.424
2.432
2.750
2.874
2.892
2.910
3.030
3.228
2.977
2.720
2.428
2.239
2.010
1.758
1.761
1.452
1.790
2.019
1.823
1.900
1.573
1.888
1.682
2.028
1.603
2.379
2.399
2.834
3.107
3.231
3.551
3.521
3.814
3.902
3.933
3.654
3.494
3.699
3.569
3.143
3.359
3.513
3.248
2.863
3.287
3.356
2.756
2.812
3.355
3.549
3.593
3.289
3.043
2.689
2.951
3.062
2.763
2.488
2.823
2.850
2.461
2.567
2.596
2.730
3.068
