3.089
2.863
2.364
2.500
2.842
3.075
2.598
3.057
2.660
3.120
3.372
3.705
3.947
4.065
4.118
3.773
3.619
3.224
3.243
2.797
2.895
2.844
2.734
2.404
2.091
2.071
1.746
1.718
1.700
1.988
2.270
2.227
2.766
3.054
3.416
3.415
3.333
2.713
3.142
3.241
2.891
2.760
2.344
2.196
1.823
1.696
1.341
1.268
0.573
0.864
0.503
0.581
0.841
0.972
0.691
0.978
0.580
1.121
1.038
1.461
1.450
2.034
2.271
2.615
2.933
3.182
3.475
3.676
3.933
3.574
4.075
3.776
4.158
4.427
4.233
4.207
3.831
3.598
3.357
3.118
3.110
2.889
2.544
2.438
2.090
1.860
1.391
1.334
0.822
1.093
0.769
1.116
1.239
1.308
1.462
1.726
2.039
2.278
2.376
2.039
1.877
2.267
2.176
1.685
2.124
2.364
2.113
1.868
2.390
2.572
2.072
2.372
2.796
3.139
3.231
2.898
2.791
2.254
2.710
2.971
2.823
2.489
3.032
3.244
3.143
2.841
2.809
2.585
2.984
3.480
3.401
3.018
2.642
2.926
2.997
2.488
2.787
2.193
2.426
2.857
2.936
3.393
3.550
3.378
3.012
2.979
2.527
2.703
2.349
2.590
2.692
2.338
2.231
2.513
2.236
2.227
2.373
1.929
2.117
1.924
2.132
2.110
2.328
2.634
2.382
2.141
1.775
1.742
1.946
1.853
1.981
1.523
1.909
1.652
1.988
1.937
2.268
1.674
2.245
1.990
2.189
2.456
2.583
2.292
2.325
1.606
1.919
1.542
1.555
1.068
1.381
1.289
1.573
1.771
1.799
2.108
2.278
2.345
2.251
2.472
2.653
2.569
2.268
2.148
1.739
1.670
1.359
1.218
0.939
1.249
1.437
1.170
1.220
0.904
1.241
1.007
1.457
1.469
1.949
1.972
2.425
2.671
2.861
3.087
3.108
3.415
3.471
3.488
3.188
3.047
3.214
3.042
2.660
2.819
2.933
2.633
2.348
2.699
2.740
2.151
2.156
2.699
2.859
2.911
2.595
2.349
1.992
2.270
2.353
2.053
1.821
2.144
2.191
1.790
1.840
1.895
2.035
2.374
3.137
2.900
2.386
2.558
2.839
3.051
2.519
2.930
2.533
2.967
3.208
3.524
3.776
3.917
3.965
3.631
3.497
3.115
3.170
2.744
2.898
2.872
2.770
2.488
2.211
2.223
1.928
1.849
1.821
2.067
2.320
2.221
2.755
3.014
3.377
3.330
3.192
2.686
2.969
3.077
2.754
2.693
2.230
2.163
1.788
1.729
1.382
1.389
0.784
1.087
0.719
0.848
1.136
1.090
0.687
0.992
0.518
1.077
1.037
1.383
1.332
1.923
2.087
2.449
2.739
2.956
3.254
3.474
3.747
3.436
3.928
3.657
4.056
4.318
4.104
4.065
3.714
3.442
3.201
2.928
2.919
2.676
2.315
2.192
1.855
1.700
1.269
1.165
0.646
0.959
0.605
0.984
1.113
1.319
1.441
1.588
1.920
2.177
2.184
1.834
1.758
2.073
1.952
1.480
1.909
2.143
1.873
1.660
2.165
2.338
1.780
2.091
2.518
2.841
2.851
2.545
2.346
1.837
2.321
2.552
2.331
2.085
2.604
2.786
2.630
2.317
2.254
2.061
2.428
2.960
2.885
2.503
2.123
2.489
2.592
2.122
2.520
1.944
2.184
2.616
2.701
3.155
3.308
3.142
2.773
2.734
2.281
2.423
2.032
2.174
2.229
1.894
1.706
1.924
1.628
1.581
1.765
1.344
1.587
1.451
1.744
1.742
2.058
2.373
2.158
1.927
1.559
1.540
1.738
1.615
1.722
1.124
1.495
1.150
1.471
1.353
1.700
1.231
1.920
1.736
1.960
2.258
2.383
2.081
1.955
1.346
1.475
1.032
1.178
0.531
1.134
0.988
1.329
1.540
1.593
1.908
2.114
2.200
2.045
2.300
2.467
2.396
2.107
2.017
1.608
1.576
1.293
1.077
0.842
1.128
1.282
0.971
0.986
0.669
1.005
0.653
1.158
1.076
1.579
1.712
2.109
2.423
2.595
2.881
2.771
3.004
3.070
3.151
2.876
2.666
2.904
2.822
2.371
2.535
2.738
2.465
2.061
2.494
2.586
2.001
1.985
2.539
2.687
2.811
2.518
2.303
1.902
2.170
2.305
2.034
1.711
2.054
2.175
1.772
1.867
1.958
2.103
2.453
3.375
3.102
2.592
2.706
2.922
3.090
2.511
2.846
2.428
2.790
3.042
3.261
3.599
3.777
3.768
3.447
3.367
2.992
3.120
2.738
2.916
2.954
2.711
2.542
2.441
2.233
2.020
2.055
1.854
2.187
2.325
2.321
2.629
2.901
3.255
3.147
2.997
2.569
2.736
2.865
2.558
2.526
2.078
2.158
1.779
1.892
1.616
1.734
1.142
1.573
1.188
1.363
1.656
1.597
1.205
1.319
0.767
1.211
1.219
1.426
1.214
1.819
1.889
2.235
2.509
2.698
2.998
3.209
3.473
3.139
3.638
3.377
3.760
4.019
3.832
3.807
3.458
3.200
2.934
2.668
2.608
2.366
2.036
1.915
1.531
1.504
1.099
1.097
0.654
1.056
0.849
1.286
1.492
1.771
1.949
1.930
2.269
2.433
2.394
2.036
2.023
2.251
1.998
1.621
1.972
2.114
1.791
1.600
2.043
2.116
1.556
1.870
2.292
2.609
2.605
2.299
2.065
1.589
2.039
2.231
1.929
1.741
2.206
2.346
2.124
1.840
1.776
1.690
2.027
2.569
2.533
2.127
1.878
2.245
2.355
1.883
2.299
1.753
2.114
2.508
2.692
3.081
3.193
3.116
2.732
2.617
2.152
2.219
1.819
1.956
2.011
1.689
1.533
1.612
1.291
1.212
1.335
0.977
1.343
1.256
1.527
1.551
1.867
2.196
2.058
1.835
1.391
1.614
1.754
1.537
1.536
0.955
1.257
0.903
1.166
0.869
1.185
0.655
1.288
1.169
1.389
1.698
1.867
1.557
1.413
0.896
1.061
0.644
0.950
0.284
0.978
0.834
1.326
1.614
1.802
2.132
2.397
2.567
2.173
2.481
2.578
2.483
2.254
2.246
1.891
1.861
1.688
1.301
1.335
1.584
1.592
1.255
1.135
0.775
0.848
0.457
0.942
0.650
1.220
1.317
1.640
1.938
2.022
2.350
2.292
2.541
2.609
2.757
2.488
2.211
2.521
2.520
2.034
2.210
2.477
2.307
1.820
2.297
2.482
1.907
1.903
2.462
2.705
2.834
2.581
2.418
1.952
2.221
2.411
2.223
1.787
2.210
2.402
2.100
2.127
2.234
2.318
2.707
3.550
3.241
2.757
2.788
2.946
3.073
2.470
2.661
2.296
2.492
2.693
2.841
3.174
3.414
3.384
3.115
3.108
2.788
3.008
2.672
2.929
2.996
2.834
2.733
2.642
2.594
2.412
2.310
2.150
2.293
2.489
2.366
2.710
2.865
3.208
3.053
3.052
2.781
2.751
2.805
2.523
2.441
2.102
2.120
1.863
1.980
1.815
1.989
1.445
1.974
1.605
1.828
2.122
2.032
1.660
1.668
1.073
1.393
1.385
1.400
1.405
1.695
1.933
2.000
2.276
2.414
2.723
2.994
3.284
3.119
3.559
3.430
3.844
4.063
3.846
3.814
3.429
3.225
2.912
2.573
2.400
2.040
1.771
1.603
1.285
1.309
0.959
1.101
0.846
1.239
1.210
1.620
1.834
2.171
2.336
2.215
2.500
2.564
2.421
2.103
2.120
2.186
1.875
1.663
1.905
1.862
1.525
1.510
1.752
1.656
1.101
1.381
1.765
2.023
1.903
1.599
1.345
0.920
1.392
1.576
1.279
1.215
1.656
1.791
1.578
1.254
1.160
0.972
1.335
1.867
1.805
1.412
1.144
1.538
1.695
1.291
1.811
1.389
1.850
2.159
2.443
2.730
2.791
2.819
2.445
2.252
1.824
1.760
1.341
1.359
1.357
1.118
0.942
1.042
0.794
0.733
0.741
0.375
0.590
0.705
0.873
1.097
1.464
1.805
1.732
1.602
0.946
1.526
1.643
1.360
1.235
0.645
0.677
0.271
0.435
0.279
0.605
0.331
0.763
0.818
1.048
1.386
1.512
1.111
0.991
0.600
0.644
0.324
0.517
0.266
0.755
0.751
1.303
1.591
1.877
2.160
2.472
2.686
2.118
2.442
2.464
2.363
2.232
2.321
2.046
2.056
1.974
1.500
1.707
1.917
1.756
1.227
1.261
0.997
0.841
0.474
0.727
0.425
0.926
1.062
1.290
1.592
1.535
1.909
1.887
2.098
2.099
2.336
2.095
1.770
2.066
2.142
1.685
1.704
2.032
2.019
1.427
1.930
2.190
1.832
1.688
2.273
2.530
2.773
2.586
2.509
2.015
2.278
2.515
2.408
1.912
2.389
2.613
2.411
2.362
2.461
2.460
2.887
3.485
3.176
2.749
2.524
2.856
3.004
2.459
2.844
2.332
2.638
3.004
3.099
3.534
3.744
3.580
3.240
3.188
2.736
2.904
2.518
2.667
2.731
2.451
2.331
2.324
2.070
1.915
1.955
1.703
1.993
2.050
2.207
2.337
2.603
2.948
2.818
2.650
2.280
2.368
2.513
2.220
2.216
1.767
1.917
1.549
1.797
1.543
1.846
1.205
1.868
1.563
1.831
2.136
2.231
1.881
1.835
1.022
1.459
1.163
1.352
0.971
1.576
1.552
1.912
2.167
2.262
2.564
2.744
3.023
2.613
3.120
2.848
3.215
3.477
3.328
3.349
2.985
2.809
2.486
2.255
2.092
1.869
1.567
1.573
1.281
1.319
0.923
1.242
0.882
1.478
1.462
1.911
2.192
2.438
2.675
2.611
2.912
3.024
3.043
2.687
2.614
2.818
2.601
2.189
2.492
2.597
2.273
2.005
2.407
2.426
1.825
1.958
2.463
2.704
2.674
2.350
2.113
1.733
2.064
2.208
1.891
1.695
2.078
2.128
1.809
1.715
1.656
1.678
1.955
2.502
2.493
2.087
1.874
2.350
2.536
2.147
2.662
2.232
2.675
2.991
3.274
3.569
3.653
3.670
3.294
3.118
2.678
2.634
2.218
2.189
2.145
1.912
1.569
1.497
1.168
1.015
1.212
0.887
1.333
1.503
1.706
1.935
2.309
2.649
2.548
2.402
1.742
2.274
2.409
2.165
2.066
1.434
1.554
1.142
1.190
0.823
1.018
0.375
0.721
0.549
0.743
1.061
1.224
0.955
0.971
0.508
0.983
0.654
1.078
0.796
1.486
1.482
2.021
2.332
2.575
2.898
3.175
3.378
2.888
3.188
3.254
3.129
2.936
2.923
2.647
2.579
2.481
2.065
2.115
2.382
2.400
1.985
1.882
1.546
1.380
0.917
1.025
0.538
1.079
0.930
1.234
1.442
1.431
1.797
1.864
2.168
2.300
2.469
2.201
1.902
2.302
2.330
1.842
2.129
2.400
2.278
1.790
2.360
2.575
1.978
2.163
2.688
2.995
3.077
2.783
2.580
2.133
2.479
2.708
2.490
2.145
2.654
2.842
2.638
2.408
2.404
2.334
2.738
3.362
3.038
2.644
2.350
2.668
2.798
2.260
2.636
2.104
2.395
2.760
2.860
3.293
3.502
3.295
2.940
2.937
2.478
2.654
2.275
2.441
2.525
2.224
2.128
2.207
1.934
1.827
1.860
1.572
1.818
1.815
1.999
2.085
2.343
2.679
2.483
2.253
1.917
1.921
2.102
1.906
1.950
1.474
1.702
1.352
1.643
1.464
1.793
1.259
1.954
1.668
1.957
2.285
2.356
2.024
1.887
1.108
1.425
1.070
1.196
0.791
1.327
1.252
1.581
1.771
1.801
2.093
2.206
2.474
2.124
2.604
2.389
2.755
3.003
2.867
2.877
2.504
2.325
2.021
1.726
1.533
1.352
1.124
1.247
0.984
1.115
0.725
1.115
0.887
1.481
1.580
1.992
2.310
2.535
2.791
2.700
2.956
3.036
3.107
2.765
2.630
2.841
2.634
2.245
2.477
2.563
2.247
1.993
2.336
2.365
1.770
1.817
2.343
2.553
2.560
2.240
2.010
1.632
1.928
2.032
1.736
1.505
1.875
1.898
1.566
1.508
1.519
1.635
1.953
2.403
2.464
2.044
2.118
2.454
2.671
2.192
2.653
2.258
2.731
2.983
3.327
3.549
3.660
3.740
3.399
3.233
2.841
2.812
2.371
2.476
2.429
2.293
2.011
1.768
1.605
1.315
1.405
1.262
1.585
1.853
1.822
2.306
2.603
2.963
2.971
2.820
2.209
2.703
2.784
2.466
2.324
1.867
1.759
1.391
1.277
0.944
0.836
0.264
0.501
0.323
0.374
0.659
0.748
0.568
0.736
0.269
0.812
0.602
1.044
1.045
1.587
1.848
2.196
2.541
2.793
3.090
3.340
3.557
3.179
3.568
3.620
3.541
3.384
3.425
3.068
3.058
2.830
2.482
2.373
2.619
2.668
2.274
2.057
1.676
1.460
0.979
0.944
0.442
0.850
0.694
0.978
1.055
1.083
1.306
1.538
1.846
2.060
2.202
1.890
1.677
2.090
2.097
1.594
1.905
2.161
2.032
1.582
2.158
2.382
1.810
2.050
2.545
2.869
2.932
2.624
2.446
1.999
2.362
2.603
2.400
2.072
2.600
2.796
2.644
2.359
2.338
2.213
2.628
3.130
2.793
2.431
2.055
2.378
2.490
1.959
2.326
1.777
2.074
2.476
2.597
3.051
3.194
3.002
2.628
2.606
2.139
2.298
1.928
2.082
2.173
1.845
1.776
1.932
1.664
1.638
1.681
1.309
1.538
1.427
1.635
1.685
1.953
2.284
2.090
1.885
1.558
1.460
1.669
1.521
1.568
1.081
1.392
1.067
1.395
1.320
1.658
1.273
1.944
1.713
2.021
2.369
2.399
2.066
1.858
1.154
1.311
0.918
0.953
0.578
1.000
0.858
1.242
1.362
1.399
1.654
1.725
1.966
1.575
2.066
1.849
2.248
2.489
2.309
2.326
1.988
1.821
1.457
1.192
1.062
0.956
0.793
0.998
0.625
0.829
0.443
0.915
0.865
1.394
1.598
1.964
2.302
2.534
2.784
2.650
2.865
2.910
2.996
2.670
2.495
2.690
2.579
2.133
2.334
2.514
2.289
1.828
2.267
2.453
1.875
1.857
2.406
2.518
2.624
2.340
2.125
1.769
1.992
2.072
1.773
1.516
1.825
1.865
1.421
1.632
1.727
1.876
2.216
2.572
2.669
2.223
2.427
2.687
2.923
2.433
2.819
2.421
2.793
3.029
3.303
3.563
3.737
3.790
3.487
3.385
3.027
3.103
2.666
2.825
2.765
2.691
2.392
2.136
2.065
1.778
1.786
1.697
1.944
2.220
2.111
2.712
2.949
3.303
3.236
3.141
2.655
2.911
3.008
2.695
2.599
2.214
2.107
1.729
1.591
1.225
1.134
0.708
0.652
0.304
0.252
0.546
0.545
0.329
0.600
0.412
0.893
0.952
1.321
1.429
1.784
2.089
2.283
2.620
2.806
3.069
3.297
3.552
3.290
3.692
3.796
3.762
3.597
3.594
3.198
3.226
2.915
2.638
2.472
2.687
2.693
2.295
2.052
1.646
1.505
1.100
1.068
0.618
0.795
0.471
0.761
0.806
0.858
1.066
1.289
1.602
1.857
1.973
1.654
1.482
1.905
1.889
1.378
1.789
2.036
1.747
1.523
1.984
2.103
1.542
1.855
2.286
2.619
2.671
2.350
2.200
1.749
2.133
2.383
2.202
1.893
2.433
2.635
2.516
2.207
2.174
1.993
2.420
3.347
2.948
2.669
2.151
2.451
2.470
2.109
2.313
1.697
1.891
2.360
2.328
2.861
2.991
2.714
2.331
2.337
1.878
2.084
1.802
1.968
2.082
1.700
1.684
2.012
1.840
1.804
2.037
1.593
1.740
1.305
1.548
1.452
1.635
1.902
1.626
1.358
1.038
0.987
1.183
1.144
1.342
0.911
1.426
1.333
1.734
1.868
2.227
2.002
2.606
2.480
2.771
3.118
3.204
2.871
2.624
1.974
2.014
1.609
1.477
1.152
1.070
0.730
0.974
1.047
1.104
1.345
1.444
1.651
1.237
1.738
1.477
1.889
2.137
1.937
1.917
1.562
1.353
1.069
0.875
0.815
0.724
0.554
0.756
0.322
0.991
1.025
1.452
1.667
2.077
2.361
2.696
3.042
3.301
3.537
3.339
3.505
3.488
3.555
3.256
3.042
3.165
3.059
2.690
2.731
2.883
2.633
2.296
2.585
2.681
2.170
2.002
2.522
2.517
2.715
2.511
2.337
1.993
2.085
2.203
1.922
1.589
1.891
1.982
1.528
1.874
2.024
2.209
2.515
2.802
2.935
2.463
2.805
2.997
3.213
2.713
3.053
2.751
3.184
3.348
3.679
3.854
4.001
4.156
3.881
3.737
3.376
3.415
2.987
3.213
3.159
3.128
2.847
2.567
2.581
2.290
2.241
2.209
2.390
2.654
2.469
3.111
3.342
3.700
3.707
3.662
3.121
3.522
3.559
3.223
3.052
2.656
2.441
2.117
1.939
1.631
1.481
1.201
1.135
0.742
0.665
0.909
0.581
0.358
0.863
0.873
1.217
1.414
1.682
1.938
2.262
2.608
2.814
3.202
3.441
3.689
3.928
4.244
3.880
4.331
4.374
4.342
4.229
4.272
3.897
3.937
3.655
3.334
3.230
3.439
3.378
3.000
2.704
2.310
2.041
1.674
1.464
1.097
0.970
0.509
0.787
0.649
0.926
0.874
1.214
1.526
1.827
1.831
1.487
1.462
1.802
1.649
1.227
1.714
1.941
1.671
1.604
2.058
2.206
1.831
2.170
2.517
2.878
2.959
2.550
2.484
2.133
2.514
2.825
2.683
2.433
2.981
3.204
3.128
2.773
2.661
2.345
2.717
2.784
2.394
2.118
1.606
1.943
2.002
1.585
1.917
1.335
1.665
2.105
2.195
2.658
2.752
2.578
2.178
2.091
1.605
1.736
1.389
1.547
1.651
1.292
1.211
1.461
1.237
1.250
1.386
0.946
1.147
0.853
1.096
1.101
1.360
1.678
1.487
1.216
0.874
0.914
1.082
0.932
0.989
0.500
0.919
0.763
1.130
1.226
1.584
1.364
1.985
1.794
2.114
2.470
2.446
2.115
1.849
1.244
1.238
0.871
0.748
0.532
0.681
0.257
0.878
1.053
1.265
1.482
1.544
1.732
1.385
1.841
1.544
1.969
2.215
1.945
1.888
1.527
1.291
1.082
0.982
1.160
0.949
0.637
0.685
0.351
0.532
0.248
0.730
0.920
1.319
1.617
1.933
2.282
2.531
2.768
2.583
2.758
2.766
2.853
2.543
2.337
2.505
2.412
1.992
2.121
2.311
2.085
1.636
2.034
2.221
1.672
1.591
2.143
2.314
2.494
2.281
2.154
1.693
1.900
2.093
1.853
1.473
1.818
1.972
1.568
1.798
1.946
2.070
2.436
2.721
2.828
2.364
2.557
2.718
2.878
2.309
2.604
2.239
2.618
2.815
3.102
3.335
3.511
3.594
3.308
3.204
2.871
2.945
2.551
2.830
2.841
2.741
2.584
2.421
2.392
2.144
2.088
1.990
2.121
2.345
2.149
2.666
2.843
3.195
3.138
3.097
2.669
2.891
2.949
2.625
2.502
2.114
1.996
1.713
1.691
1.452
1.386
1.046
1.134
0.710
0.810
1.114
0.915
0.538
0.806
0.649
1.012
1.125
1.265
1.442
1.687
2.004
2.161
2.538
2.741
2.985
3.210
3.507
3.218
3.645
3.732
3.717
3.591
3.612
3.225
3.288
2.955
2.664
2.504
2.720
2.672
2.281
2.004
1.595
1.361
0.998
0.924
0.607
0.756
0.418
0.737
0.804
1.093
1.258
1.303
1.637
1.898
1.867
1.550
1.469
1.778
1.620
1.198
1.567
1.729
1.422
1.238
1.680
1.802
1.265
1.611
2.006
2.349
2.415
2.079
1.920
1.533
1.898
2.169
2.034
1.718
2.266
2.480
2.413
2.091
2.031
1.736
2.105
2.075
1.745
1.399
1.095
1.453
1.630
1.190
1.716
1.288
1.762
2.067
2.353
2.645
2.707
2.713
2.350
2.166
1.732
1.721
1.272
1.339
1.341
1.077
0.879
0.939
0.627
0.592
0.645
0.391
0.571
0.628
0.783
0.968
1.339
1.658
1.502
1.342
0.816
1.164
1.308
1.065
1.071
0.338
0.634
0.273
0.363
0.280
0.642
0.700
1.100
1.144
1.418
1.770
1.811
1.431
1.171
0.759
0.656
0.293
0.428
0.360
0.715
0.510
1.186
1.331
1.588
1.739
1.901
2.119
1.843
2.274
1.973
2.388
2.631
2.339
2.247
1.893
1.615
1.495
1.343
1.609
1.405
0.944
1.156
0.762
0.790
0.693
0.675
0.750
0.993
1.247
1.424
1.750
1.821
2.125
2.015
2.157
2.144
2.354
2.088
1.824
2.029
2.078
1.637
1.644
1.966
1.950
1.364
1.854
2.116
1.774
1.610
2.194
2.444
2.694
2.535
2.529
2.051
2.213
2.462
2.463
1.922
2.362
2.615
2.469
2.554
2.699
2.585
3.046
3.294
3.329
2.929
2.962
3.006
3.076
2.468
2.602
2.243
2.426
2.626
2.775
3.082
3.317
3.318
3.077
3.063
2.780
2.982
2.688
3.037
3.155
3.019
3.028
3.028
2.963
2.868
2.743
2.501
2.547
2.714
2.510
2.838
2.903
3.223
3.068
3.090
2.813
2.751
2.835
2.570
2.419
2.205
2.214
2.079
2.191
2.122
2.266
1.840
2.163
1.746
1.794
2.087
1.813
1.517
1.815
1.457
1.647
1.752
1.588
1.783
1.796
2.008
1.971
2.328
2.412
2.605
2.763
2.995
2.963
3.303
3.488
3.533
3.383
3.341
2.940
2.914
2.593
2.372
2.091
2.311
2.340
1.943
1.776
1.405
1.243
1.126
1.263
1.187
1.410
1.355
1.660
1.593
2.012
2.010
2.076
2.375
2.539
2.378
2.075
2.087
2.143
1.857
1.641
1.801
1.760
1.418
1.426
1.654
1.537
0.990
1.282
1.662
1.929
1.814
1.510
1.266
0.824
1.306
1.508
1.228
1.146
1.606
1.755
1.599
1.257
1.160
0.935
1.353
2.799
2.419
2.245
1.674
2.238
2.353
2.040
2.470
1.957
2.300
2.680
2.874
3.266
3.390
3.294
2.910
2.795
2.336
2.311
1.968
1.841
1.799
1.473
1.079
1.269
0.950
0.766
1.133
0.838
1.267
1.046
1.488
1.467
1.886
2.184
1.967
1.828
1.185
1.659
1.825
1.657
1.672
0.896
1.400
1.011
1.289
1.071
1.431
0.988
1.650
1.439
1.733
2.076
2.155
1.830
1.647
0.923
1.189
0.780
0.994
0.446
1.189
1.057
1.578
1.831
2.003
2.267
2.411
2.636
2.233
2.732
2.382
2.746
3.018
2.791
2.708
2.324
2.114
2.003
1.843
1.856
1.681
1.403
1.361
0.995
1.009
0.595
0.983
0.683
1.302
1.427
1.805
2.130
2.309
2.589
2.508
2.748
2.828
2.935
2.601
2.423
2.660
2.579
2.098
2.324
2.540
2.361
1.856
2.354
2.571
2.001
2.016
2.578
2.833
2.986
2.740
2.601
2.116
2.392
2.590
2.428
1.971
2.421
2.623
2.339
2.369
2.460
2.445
2.862
3.239
3.280
2.855
2.843
3.065
3.218
2.630
2.939
2.510
2.828
3.101
3.330
3.636
3.822
3.828
3.518
3.441
3.066
3.187
2.811
3.050
3.089
2.898
2.785
2.724
2.524
2.370
2.376
2.146
2.341
2.539
2.447
2.781
2.995
3.342
3.237
3.113
2.725
2.830
2.966
2.673
2.623
2.255
2.254
1.946
2.014
1.798
1.904
1.247
1.695
1.321
1.374
1.645
1.576
1.273
1.517
0.925
1.391
1.353
1.517
1.437
1.825
2.088
2.252
2.567
2.712
2.978
3.193
3.404
3.219
3.583
3.723
3.692
3.493
3.456
3.049
3.058
2.737
2.487
2.273
2.503
2.565
2.159
1.965
1.566
1.503
1.134
1.213
0.795
1.239
1.055
1.504
1.623
1.900
1.983
2.129
2.466
2.639
2.583
2.258
2.215
2.448
2.225
1.812
2.140
2.269
1.972
1.741
2.167
2.239
1.649
1.921
2.385
2.695
2.705
2.410
2.189
1.741
2.137
2.365
2.121
1.854
2.367
2.544
2.364
2.067
1.980
1.790
2.072
3.317
2.999
2.607
2.318
2.729
2.884
2.383
2.815
2.305
2.645
3.023
3.217
3.608
3.739
3.641
3.258
3.161
2.698
2.822
2.432
2.514
2.519
2.209
1.864
1.928
1.593
1.407
1.672
1.369
1.816
1.775
2.067
2.153
2.480
2.818
2.648
2.422
1.941
2.131
2.301
2.115
2.130
1.533
1.795
1.402
1.636
1.349
1.668
1.042
1.707
1.444
1.706
2.020
2.156
1.840
1.740
0.961
1.390
1.039
1.310
0.813
1.538
1.429
1.915
2.168
2.312
2.565
2.677
2.870
2.390
2.901
2.562
2.916
3.191
3.036
3.048
2.637
2.510
2.235
2.104
2.082
1.965
1.693
1.669
1.323
1.342
0.906
1.263
0.826
1.477
1.485
1.902
2.199
2.353
2.647
2.619
2.898
3.013
3.107
2.761
2.585
2.856
2.769
2.282
2.561
2.769
2.577
2.092
2.605
2.815
2.217
2.294
2.839
3.106
3.242
2.965
2.804
2.329
2.626
2.825
2.641
2.211
2.668
2.854
2.476
2.523
2.580
2.589
2.987
3.413
3.441
3.013
2.947
3.222
3.385
2.806
3.148
2.696
3.010
3.317
3.539
3.865
4.043
4.023
3.694
3.615
3.213
3.333
2.941
3.147
3.184
2.953
2.812
2.786
2.506
2.325
2.422
2.153
2.421
2.560
2.580
2.838
3.089
3.434
3.325
3.143
2.738
2.848
3.016
2.744
2.719
2.307
2.361
2.015
2.130
1.870
1.935
1.238
1.552
1.219
1.285
1.555
1.636
1.370
1.617
0.985
1.569
1.448
1.670
1.436
1.949
2.134
2.357
2.664
2.794
3.078
3.296
3.462
3.292
3.626
3.772
3.722
3.484
3.425
3.016
2.988
2.688
2.471
2.224
2.486
2.603
2.204
2.051
1.680
1.644
1.248
1.413
0.933
1.469
1.249
1.694
1.825
1.999
2.123
2.322
2.654
2.899
2.880
2.557
2.450
2.737
2.550
2.113
2.444
2.596
2.309
2.030
2.480
2.569
1.969
2.207
2.695
2.996
3.013
2.711
2.486
2.047
2.424
2.641
2.377
2.101
2.594
2.762
2.546
2.279
2.244
2.173
2.553
3.586
3.285
2.861
2.654
3.047
3.212
2.697
3.122
2.618
2.958
3.326
3.528
3.909
4.051
3.960
3.581
3.491
3.034
3.167
2.775
2.864
2.900
2.622
2.401
2.379
2.101
1.903
1.990
1.753
2.138
2.214
2.381
2.546
2.850
3.198
3.094
2.880
2.443
2.591
2.764
2.497
2.486
1.960
2.133
1.738
1.923
1.607
1.853
1.167
1.764
1.481
1.705
1.980
2.143
1.830
1.836
1.043
1.583
1.306
1.594
1.154
1.859
1.812
2.237
2.493
2.656
2.928
3.033
3.251
2.757
3.273
2.954
3.271
3.549
3.448
3.484
3.053
2.972
2.655
2.473
2.384
2.275
2.000
1.965
1.623
1.638
1.187
1.493
1.005
1.628
1.532
1.975
2.238
2.390
2.634
2.689
3.005
3.152
3.221
2.866
2.709
3.000
2.893
2.413
2.728
2.934
2.724
2.275
2.789
2.975
2.367
2.500
3.031
3.309
3.420
3.110
2.913
2.470
2.788
2.977
2.695
2.382
2.814
2.926
2.586
2.530
2.534
2.578
2.909
3.400
3.422
2.997
2.896
3.276
3.445
2.903
3.278
2.806
3.118
3.457
3.675
4.016
4.181
4.137
3.789
3.705
3.279
3.392
2.986
3.144
3.152
2.902
2.622
2.585
2.262
2.092
2.257
1.954
2.354
2.477
2.612
2.812
3.097
3.437
3.310
3.090
2.660
2.792
2.964
2.739
2.737
2.239
2.392
2.003
2.100
1.758
1.862
1.153
1.515
1.230
1.398
1.649
1.799
1.601
1.731
1.063
1.679
1.437
1.770
1.394
2.012
2.087
2.397
2.693
2.813
3.115
3.337
3.463
3.290
3.597
3.739
3.670
3.398
3.312
2.919
2.849
2.570
2.371
2.137
2.426
2.581
2.204
2.088
1.756
1.737
1.319
1.571
1.068
1.658
1.454
1.873
2.059
2.139
2.329
2.528
2.855
3.065
3.124
2.810
2.613
2.966
2.834
2.375
2.700
2.875
2.607
2.264
2.739
2.853
2.245
2.441
2.953
3.245
3.284
2.977
2.757
2.325
2.672
2.880
2.614
2.310
2.785
2.941
2.674
2.481
2.467
2.448
2.817
3.744
3.463
3.006
2.878
3.267
3.446
2.922
3.346
2.857
3.211
3.559
3.782
4.142
4.290
4.219
3.847
3.754
3.307
3.433
3.033
3.126
3.147
2.895
2.684
2.564
2.323
2.087
2.167
1.970
2.356
2.499
2.600
2.835
3.136
3.489
3.394
3.209
2.736
2.955
3.102
2.801
2.775
2.264
2.388
1.992
2.116
1.778
1.950
1.240
1.741
1.435
1.635
1.868
2.033
1.714
1.848
1.090
1.697
1.468
1.805
1.422
2.112
2.119
2.519
2.785
2.970
3.264
3.458
3.697
3.207
3.724
3.394
3.705
3.981
3.893
3.947
3.532
3.404
3.119
2.906
2.825
2.657
2.313
2.240
1.901
1.871
1.413
1.643
1.118
1.708
1.513
1.966
2.178
2.335
2.499
2.651
2.987
3.184
3.212
2.850
2.732
3.037
2.890
2.437
2.781
2.989
2.718
2.371
2.870
3.014
2.411
2.614
3.119
3.414
3.465
3.157
2.940
2.471
2.863
3.070
2.793
2.511
2.990
3.137
2.867
2.677
2.640
2.594
2.930
3.465
3.443
3.031
2.779
3.192
3.337
2.855
3.267
2.753
3.079
3.457
3.650
4.026
4.169
4.093
3.723
3.630
3.176
3.262
2.856
2.956
2.970
2.666
2.368
2.460
2.120
1.980
2.215
1.857
2.245
2.215
2.529
2.572
2.909
3.234
3.056
2.824
2.365
2.548
2.718
2.556
2.581
1.958
2.253
1.858
2.074
1.762
2.008
1.315
1.710
1.458
1.652
1.867
2.059
1.941
2.027
1.334
1.804
1.481
1.775
1.224
1.946
1.862
2.289
2.564
2.679
3.000
3.230
3.316
3.110
3.371
3.512
3.391
3.113
2.978
2.640
2.525
2.300
2.092
1.913
2.225
2.393
2.071
1.996
1.667
1.732
1.295
1.666
1.249
1.834
1.739
2.183
2.412
2.412
2.673
2.866
3.194
3.343
3.382
3.069
2.885
3.194
3.072
2.606
2.914
3.093
2.835
2.446
2.931
3.056
2.443
2.591
3.122
3.398
3.451
3.141
2.925
2.487
2.821
3.015
2.746
2.425
2.871
3.006
2.693
2.578
2.586
2.621
2.976
3.971
3.702
3.247
3.133
3.553
3.739
3.234
3.672
3.188
3.552
3.897
4.125
4.482
4.625
4.560
4.186
4.087
3.638
3.751
3.343
3.414
3.420
3.168
2.911
2.778
2.525
2.268
2.378
2.195
2.601
2.770
2.883
3.126
3.445
3.797
3.704
3.504
3.001
3.254
3.405
3.117
3.094
2.547
2.692
2.288
2.378
2.019
2.143
1.444
1.825
1.505
1.674
1.891
2.047
1.730
2.027
1.336
1.967
1.734
2.107
1.725
2.443
2.431
2.856
3.119
3.299
3.590
3.771
4.010
3.597
4.107
3.796
4.157
4.430
4.269
4.268
3.877
3.690
3.422
3.215
3.161
2.978
2.642
2.581
2.241
2.214
1.746
1.952
1.399
1.955
1.656
2.091
2.246
2.402
2.466
2.729
3.059
3.308
3.326
2.967
2.876
3.188
3.039
2.598
2.966
3.179
2.880
2.602
3.095
3.224
2.637
2.884
3.364
3.670
3.692
3.387
3.167
2.680
3.114
3.324
3.051
2.795
3.280
3.433
3.187
2.952
2.896
2.816
3.144
3.697
3.651
3.253
2.923
3.358
3.482
3.022
3.440
2.888
3.215
3.620
3.773
4.186
4.317
4.207
3.826
3.737
3.269
3.349
2.958
3.055
3.071
2.742
2.407
2.570
2.228
2.007
2.399
2.025
2.401
2.281
2.651
2.627
2.970
3.275
3.043
2.800
2.394
2.502
2.678
2.588
2.649
1.995
2.392
2.010
2.284
1.994
2.284
1.621
2.043
1.848
2.071
2.298
2.499
2.325
2.357
1.667
2.095
1.726
2.001
1.379
2.090
1.899
2.379
2.622
2.711
3.036
3.230
3.292
3.106
3.303
3.458
3.293
3.007
2.817
2.526
2.361
2.166
2.008
1.845
2.172
2.361
2.109
2.091
1.766
1.921
1.489
1.925
1.568
2.158
2.078
2.517
2.747
2.802
3.101
3.199
3.527
3.657
3.721
3.414
3.212
3.522
3.418
2.947
3.231
3.423
3.171
2.757
3.247
3.381
2.767
2.881
3.428
3.684
3.740
3.426
3.198
2.778
3.107
3.281
2.995
2.692
3.103
3.213
2.855
2.797
2.801
2.870
3.198
