2.883
2.639
2.204
2.246
2.609
2.832
2.367
2.863
2.451
2.910
3.169
3.499
3.734
3.845
3.938
3.567
3.405
3.003
3.005
2.581
2.643
2.588
2.465
2.154
1.852
1.825
1.504
1.470
1.430
1.740
2.017
1.992
2.499
2.783
3.141
3.207
3.089
2.474
2.974
3.004
2.677
2.521
2.072
1.952
1.587
1.447
1.104
1.056
0.264
0.656
0.360
0.459
0.750
0.918
0.619
0.879
0.334
0.936
0.794
1.233
1.487
1.814
2.019
2.405
2.721
3.000
3.276
3.524
3.827
3.588
4.102
3.835
4.226
4.486
4.229
4.129
3.787
3.467
3.294
2.993
3.104
2.798
2.464
2.254
1.929
1.657
1.365
1.135
0.655
0.953
0.633
1.024
1.160
1.213
1.416
1.635
1.960
2.183
2.254
1.917
1.788
2.138
2.052
1.553
1.989
2.239
1.999
1.732
2.263
2.448
1.949
2.247
2.679
3.021
3.117
2.774
2.699
2.161
2.595
2.866
2.739
2.391
2.929
3.144
3.063
2.764
2.733
2.523
2.932
3.526
3.303
2.942
2.580
2.847
2.937
2.401
2.688
2.101
2.318
2.745
2.801
3.250
3.428
3.290
2.899
2.879
2.436
2.620
2.276
2.536
2.644
2.307
2.199
2.498
2.237
2.200
2.346
1.900
2.068
1.901
2.068
2.123
2.248
2.558
2.330
2.104
1.774
1.710
1.904
1.791
1.905
1.491
1.839
1.585
1.925
1.889
2.218
1.626
2.224
1.935
2.154
2.434
2.558
2.235
2.285
1.619
1.830
1.485
1.464
1.115
1.281
1.249
1.481
1.683
1.716
2.019
2.205
2.269
2.201
2.414
2.601
2.534
2.241
2.076
1.707
1.629
1.326
1.198
0.914
1.211
1.386
1.078
1.119
0.815
1.117
1.003
1.356
1.322
1.839
1.932
2.356
2.615
2.835
3.089
3.010
3.281
3.328
3.313
3.016
2.899
3.037
2.853
2.493
2.656
2.751
2.450
2.201
2.527
2.533
1.946
1.976
2.511
2.705
2.712
2.389
2.140
1.798
2.081
2.186
1.899
1.647
1.991
2.032
1.696
1.657
1.703
1.831
2.162
2.991
2.757
2.291
2.457
2.702
2.903
2.378
2.799
2.403
2.833
3.058
3.383
3.606
3.749
3.855
3.512
3.373
3.001
3.046
2.631
2.796
2.766
2.676
2.419
2.139
2.192
1.904
1.788
1.763
1.994
2.237
2.115
2.676
2.891
3.247
3.284
3.115
2.644
2.890
2.991
2.689
2.604
2.147
2.059
1.690
1.631
1.281
1.314
0.697
1.074
0.669
0.848
1.130
1.101
0.674
0.873
0.483
0.930
0.955
1.264
1.481
1.822
1.981
2.357
2.648
2.858
3.148
3.372
3.652
3.343
3.861
3.605
4.011
4.265
4.027
3.978
3.633
3.360
3.104
2.839
2.820
2.578
2.225
2.100
1.764
1.593
1.218
1.028
0.570
0.783
0.448
0.886
1.084
1.303
1.514
1.541
1.873
2.092
2.112
1.767
1.649
1.971
1.868
1.385
1.784
2.028
1.792
1.493
2.027
2.217
1.709
1.994
2.435
2.776
2.799
2.502
2.313
1.797
2.274
2.505
2.286
2.045
2.551
2.730
2.578
2.270
2.201
2.043
2.397
3.046
2.820
2.450
2.089
2.457
2.578
2.096
2.479
1.908
2.130
2.542
2.629
3.056
3.236
3.123
2.737
2.709
2.274
2.398
1.995
2.154
2.206
1.884
1.685
1.907
1.621
1.610
1.736
1.317
1.558
1.453
1.714
1.823
2.027
2.342
2.176
1.956
1.598
1.614
1.793
1.654
1.702
1.098
1.469
1.119
1.435
1.312
1.661
1.193
1.906
1.648
1.886
2.183
2.288
1.945
1.915
1.311
1.415
0.985
1.134
0.548
1.083
0.977
1.322
1.558
1.628
1.929
2.150
2.250
2.128
2.389
2.544
2.467
2.196
2.114
1.712
1.693
1.416
1.165
0.969
1.248
1.383
0.998
0.962
0.684
0.896
0.750
1.111
0.925
1.529
1.613
2.059
2.322
2.533
2.792
2.727
2.958
3.005
3.095
2.825
2.620
2.841
2.708
2.319
2.450
2.595
2.329
1.981
2.336
2.418
1.846
1.802
2.357
2.518
2.620
2.343
2.140
1.752
1.996
2.149
1.888
1.537
1.889
2.017
1.676
1.731
1.851
2.002
2.351
3.317
3.052
2.601
2.639
2.880
3.042
2.471
2.832
2.399
2.755
3.011
3.247
3.548
3.725
3.779
3.440
3.343
2.962
3.084
2.699
2.852
2.885
2.645
2.495
2.392
2.194
1.985
2.002
1.795
2.127
2.283
2.292
2.564
2.811
3.164
3.124
2.948
2.541
2.693
2.809
2.518
2.462
2.020
2.094
1.718
1.853
1.577
1.690
1.050
1.564
1.169
1.346
1.624
1.586
1.145
1.305
0.781
1.167
1.189
1.390
1.345
1.766
1.812
2.172
2.450
2.639
2.930
3.148
3.422
3.105
3.623
3.375
3.779
4.032
3.803
3.762
3.415
3.155
2.880
2.620
2.570
2.342
1.989
1.890
1.535
1.471
1.077
1.055
0.639
1.014
0.838
1.264
1.452
1.752
1.932
1.890
2.209
2.364
2.300
1.952
1.985
2.176
1.924
1.556
1.894
2.044
1.721
1.546
1.969
2.046
1.482
1.815
2.235
2.553
2.549
2.249
2.041
1.548
2.018
2.209
1.909
1.737
2.185
2.320
2.100
1.820
1.745
1.687
2.007
2.662
2.481
2.091
1.847
2.214
2.338
1.843
2.243
1.701
2.044
2.440
2.596
2.988
3.118
3.064
2.651
2.554
2.094
2.170
1.761
1.934
1.997
1.686
1.541
1.591
1.278
1.198
1.312
0.946
1.317
1.272
1.488
1.629
1.814
2.140
2.016
1.808
1.447
1.579
1.706
1.487
1.485
0.926
1.227
0.882
1.145
0.852
1.167
0.628
1.333
1.160
1.427
1.711
1.872
1.556
1.412
0.937
1.035
0.627
0.895
0.343
0.915
0.791
1.259
1.547
1.735
2.062
2.328
2.488
2.124
2.435
2.527
2.438
2.225
2.211
1.854
1.852
1.656
1.269
1.296
1.533
1.531
1.204
1.062
0.713
0.769
0.548
0.908
0.586
1.211
1.315
1.634
1.932
2.022
2.343
2.288
2.532
2.600
2.738
2.475
2.201
2.506
2.506
2.019
2.196
2.472
2.284
1.806
2.254
2.439
1.863
1.850
2.414
2.626
2.777
2.530
2.370
1.916
2.181
2.377
2.191
1.746
2.167
2.347
2.076
2.088
2.209
2.281
2.679
3.520
3.229
2.803
2.797
2.950
3.069
2.468
2.631
2.252
2.440
2.642
2.792
3.099
3.334
3.353
3.087
3.069
2.767
3.002
2.674
2.946
3.008
2.844
2.758
2.662
2.621
2.438
2.325
2.180
2.311
2.504
2.385
2.735
2.856
3.196
3.136
3.101
2.835
2.818
2.848
2.583
2.456
2.130
2.140
1.882
1.990
1.822
1.986
1.441
1.991
1.608
1.810
2.096
2.018
1.593
1.669
1.141
1.391
1.418
1.417
1.590
1.717
1.955
2.028
2.338
2.482
2.784
3.051
3.345
3.146
3.636
3.506
3.920
4.146
3.913
3.865
3.484
3.287
2.971
2.634
2.453
2.088
1.836
1.664
1.338
1.276
0.979
1.101
0.884
1.222
1.214
1.601
1.797
2.148
2.330
2.172
2.433
2.501
2.364
2.051
2.057
2.119
1.821
1.624
1.822
1.799
1.464
1.447
1.689
1.584
1.037
1.327
1.713
1.968
1.824
1.534
1.295
0.865
1.335
1.521
1.233
1.175
1.606
1.737
1.551
1.212
1.113
0.959
1.309
1.955
1.737
1.358
1.094
1.481
1.648
1.227
1.741
1.320
1.785
2.090
2.361
2.643
2.714
2.762
2.372
2.191
1.772
1.702
1.261
1.320
1.302
1.093
0.947
1.023
0.742
0.638
0.722
0.378
0.550
0.727
0.822
1.168
1.392
1.737
1.694
1.587
1.013
1.510
1.593
1.309
1.173
0.590
0.621
0.255
0.386
0.253
0.604
0.339
0.821
0.896
1.128
1.458
1.581
1.187
1.056
0.705
0.628
0.312
0.475
0.252
0.705
0.706
1.243
1.533
1.828
2.094
2.418
2.637
2.072
2.411
2.412
2.328
2.221
2.309
2.034
2.064
1.973
1.497
1.707
1.901
1.716
1.183
1.209
0.963
0.791
0.500
0.696
0.418
0.965
1.123
1.359
1.653
1.598
1.963
1.938
2.087
2.076
2.282
2.068
1.752
2.017
2.092
1.646
1.654
1.985
1.973
1.380
1.874
2.132
1.797
1.627
2.203
2.449
2.686
2.530
2.499
2.008
2.218
2.463
2.399
1.893
2.334
2.572
2.393
2.349
2.469
2.465
2.901
3.449
3.142
2.738
2.500
2.819
2.965
2.414
2.820
2.301
2.597
2.969
3.128
3.525
3.681
3.626
3.238
3.161
2.709
2.875
2.474
2.649
2.709
2.437
2.344
2.318
2.079
1.924
1.944
1.691
1.979
2.060
2.186
2.325
2.560
2.907
2.837
2.653
2.307
2.375
2.506
2.227
2.198
1.768
1.897
1.532
1.768
1.524
1.816
1.182
1.869
1.550
1.782
2.106
2.196
1.797
1.805
1.007
1.407
1.143
1.304
1.100
1.543
1.525
1.888
2.149
2.311
2.609
2.791
3.060
2.653
3.177
2.921
3.292
3.552
3.374
3.380
3.034
2.831
2.505
2.270
2.139
1.924
1.622
1.594
1.258
1.271
0.938
1.178
0.800
1.424
1.431
1.871
2.146
2.396
2.636
2.554
2.853
2.961
2.970
2.631
2.557
2.755
2.562
2.135
2.436
2.594
2.284
1.953
2.403
2.414
1.817
1.971
2.471
2.709
2.641
2.327
2.082
1.720
2.056
2.192
1.875
1.715
2.094
2.132
1.841
1.715
1.626
1.658
1.918
2.582
2.431
2.045
1.837
2.314
2.508
2.152
2.654
2.218
2.660
2.975
3.240
3.534
3.633
3.676
3.272
3.108
2.669
2.614
2.168
2.159
2.104
1.878
1.493
1.453
1.123
0.963
1.179
0.847
1.307
1.504
1.698
2.024
2.266
2.603
2.499
2.377
1.769
2.240
2.370
2.147
2.050
1.374
1.544
1.160
1.171
0.812
1.016
0.339
0.758
0.575
0.770
1.091
1.253
0.997
1.010
0.543
0.975
0.641
1.074
0.753
1.473
1.457
2.020
2.327
2.569
2.876
3.129
3.308
2.874
3.160
3.218
3.085
2.910
2.874
2.624
2.565
2.472
2.051
2.061
2.330
2.383
1.970
1.829
1.497
1.349
0.895
1.029
0.569
1.116
0.973
1.276
1.486
1.473
1.839
1.910
2.207
2.331
2.502
2.238
1.937
2.332
2.363
1.874
2.150
2.436
2.250
1.817
2.354
2.515
1.918
2.115
2.624
2.931
3.022
2.724
2.535
2.084
2.423
2.664
2.458
2.088
2.591
2.775
2.605
2.360
2.379
2.304
2.726
3.304
2.982
2.597
2.298
2.607
2.736
2.194
2.593
2.053
2.340
2.732
2.872
3.286
3.435
3.348
2.965
2.892
2.432
2.609
2.209
2.396
2.475
2.182
2.116
2.173
1.913
1.809
1.822
1.538
1.776
1.799
1.955
2.049
2.276
2.618
2.502
2.270
1.935
1.944
2.119
1.914
1.909
1.474
1.657
1.306
1.591
1.417
1.742
1.263
1.944
1.654
1.911
2.254
2.317
1.963
1.852
1.096
1.363
1.031
1.127
0.837
1.279
1.218
1.601
1.838
1.863
2.155
2.288
2.564
2.160
2.684
2.466
2.840
3.088
2.908
2.900
2.543
2.345
2.036
1.803
1.619
1.433
1.189
1.285
0.976
1.050
0.705
1.036
0.779
1.411
1.540
1.943
2.260
2.487
2.738
2.630
2.886
2.961
3.021
2.704
2.562
2.764
2.628
2.177
2.432
2.588
2.277
1.924
2.358
2.379
1.783
1.849
2.378
2.592
2.549
2.238
1.975
1.679
1.951
2.010
1.712
1.545
1.868
1.886
1.590
1.489
1.480
1.594
1.909
2.447
2.399
1.998
2.057
2.388
2.638
2.213
2.678
2.278
2.740
3.000
3.321
3.552
3.670
3.766
3.398
3.244
2.851
2.821
2.403
2.461
2.372
2.277
1.935
1.728
1.531
1.248
1.336
1.176
1.520
1.810
1.811
2.351
2.588
2.947
2.954
2.822
2.272
2.699
2.767
2.463
2.325
1.843
1.765
1.406
1.242
0.900
0.808
0.265
0.543
0.360
0.433
0.705
0.808
0.606
0.769
0.306
0.819
0.618
1.061
1.057
1.594
1.823
2.198
2.540
2.768
3.047
3.281
3.492
3.178
3.557
3.607
3.524
3.372
3.389
3.048
3.046
2.791
2.464
2.329
2.575
2.619
2.219
2.013
1.629
1.455
1.039
0.956
0.555
0.894
0.708
0.985
1.102
1.127
1.404
1.578
1.884
2.081
2.224
1.924
1.701
2.110
2.126
1.602
1.942
2.205
2.009
1.619
2.187
2.316
1.734
1.992
2.460
2.781
2.860
2.555
2.381
1.927
2.289
2.543
2.348
2.003
2.525
2.717
2.589
2.291
2.292
2.159
2.593
3.052
2.714
2.353
2.007
2.291
2.404
1.871
2.258
1.705
2.004
2.407
2.555
2.962
3.100
3.020
2.619
2.540
2.075
2.252
1.853
2.051
2.133
1.812
1.755
1.895
1.642
1.615
1.638
1.281
1.489
1.410
1.604
1.657
1.902
2.234
2.123
1.906
1.575
1.507
1.712
1.528
1.542
1.075
1.324
1.000
1.319
1.255
1.599
1.284
1.931
1.719
1.996
2.352
2.373
2.039
1.831
1.172
1.258
0.878
0.874
0.507
0.934
0.818
1.256
1.416
1.454
1.699
1.779
2.021
1.623
2.136
1.919
2.315
2.559
2.361
2.366
2.029
1.860
1.488
1.237
1.121
1.016
0.859
0.995
0.657
0.765
0.417
0.841
0.770
1.340
1.580
1.929
2.267
2.497
2.743
2.589
2.800
2.839
2.918
2.622
2.435
2.620
2.516
2.075
2.271
2.458
2.248
1.768
2.207
2.392
1.824
1.801
2.355
2.542
2.633
2.345
2.127
1.795
2.001
2.082
1.789
1.542
1.842
1.862
1.442
1.634
1.720
1.876
2.201
2.611
2.661
2.220
2.435
2.688
2.934
2.440
2.777
2.382
2.739
2.974
3.249
3.489
3.670
3.750
3.430
3.337
2.988
3.066
2.681
2.831
2.759
2.704
2.399
2.166
2.077
1.792
1.798
1.695
1.959
2.228
2.120
2.716
2.908
3.258
3.186
3.133
2.721
2.903
2.973
2.672
2.571
2.180
2.107
1.729
1.600
1.235
1.139
0.772
0.596
0.294
0.272
0.542
0.583
0.374
0.620
0.319
0.906
0.967
1.322
1.446
1.758
2.062
2.255
2.587
2.773
3.027
3.253
3.504
3.267
3.650
3.762
3.732
3.582
3.578
3.180
3.231
2.901
2.624
2.453
2.667
2.668
2.264
2.027
1.622
1.442
1.042
1.037
0.695
0.813
0.472
0.786
0.863
0.895
1.151
1.347
1.654
1.894
2.019
1.706
1.519
1.923
1.898
1.384
1.796
1.993
1.690
1.473
1.917
2.018
1.456
1.766
2.193
2.525
2.586
2.266
2.120
1.659
2.050
2.314
2.136
1.823
2.355
2.554
2.457
2.128
2.112
1.918
2.363
3.249
2.856
2.536
2.066
2.341
2.373
1.959
2.233
1.623
1.873
2.341
2.329
2.840
2.930
2.753
2.339
2.302
1.824
2.021
1.697
1.907
2.025
1.670
1.691
1.969
1.805
1.737
1.953
1.497
1.638
1.281
1.466
1.425
1.578
1.883
1.648
1.413
1.097
1.049
1.233
1.108
1.258
0.909
1.306
1.219
1.596
1.730
2.096
1.954
2.554
2.443
2.716
3.064
3.115
2.784
2.523
1.946
1.917
1.489
1.374
0.813
0.996
0.605
1.024
1.083
1.138
1.363
1.445
1.668
1.244
1.772
1.512
1.923
2.170
1.950
1.949
1.614
1.426
1.082
0.882
0.823
0.728
0.601
0.808
0.309
1.002
0.997
1.440
1.549
2.041
2.352
2.652
3.001
3.205
3.456
3.269
3.420
3.406
3.512
3.254
3.008
3.152
3.056
2.687
2.742
2.907
2.662
2.301
2.604
2.699
2.189
2.035
2.561
2.572
2.752
2.543
2.368
2.040
2.124
2.234
1.974
1.646
1.940
2.026
1.580
1.919
2.064
2.210
2.557
2.865
2.957
2.492
2.834
3.024
3.260
2.738
3.086
2.779
3.205
3.369
3.691
3.866
4.018
4.187
3.892
3.757
3.394
3.437
3.022
3.238
3.171
3.157
2.870
2.609
2.602
2.317
2.268
2.216
2.421
2.677
2.497
3.126
3.343
3.699
3.698
3.680
3.201
3.531
3.552
3.231
3.064
2.661
2.459
2.133
1.981
1.655
1.515
1.252
1.110
0.794
0.550
0.804
0.497
0.377
0.908
0.833
1.249
1.443
1.700
1.958
2.271
2.614
2.833
3.205
3.439
3.684
3.923
4.222
3.888
4.316
4.372
4.337
4.227
4.261
3.882
3.931
3.640
3.320
3.211
3.420
3.371
2.984
2.704
2.311
2.032
1.651
1.477
1.093
1.007
0.549
0.839
0.701
0.925
0.899
1.257
1.590
1.890
1.888
1.545
1.525
1.857
1.703
1.272
1.754
1.988
1.686
1.639
2.086
2.174
1.763
2.176
2.453
2.801
2.818
2.435
2.311
1.967
2.387
2.687
2.536
2.338
2.853
3.049
2.983
2.610
2.528
2.214
2.626
2.739
2.349
2.028
1.561
1.886
1.963
1.506
1.878
1.301
1.642
2.070
2.181
2.615
2.716
2.598
2.178
2.099
1.616
1.759
1.358
1.540
1.610
1.267
1.222
1.441
1.242
1.252
1.366
0.917
1.105
0.847
1.092
1.106
1.366
1.662
1.418
1.173
0.854
0.831
1.005
0.898
1.017
0.496
0.884
0.666
1.043
1.175
1.543
1.407
2.011
1.870
2.155
2.515
2.504
2.177
1.910
1.346
1.289
0.897
0.773
0.290
0.631
0.302
0.875
0.921
1.076
1.273
1.387
1.623
1.318
1.832
1.549
1.979
2.220
1.954
1.885
1.540
1.263
1.027
0.828
1.007
0.812
0.444
0.643
0.307
0.599
0.358
0.811
0.926
1.394
1.710
2.011
2.360
2.589
2.827
2.634
2.803
2.807
2.900
2.627
2.402
2.565
2.491
2.072
2.194
2.391
2.201
1.718
2.117
2.316
1.791
1.677
2.237
2.345
2.506
2.281
2.122
1.744
1.896
2.051
1.807
1.436
1.763
1.914
1.534
1.754
1.900
1.968
2.398
2.705
2.759
2.296
2.571
2.761
2.963
2.416
2.722
2.368
2.720
2.910
3.192
3.404
3.592
3.700
3.407
3.317
2.988
3.078
2.687
2.926
2.880
2.848
2.603
2.392
2.376
2.127
2.053
1.974
2.164
2.391
2.200
2.797
2.975
3.321
3.255
3.254
2.883
3.037
3.072
2.766
2.644
2.254
2.122
1.807
1.704
1.407
1.342
1.122
1.140
0.736
0.845
1.154
0.946
0.545
0.786
0.598
1.003
1.152
1.366
1.612
1.835
2.144
2.292
2.659
2.851
3.082
3.298
3.583
3.345
3.745
3.855
3.841
3.722
3.734
3.340
3.405
3.064
2.780
2.599
2.818
2.785
2.384
2.125
1.716
1.457
1.120
1.075
0.701
0.719
0.379
0.704
0.790
1.102
1.285
1.284
1.621
1.849
1.821
1.508
1.436
1.731
1.600
1.143
1.544
1.756
1.406
1.316
1.725
1.760
1.277
1.641
2.001
2.337
2.328
1.988
1.815
1.424
1.870
2.149
1.975
1.753
2.284
2.485
2.413
2.041
1.970
1.668
2.078
2.046
1.715
1.352
1.071
1.431
1.612
1.181
1.727
1.307
1.773
2.074
2.362
2.639
2.702
2.752
2.355
2.181
1.734
1.724
1.274
1.315
1.327
1.081
0.891
0.958
0.666
0.629
0.635
0.388
0.559
0.676
0.776
1.000
1.360
1.679
1.539
1.371
0.876
1.233
1.342
1.111
1.103
0.365
0.643
0.262
0.347
0.265
0.640
0.672
1.133
1.182
1.452
1.790
1.806
1.430
1.180
0.756
0.668
0.285
0.426
0.340
0.734
0.516
1.202
1.350
1.596
1.751
1.941
2.193
1.884
2.373
2.079
2.505
2.740
2.443
2.356
2.012
1.711
1.574
1.401
1.626
1.399
0.961
1.148
0.733
0.803
0.801
0.682
0.771
0.992
1.256
1.432
1.754
1.819
2.121
1.993
2.125
2.114
2.314
2.079
1.792
2.010
2.059
1.615
1.635
1.961
1.953
1.365
1.853
2.113
1.778
1.621
2.200
2.452
2.699
2.539
2.539
2.058
2.216
2.469
2.478
1.936
2.373
2.623
2.403
2.564
2.702
2.536
3.066
3.354
3.319
2.920
2.966
3.009
3.097
2.475
2.609
2.248
2.415
2.622
2.764
3.058
3.299
3.323
3.067
3.057
2.777
2.980
2.683
3.041
3.147
3.036
3.034
3.036
2.982
2.886
2.756
2.526
2.559
2.719
2.520
2.860
2.890
3.205
3.048
3.093
2.844
2.772
2.810
2.571
2.413
2.201
2.221
2.085
2.219
2.135
2.257
1.866
2.099
1.699
1.698
1.994
1.731
1.437
1.748
1.407
1.669
1.782
1.608
1.795
1.797
2.007
1.984
2.322
2.419
2.592
2.751
2.992
2.968
3.297
3.487
3.531
3.387
3.344
2.939
2.920
2.595
2.375
2.091
2.311
2.349
1.947
1.788
1.421
1.237
1.154
1.282
1.218
1.434
1.301
1.602
1.557
1.975
1.986
2.040
2.349
2.527
2.386
2.081
2.100
2.150
1.876
1.660
1.813
1.778
1.444
1.444
1.666
1.531
0.985
1.271
1.649
1.915
1.805
1.497
1.250
0.803
1.289
1.504
1.214
1.134
1.577
1.723
1.586
1.213
1.136
0.907
1.340
2.798
2.436
2.206
1.701
2.250
2.387
2.041
2.501
1.973
2.324
2.711
2.888
3.275
3.397
3.339
2.925
2.812
2.339
2.386
1.949
1.910
1.857
1.550
1.140
1.288
0.973
0.745
1.132
0.835
1.269
1.131
1.541
1.533
1.955
2.255
2.059
1.918
1.279
1.748
1.889
1.703
1.720
0.962
1.413
1.034
1.278
1.063
1.398
1.071
1.629
1.500
1.764
2.111
2.195
1.869
1.708
0.976
1.235
0.846
1.031
0.577
1.223
1.018
1.594
1.833
2.008
2.244
2.376
2.600
2.178
2.707
2.366
2.734
2.997
2.792
2.758
2.377
2.163
1.962
1.817
1.846
1.680
1.387
1.373
1.015
1.055
0.692
1.006
0.685
1.339
1.469
1.853
2.173
2.352
2.628
2.536
2.784
2.864
2.956
2.646
2.458
2.703
2.610
2.134
2.373
2.585
2.401
1.896
2.390
2.600
2.019
2.047
2.607
2.858
2.998
2.736
2.600
2.134
2.399
2.594
2.425
1.988
2.418
2.609
2.320
2.354
2.435
2.402
2.858
3.298
3.252
2.832
2.838
3.074
3.244
2.647
2.970
2.540
2.858
3.135
3.369
3.653
3.844
3.879
3.543
3.469
3.095
3.205
2.828
3.061
3.077
2.913
2.775
2.721
2.516
2.352
2.358
2.121
2.341
2.552
2.454
2.863
2.998
3.343
3.240
3.138
2.821
2.864
2.980
2.699
2.642
2.266
2.268
1.951
2.011
1.784
1.883
1.296
1.673
1.305
1.356
1.629
1.549
1.242
1.501
0.930
1.376
1.338
1.531
1.476
1.849
2.106
2.283
2.600
2.749
3.014
3.233
3.432
3.262
3.603
3.746
3.710
3.517
3.479
3.070
3.088
2.766
2.515
2.293
2.532
2.600
2.188
2.005
1.612
1.526
1.140
1.227
0.811
1.246
1.045
1.493
1.621
1.906
1.985
2.130
2.469
2.618
2.585
2.266
2.215
2.456
2.245
1.829
2.154
2.305
2.009
1.767
2.197
2.267
1.678
1.945
2.409
2.722
2.741
2.440
2.213
1.753
2.180
2.423
2.160
1.900
2.407
2.580
2.393
2.065
1.930
1.777
2.075
3.304
2.961
2.661
2.260
2.766
2.916
2.425
2.869
2.348
2.667
3.050
3.228
3.612
3.749
3.693
3.292
3.199
2.735
2.871
2.443
2.478
2.463
2.159
1.832
1.875
1.563
1.368
1.635
1.327
1.782
1.734
2.083
2.106
2.474
2.801
2.636
2.435
1.926
2.152
2.320
2.155
2.154
1.486
1.858
1.471
1.705
1.412
1.739
1.108
1.794
1.507
1.740
2.063
2.198
1.855
1.807
1.006
1.432
1.108
1.342
1.009
1.574
1.433
1.935
2.179
2.322
2.562
2.676
2.876
2.389
2.919
2.596
2.951
3.219
3.042
3.051
2.651
2.519
2.235
2.101
2.086
1.972
1.693
1.679
1.333
1.366
1.010
1.275
0.843
1.502
1.519
1.944
2.234
2.401
2.682
2.640
2.928
3.042
3.116
2.791
2.615
2.888
2.782
2.304
2.594
2.797
2.594
2.115
2.621
2.808
2.206
2.305
2.844
3.107
3.227
2.931
2.770
2.317
2.603
2.800
2.607
2.202
2.639
2.815
2.455
2.491
2.537
2.521
2.942
3.445
3.372
2.963
2.899
3.192
3.373
2.790
3.150
2.695
3.015
3.327
3.555
3.859
4.039
4.051
3.692
3.614
3.211
3.316
2.915
3.116
3.129
2.924
2.742
2.747
2.458
2.298
2.370
2.086
2.376
2.546
2.547
2.913
3.054
3.397
3.293
3.131
2.782
2.849
2.999
2.738
2.703
2.256
2.334
1.988
2.087
1.822
1.924
1.246
1.528
1.209
1.235
1.502
1.576
1.304
1.603
0.963
1.519
1.390
1.650
1.464
1.941
2.106
2.362
2.670
2.809
3.095
3.320
3.475
3.308
3.624
3.766
3.710
3.481
3.421
3.015
3.000
2.704
2.464
2.230
2.501
2.616
2.215
2.069
1.707
1.638
1.246
1.397
0.907
1.452
1.232
1.676
1.795
1.972
2.097
2.309
2.638
2.869
2.868
2.552
2.434
2.726
2.559
2.115
2.442
2.621
2.339
2.036
2.497
2.591
1.992
2.219
2.711
3.015
3.057
2.752
2.541
2.093
2.465
2.698
2.448
2.141
2.632
2.798
2.609
2.333
2.321
2.219
2.551
3.589
3.295
2.890
2.666
3.049
3.214
2.696
3.141
2.631
2.959
3.326
3.522
3.888
4.032
3.991
3.596
3.503
3.046
3.178
2.758
2.883
2.914
2.641
2.417
2.401
2.136
1.935
2.008
1.771
2.160
2.252
2.399
2.562
2.843
3.192
3.125
2.899
2.478
2.613
2.778
2.533
2.501
1.980
2.151
1.760
1.934
1.624
1.867
1.123
1.787
1.478
1.672
1.963
2.125
1.773
1.843
1.029
1.568
1.318
1.587
1.348
1.865
1.812
2.247
2.505
2.655
2.918
3.032
3.257
2.774
3.288
3.008
3.339
3.612
3.470
3.500
3.107
2.986
2.658
2.470
2.383
2.269
2.011
1.975
1.632
1.630
1.285
1.473
0.992
1.605
1.517
1.964
2.219
2.377
2.621
2.656
2.978
3.123
3.180
2.843
2.682
2.979
2.866
2.390
2.706
2.920
2.704
2.256
2.771
2.943
2.333
2.485
3.014
3.292
3.382
3.072
2.873
2.452
2.762
2.952
2.673
2.377
2.796
2.899
2.579
2.506
2.497
2.543
2.877
3.458
3.363
2.957
2.851
3.243
3.429
2.874
3.256
2.778
3.088
3.432
3.634
3.971
4.143
4.125
3.748
3.672
3.246
3.353
2.938
3.105
3.096
2.865
2.556
2.546
2.225
2.044
2.218
1.904
2.318
2.462
2.580
2.879
3.043
3.379
3.267
3.051
2.689
2.759
2.917
2.704
2.697
2.176
2.355
1.978
2.066
1.732
1.843
1.128
1.516
1.237
1.398
1.640
1.776
1.564
1.727
1.065
1.638
1.400
1.738
1.411
1.983
2.041
2.368
2.660
2.783
3.085
3.312
3.424
3.266
3.553
3.697
3.625
3.362
3.260
2.881
2.832
2.546
2.333
2.102
2.397
2.552
2.170
2.064
1.743
1.701
1.299
1.545
1.046
1.647
1.454
1.873
2.062
2.143
2.334
2.535
2.859
3.059
3.116
2.809
2.612
2.958
2.829
2.370
2.688
2.878
2.616
2.256
2.729
2.839
2.231
2.413
2.929
3.219
3.275
2.964
2.756
2.324
2.662
2.882
2.625
2.297
2.765
2.918
2.679
2.472
2.479
2.457
2.841
3.707
3.431
3.013
2.857
3.237
3.417
2.895
3.343
2.847
3.195
3.540
3.763
4.103
4.251
4.234
3.847
3.748
3.301
3.418
3.001
3.117
3.130
2.885
2.693
2.551
2.324
2.082
2.149
1.953
2.348
2.511
2.587
2.826
3.107
3.461
3.420
3.221
2.761
2.972
3.108
2.822
2.772
2.260
2.380
1.987
2.094
1.763
1.924
1.121
1.731
1.409
1.558
1.814
1.981
1.636
1.819
1.039
1.650
1.446
1.775
1.619
2.099
2.102
2.517
2.788
2.972
3.257
3.457
3.706
3.230
3.734
3.444
3.768
4.041
3.906
3.939
3.536
3.418
3.113
2.914
2.833
2.663
2.327
2.244
1.904
1.850
1.502
1.601
1.070
1.659
1.471
1.924
2.130
2.285
2.458
2.592
2.923
3.121
3.140
2.792
2.671
2.981
2.835
2.384
2.725
2.941
2.666
2.319
2.820
2.955
2.350
2.573
3.074
3.369
3.401
3.091
2.885
2.418
2.813
3.016
2.745
2.481
2.942
3.086
2.837
2.632
2.586
2.555
2.885
3.525
3.363
2.969
2.719
3.137
3.295
2.803
3.219
2.707
3.022
3.403
3.567
3.948
4.101
4.051
3.651
3.570
3.118
3.197
2.777
2.898
2.911
2.615
2.302
2.417
2.086
1.943
2.170
1.805
2.189
2.183
2.476
2.620
2.833
3.156
2.980
2.766
2.361
2.494
2.652
2.499
2.518
1.878
2.197
1.812
2.025
1.722
1.979
1.270
1.734
1.473
1.666
1.878
2.066
1.913
2.003
1.357
1.743
1.440
1.721
1.207
1.895
1.801
2.234
2.505
2.621
2.940
3.175
3.247
3.061
3.312
3.449
3.319
3.062
2.917
2.587
2.497
2.261
2.040
1.859
2.174
2.340
2.009
1.944
1.613
1.668
1.277
1.605
1.167
1.800
1.729
2.162
2.409
2.426
2.702
2.850
3.169
3.294
3.351
3.052
2.858
3.162
3.055
2.584
2.878
3.072
2.824
2.411
2.899
3.018
2.406
2.539
3.075
3.347
3.410
3.096
2.886
2.457
2.781
2.984
2.723
2.381
2.817
2.945
2.659
2.535
2.561
2.595
2.962
3.928
3.669
3.251
3.124
3.528
3.720
3.212
3.673
3.187
3.548
3.885
4.119
4.450
4.595
4.589
4.202
4.096
3.650
3.753
3.330
3.423
3.419
3.182
2.949
2.772
2.546
2.277
2.367
2.197
2.604
2.810
2.878
3.141
3.440
3.794
3.747
3.551
3.056
3.310
3.452
3.167
3.114
2.573
2.699
2.301
2.361
2.011
2.105
1.288
1.794
1.508
1.597
1.793
1.978
1.646
1.970
1.259
1.909
1.709
2.078
1.952
2.444
2.444
2.876
3.147
3.331
3.614
3.807
4.060
3.664
4.196
3.903
4.251
4.523
4.345
4.330
3.958
3.746
3.473
3.266
3.210
3.018
2.686
2.607
2.266
2.203
1.854
1.910
1.353
1.906
1.616
2.045
2.185
2.342
2.395
2.660
2.982
3.243
3.246
2.898
2.810
3.127
2.977
2.532
2.911
3.132
2.824
2.560
3.052
3.169
2.584
2.859
3.329
3.636
3.638
3.335
3.125
2.638
3.078
3.291
3.023
2.786
3.260
3.412
3.189
2.932
2.861
2.799
3.107
3.780
3.581
3.201
2.856
3.300
3.431
2.972
3.383
2.830
3.148
3.559
3.676
4.099
4.240
4.150
3.735
3.660
3.192
3.269
2.867
2.981
2.997
2.669
2.322
2.519
2.190
1.959
2.357
1.977
2.343
2.222
2.566
2.621
2.874
3.171
2.931
2.701
2.329
2.402
2.575
2.502
2.566
1.893
2.332
1.960
2.235
1.969
2.278
1.605
2.094
1.890
2.099
2.341
2.524
2.303
2.370
1.726
2.066
1.703
1.960
1.363
2.024
1.820
2.310
2.539
2.626
2.952
3.147
3.191
3.024
3.200
3.350
3.167
2.908
2.700
2.427
2.284
2.082
1.914
1.758
2.087
2.274
2.026
2.026
1.694
1.870
1.530
1.903
1.515
2.155
2.094
2.533
2.763
2.844
3.133
3.220
3.538
3.646
3.719
3.420
3.218
3.518
3.411
2.946
3.217
3.421
3.165
2.746
3.227
3.344
2.731
2.832
3.382
3.634
3.692
3.374
3.150
2.743
3.057
3.235
2.962
2.638
3.040
3.126
2.806
2.739
2.766
2.844
3.181
3.604
3.391
2.943
3.048
3.407
3.642
3.171
3.645
3.231
3.663
3.926
4.247
4.486
4.615
4.703
4.321
4.186
3.754
3.802
3.377
3.423
3.383
3.191
2.896
2.616
2.463
2.147
2.231
2.128
2.522
2.788
2.808
3.197
3.514
3.871
3.852
3.690
3.105
3.503
3.614
3.313
3.221
2.668
2.728
2.335
2.261
1.909
1.792
1.063
1.252
0.960
0.910
1.061
1.239
1.061
1.453
1.101
1.681
1.608
2.030
2.073
2.542
2.598
3.047
3.337
3.558
3.838
4.045
4.312
3.950
4.477
4.179
4.561
4.824
4.605
4.566
4.196
3.956
3.722
3.497
3.505
3.277
2.945
2.822
2.480
2.340
1.997
1.876
1.329
1.624
1.265
1.600
1.636
1.671
1.722
2.104
2.434
2.706
2.808
2.463
2.331
2.730
2.686
2.165
2.633
2.892
2.661
2.395
2.935
3.123
2.617
2.907
3.351
3.690
3.775
3.443
3.331
2.802
3.249
3.503
3.274
3.008
3.535
3.704
3.497
3.214
3.128
3.026
3.323
4.014
3.779
3.415
2.991
3.433
3.535
3.051
3.347
2.752
2.964
3.401
3.422
3.896
4.073
3.905
3.511
3.504
3.055
3.230
2.891
3.046
3.073
2.720
2.398
2.675
2.364
2.162
2.569
2.182
2.498
2.270
2.631
2.603
2.821
3.115
2.839
2.575
2.244
2.164
2.371
2.356
2.505
1.917
2.449
2.106
2.421
2.224
2.559
1.948
2.522
2.334
2.536
2.802
2.973
2.663
2.721
2.057
2.360
1.959
2.097
1.544
1.940
1.813
2.079
2.260
2.204
2.533
2.629
2.640
2.692
2.808
3.014
2.856
2.583
2.277
2.016
1.856
1.526
1.551
1.233
1.553
1.789
1.625
1.750
1.414
1.791
1.639
1.990
1.766
2.389
2.364
2.814
3.068
3.259
3.514
3.501
3.816
3.914
3.938
3.632
3.503
3.710
3.557
3.135
3.341
3.479
3.197
2.859
3.233
3.290
2.704
2.692
3.241
3.373
3.455
3.145
2.902
2.569
2.806
2.897
2.581
2.359
2.647
2.647
2.254
2.362
2.431
2.585
2.910
