3.078
2.853
2.361
2.506
2.840
3.079
2.615
3.088
2.690
3.158
3.375
3.702
3.924
4.069
4.178
3.817
3.659
3.265
3.264
2.821
2.919
2.853
2.750
2.409
2.084
2.077
1.750
1.717
1.712
1.993
2.284
2.246
2.785
3.082
3.444
3.490
3.373
2.736
3.236
3.281
2.942
2.799
2.382
2.224
1.852
1.702
1.338
1.247
0.534
0.806
0.415
0.519
0.781
0.901
0.614
0.926
0.619
1.115
1.065
1.487
1.513
2.082
2.319
2.670
2.988
3.261
3.553
3.760
4.025
3.671
4.186
3.897
4.274
4.538
4.330
4.298
3.930
3.693
3.443
3.207
3.196
2.972
2.629
2.500
2.127
1.896
1.519
1.346
0.854
1.047
0.678
1.048
1.164
1.228
1.383
1.640
1.963
2.217
2.274
1.938
1.819
2.170
2.082
1.584
2.033
2.278
2.030
1.780
2.310
2.493
2.008
2.295
2.734
3.080
3.175
2.823
2.751
2.217
2.658
2.931
2.795
2.449
2.990
3.203
3.124
2.817
2.795
2.551
2.959
3.617
3.366
2.989
2.627
2.881
2.978
2.433
2.722
2.130
2.350
2.776
2.835
3.297
3.470
3.297
2.910
2.902
2.458
2.640
2.301
2.564
2.665
2.310
2.237
2.520
2.272
2.203
2.390
1.939
2.111
1.916
2.093
2.077
2.264
2.577
2.323
2.094
1.741
1.685
1.890
1.790
1.921
1.502
1.865
1.634
1.971
1.925
2.264
1.730
2.320
2.063
2.275
2.544
2.672
2.384
2.399
1.696
1.895
1.532
1.516
1.077
1.313
1.251
1.496
1.697
1.715
2.021
2.195
2.262
2.194
2.404
2.590
2.516
2.222
2.094
1.688
1.616
1.317
1.161
0.871
1.179
1.361
1.082
1.138
0.826
1.171
0.979
1.415
1.489
1.923
2.046
2.486
2.748
2.933
3.175
3.154
3.389
3.430
3.466
3.175
3.009
3.167
3.035
2.648
2.769
2.915
2.635
2.301
2.655
2.733
2.160
2.115
2.665
2.793
2.897
2.591
2.338
1.999
2.271
2.335
2.027
1.802
2.117
2.145
1.744
1.813
1.877
2.021
2.356
3.109
2.855
2.349
2.513
2.784
2.994
2.466
2.889
2.483
2.926
3.157
3.473
3.711
3.857
3.951
3.591
3.457
3.074
3.116
2.692
2.856
2.822
2.721
2.442
2.168
2.186
1.897
1.811
1.781
2.020
2.274
2.178
2.715
2.965
3.329
3.346
3.242
2.715
3.036
3.122
2.792
2.652
2.255
2.117
1.743
1.677
1.330
1.346
0.738
1.061
0.671
0.844
1.133
1.043
0.612
0.922
0.472
1.025
0.992
1.332
1.380
1.883
2.134
2.448
2.772
3.011
3.309
3.534
3.813
3.507
4.013
3.750
4.146
4.402
4.175
4.128
3.785
3.510
3.261
2.991
2.982
2.736
2.379
2.242
1.844
1.650
1.279
1.116
0.605
0.868
0.510
0.895
1.037
1.253
1.404
1.500
1.830
2.088
2.095
1.744
1.664
1.981
1.862
1.385
1.817
2.053
1.788
1.560
2.076
2.251
1.715
2.034
2.458
2.785
2.795
2.485
2.301
1.794
2.276
2.512
2.301
2.044
2.562
2.745
2.612
2.292
2.239
2.031
2.398
3.101
2.846
2.494
2.104
2.439
2.566
2.065
2.453
1.881
2.111
2.535
2.608
3.062
3.231
3.071
2.680
2.664
2.219
2.356
1.982
2.139
2.193
1.853
1.696
1.928
1.656
1.569
1.775
1.342
1.571
1.426
1.693
1.697
1.998
2.309
2.118
1.901
1.532
1.511
1.709
1.568
1.651
1.084
1.445
1.113
1.444
1.335
1.691
1.252
1.942
1.755
1.986
2.294
2.444
2.145
1.957
1.397
1.444
1.008
1.125
0.505
1.062
0.927
1.263
1.480
1.535
1.844
2.060
2.150
2.012
2.265
2.433
2.372
2.097
2.009
1.599
1.591
1.290
1.061
0.823
1.101
1.244
0.904
0.910
0.603
0.926
0.597
1.108
1.040
1.551
1.734
2.095
2.419
2.593
2.873
2.759
2.981
3.034
3.121
2.843
2.640
2.858
2.776
2.337
2.484
2.694
2.414
2.016
2.447
2.529
1.943
1.913
2.463
2.586
2.710
2.460
2.244
1.846
2.094
2.227
1.955
1.626
1.953
2.082
1.696
1.816
1.915
2.056
2.406
3.334
3.050
2.549
2.627
2.865
3.030
2.454
2.801
2.377
2.748
2.989
3.249
3.530
3.712
3.767
3.418
3.326
2.954
3.067
2.681
2.855
2.877
2.661
2.480
2.357
2.194
1.970
1.974
1.796
2.112
2.293
2.274
2.586
2.847
3.206
3.154
2.995
2.543
2.761
2.850
2.541
2.482
2.091
2.083
1.715
1.829
1.532
1.685
1.014
1.541
1.136
1.351
1.645
1.550
1.133
1.273
0.735
1.156
1.156
1.373
1.178
1.762
1.876
2.198
2.485
2.691
2.994
3.222
3.504
3.217
3.716
3.474
3.878
4.129
3.897
3.852
3.510
3.237
2.975
2.689
2.656
2.374
2.045
1.923
1.545
1.458
1.057
1.038
0.612
0.994
0.797
1.230
1.438
1.720
1.908
1.866
2.198
2.362
2.312
1.958
1.957
2.186
1.920
1.560
1.902
2.036
1.714
1.532
1.967
2.043
1.489
1.808
2.229
2.551
2.549
2.243
2.050
1.545
2.031
2.227
1.926
1.736
2.199
2.335
2.127
1.834
1.776
1.678
2.011
2.723
2.513
2.140
1.870
2.200
2.336
1.829
2.236
1.688
2.044
2.436
2.609
2.998
3.128
3.053
2.642
2.550
2.088
2.162
1.778
1.930
1.984
1.661
1.536
1.606
1.302
1.213
1.341
0.975
1.336
1.245
1.485
1.520
1.819
2.145
2.017
1.801
1.386
1.566
1.706
1.475
1.476
0.935
1.211
0.871
1.161
0.860
1.185
0.682
1.336
1.196
1.431
1.757
1.922
1.579
1.433
0.928
1.056
0.633
0.891
0.260
0.910
0.791
1.256
1.552
1.742
2.066
2.330
2.508
2.130
2.435
2.533
2.440
2.222
2.224
1.859
1.846
1.661
1.262
1.299
1.542
1.538
1.209
1.066
0.710
0.768
0.404
0.900
0.634
1.223
1.325
1.651
1.954
2.033
2.362
2.308
2.547
2.584
2.765
2.492
2.215
2.522
2.521
2.037
2.202
2.478
2.252
1.803
2.247
2.420
1.844
1.843
2.397
2.630
2.755
2.517
2.350
1.887
2.161
2.351
2.158
1.715
2.142
2.338
2.052
2.068
2.185
2.262
2.655
3.553
3.244
2.769
2.798
2.944
3.037
2.429
2.575
2.208
2.401
2.586
2.732
3.046
3.292
3.309
3.026
3.020
2.734
2.958
2.666
2.944
3.003
2.848
2.750
2.658
2.620
2.440
2.332
2.170
2.307
2.502
2.374
2.724
2.866
3.212
3.123
3.086
2.794
2.791
2.821
2.554
2.428
2.114
2.128
1.874
1.984
1.823
1.998
1.459
1.989
1.597
1.848
2.142
2.019
1.616
1.670
1.098
1.396
1.407
1.405
1.437
1.701
1.944
2.012
2.307
2.453
2.760
3.029
3.323
3.118
3.609
3.490
3.902
4.121
3.889
3.847
3.470
3.263
2.944
2.605
2.431
2.072
1.807
1.645
1.317
1.233
0.959
1.092
0.863
1.229
1.207
1.606
1.823
2.156
2.330
2.218
2.494
2.535
2.399
2.093
2.076
2.128
1.831
1.635
1.797
1.766
1.425
1.426
1.647
1.542
0.986
1.266
1.653
1.913
1.793
1.492
1.245
0.816
1.286
1.477
1.194
1.117
1.560
1.704
1.571
1.211
1.129
0.898
1.272
1.963
1.723
1.359
1.100
1.451
1.638
1.198
1.715
1.307
1.787
2.081
2.393
2.642
2.724
2.778
2.391
2.212
1.801
1.729
1.286
1.368
1.339
1.103
0.916
1.036
0.789
0.716
0.755
0.389
0.568
0.692
0.785
1.090
1.457
1.792
1.708
1.591
0.930
1.501
1.616
1.341
1.226
0.633
0.649
0.277
0.350
0.283
0.618
0.355
0.800
0.857
1.085
1.417
1.557
1.157
1.045
0.650
0.661
0.272
0.437
0.261
0.733
0.743
1.301
1.588
1.873
2.146
2.463
2.675
2.115
2.423
2.444
2.338
2.209
2.296
2.025
2.034
1.959
1.479
1.689
1.904
1.742
1.223
1.264
0.991
0.824
0.464
0.676
0.431
0.969
1.085
1.328
1.629
1.569
1.950
1.922
2.091
2.043
2.271
2.054
1.755
1.984
2.053
1.626
1.600
1.937
1.923
1.337
1.826
2.083
1.757
1.585
2.164
2.407
2.652
2.489
2.492
1.999
2.195
2.445
2.394
1.889
2.337
2.594
2.406
2.357
2.468
2.462
2.893
3.443
3.133
2.701
2.524
2.822
2.977
2.410
2.799
2.292
2.612
2.961
3.088
3.509
3.688
3.600
3.245
3.177
2.739
2.893
2.505
2.684
2.734
2.485
2.365
2.317
2.114
1.941
1.948
1.722
1.995
2.102
2.182
2.376
2.622
2.975
2.894
2.726
2.338
2.463
2.568
2.272
2.241
1.861
1.911
1.554
1.754
1.509
1.785
1.129
1.782
1.447
1.742
2.037
2.090
1.716
1.708
0.902
1.347
1.112
1.291
0.996
1.553
1.609
1.925
2.182
2.269
2.570
2.761
3.041
2.717
3.232
3.066
3.449
3.685
3.497
3.494
3.139
2.933
2.619
2.284
2.102
1.880
1.577
1.578
1.297
1.259
0.906
1.140
0.763
1.348
1.334
1.780
2.066
2.291
2.543
2.474
2.777
2.893
2.934
2.586
2.477
2.718
2.525
2.098
2.403
2.553
2.258
1.918
2.370
2.412
1.817
1.951
2.459
2.704
2.662
2.344
2.103
1.732
2.062
2.206
1.889
1.694
2.079
2.122
1.811
1.710
1.672
1.684
1.953
2.663
2.488
2.114
1.879
2.341
2.533
2.153
2.663
2.225
2.664
2.980
3.254
3.550
3.655
3.667
3.259
3.106
2.661
2.620
2.204
2.188
2.134
1.892
1.537
1.499
1.184
1.019
1.229
0.893
1.341
1.487
1.708
1.922
2.293
2.628
2.516
2.381
1.722
2.241
2.373
2.134
2.044
1.416
1.543
1.133
1.202
0.832
1.030
0.386
0.746
0.569
0.765
1.086
1.245
0.978
0.988
0.510
0.972
0.645
1.070
0.787
1.475
1.459
2.003
2.313
2.529
2.834
3.084
3.278
2.873
3.157
3.223
3.094
2.902
2.887
2.611
2.545
2.447
2.024
2.017
2.287
2.341
1.961
1.783
1.443
1.323
0.817
1.022
0.542
1.086
0.921
1.239
1.455
1.444
1.812
1.883
2.189
2.287
2.479
2.210
1.909
2.308
2.333
1.841
2.128
2.403
2.244
1.796
2.336
2.494
1.893
2.082
2.592
2.888
2.990
2.697
2.496
2.035
2.381
2.609
2.398
2.020
2.525
2.721
2.517
2.314
2.337
2.283
2.698
3.354
3.021
2.644
2.340
2.649
2.780
2.235
2.623
2.084
2.385
2.750
2.851
3.265
3.480
3.320
2.953
2.931
2.474
2.640
2.250
2.436
2.511
2.216
2.119
2.193
1.929
1.816
1.845
1.558
1.808
1.810
1.989
2.081
2.330
2.673
2.502
2.273
1.929
1.950
2.116
1.922
1.944
1.496
1.687
1.340
1.621
1.442
1.767
1.239
1.932
1.632
1.947
2.270
2.322
1.980
1.861
1.084
1.394
1.048
1.174
0.773
1.320
1.251
1.595
1.786
1.813
2.103
2.226
2.495
2.116
2.636
2.429
2.790
3.038
2.884
2.904
2.539
2.355
2.046
1.730
1.544
1.365
1.139
1.258
0.997
1.084
0.673
1.078
0.878
1.449
1.548
1.961
2.277
2.498
2.753
2.651
2.915
2.995
3.063
2.730
2.596
2.806
2.621
2.211
2.457
2.552
2.238
1.962
2.326
2.356
1.764
1.809
2.344
2.541
2.558
2.242
2.007
1.639
1.931
2.045
1.749
1.506
1.883
1.899
1.572
1.510
1.531
1.640
1.957
2.534
2.462
2.044
2.126
2.444
2.671
2.192
2.652
2.252
2.723
2.976
3.312
3.536
3.666
3.743
3.367
3.226
2.830
2.809
2.365
2.484
2.426
2.288
2.009
1.791
1.616
1.330
1.418
1.265
1.591
1.853
1.822
2.306
2.596
2.954
2.958
2.818
2.209
2.685
2.765
2.449
2.311
1.861
1.751
1.388
1.280
0.953
0.848
0.264
0.523
0.337
0.391
0.679
0.768
0.587
0.757
0.270
0.798
0.601
1.040
1.049
1.580
1.842
2.185
2.532
2.783
3.070
3.303
3.522
3.176
3.554
3.609
3.526
3.371
3.409
3.053
3.045
2.795
2.459
2.331
2.583
2.636
2.237
2.031
1.638
1.449
0.964
0.937
0.459
0.855
0.689
0.983
1.072
1.094
1.324
1.559
1.870
2.052
2.216
1.901
1.690
2.092
2.097
1.591
1.904
2.164
2.028
1.580
2.152
2.361
1.779
2.029
2.511
2.829
2.906
2.599
2.414
1.971
2.334
2.577
2.369
2.037
2.563
2.762
2.612
2.329
2.318
2.187
2.611
3.136
2.788
2.431
2.055
2.366
2.482
1.936
2.307
1.755
2.058
2.451
2.600
3.007
3.160
3.037
2.654
2.597
2.138
2.295
1.912
2.089
2.173
1.852
1.781
1.926
1.671
1.633
1.670
1.302
1.537
1.437
1.636
1.696
1.953
2.288
2.117
1.896
1.573
1.490
1.692
1.539
1.574
1.114
1.384
1.060
1.385
1.316
1.648
1.274
1.946
1.692
2.027
2.370
2.378
2.045
1.842
1.144
1.288
0.906
0.931
0.556
0.988
0.864
1.267
1.387
1.421
1.673
1.750
1.991
1.588
2.099
1.890
2.283
2.522
2.330
2.343
2.012
1.846
1.479
1.203
1.076
0.972
0.818
1.013
0.649
0.795
0.375
0.873
0.868
1.365
1.572
1.939
2.276
2.508
2.756
2.606
2.829
2.874
2.953
2.637
2.463
2.655
2.540
2.098
2.299
2.482
2.251
1.795
2.229
2.411
1.834
1.822
2.376
2.513
2.628
2.344
2.124
1.778
1.998
2.079
1.783
1.522
1.828
1.870
1.427
1.622
1.728
1.842
2.214
2.668
2.661
2.196
2.432
2.676
2.924
2.434
2.784
2.384
2.758
2.991
3.290
3.524
3.712
3.763
3.424
3.345
2.985
3.066
2.665
2.834
2.762
2.687
2.388
2.147
2.072
1.789
1.796
1.699
1.947
2.219
2.111
2.700
2.906
3.259
3.206
3.109
2.655
2.870
2.963
2.652
2.555
2.168
2.088
1.721
1.590
1.219
1.137
0.698
0.658
0.317
0.266
0.554
0.565
0.346
0.623
0.394
0.892
0.955
1.320
1.404
1.747
2.053
2.252
2.588
2.775
3.033
3.262
3.522
3.264
3.660
3.759
3.722
3.564
3.557
3.165
3.195
2.885
2.602
2.435
2.656
2.663
2.261
2.020
1.609
1.461
1.057
1.026
0.609
0.802
0.466
0.768
0.825
0.869
1.080
1.313
1.630
1.882
1.994
1.670
1.501
1.912
1.895
1.368
1.794
2.026
1.727
1.493
1.954
2.070
1.507
1.815
2.248
2.577
2.648
2.327
2.174
1.725
2.107
2.361
2.179
1.862
2.401
2.608
2.495
2.188
2.166
1.980
2.418
3.365
2.957
2.658
2.156
2.443
2.466
2.083
2.337
1.733
1.930
2.386
2.338
2.872
3.016
2.753
2.365
2.377
1.907
2.073
1.776
1.971
2.084
1.710
1.696
2.020
1.855
1.807
2.035
1.588
1.741
1.317
1.544
1.467
1.632
1.906
1.632
1.378
1.050
1.002
1.189
1.143
1.334
0.932
1.413
1.329
1.722
1.854
2.221
2.001
2.604
2.455
2.769
3.116
3.184
2.856
2.622
1.981
2.027
1.602
1.494
1.123
1.093
0.713
1.005
1.073
1.113
1.346
1.430
1.649
1.229
1.730
1.431
1.782
2.046
1.897
1.937
1.555
1.375
1.065
0.857
0.802
0.707
0.577
0.781
0.387
0.999
0.895
1.459
1.698
2.087
2.367
2.706
3.050
3.292
3.541
3.336
3.510
3.498
3.557
3.268
3.055
3.178
3.067
2.702
2.742
2.895
2.644
2.311
2.597
2.690
2.179
2.013
2.541
2.526
2.726
2.519
2.338
2.005
2.095
2.205
1.930
1.601
1.897
1.969
1.515
1.857
2.023
2.153
2.504
2.862
2.918
2.438
2.804
2.986
3.231
2.715
3.066
2.760
3.198
3.360
3.690
3.868
4.031
4.180
3.867
3.745
3.385
3.422
2.993
3.222
3.154
3.124
2.839
2.566
2.577
2.290
2.242
2.202
2.388
2.649
2.468
3.114
3.341
3.697
3.717
3.668
3.121
3.516
3.553
3.219
3.050
2.652
2.433
2.111
1.939
1.621
1.481
1.195
1.113
0.726
0.642
0.867
0.549
0.342
0.852
0.849
1.213
1.415
1.683
1.947
2.268
2.614
2.826
3.210
3.450
3.690
3.934
4.251
3.892
4.338
4.378
4.339
4.229
4.267
3.895
3.932
3.655
3.322
3.228
3.437
3.383
3.001
2.711
2.312
2.045
1.676
1.468
1.099
0.976
0.506
0.785
0.658
0.920
0.861
1.228
1.541
1.838
1.843
1.495
1.468
1.816
1.658
1.224
1.729
1.961
1.692
1.619
2.077
2.224
1.846
2.171
2.526
2.882
2.958
2.570
2.463
2.109
2.526
2.831
2.670
2.448
2.991
3.207
3.125
2.765
2.651
2.331
2.717
2.801
2.412
2.080
1.627
1.920
1.989
1.539
1.886
1.306
1.646
2.075
2.176
2.617
2.724
2.597
2.182
2.091
1.608
1.737
1.367
1.558
1.669
1.327
1.255
1.489
1.267
1.282
1.389
0.948
1.159
0.893
1.097
1.134
1.374
1.702
1.447
1.209
0.879
0.877
1.039
0.922
1.002
0.567
0.900
0.723
1.098
1.202
1.560
1.394
1.999
1.825
2.166
2.521
2.503
2.178
1.907
1.318
1.296
0.885
0.801
0.474
0.654
0.280
0.861
0.953
1.110
1.324
1.439
1.673
1.400
1.872
1.626
2.047
2.289
2.010
1.933
1.599
1.315
1.073
0.869
1.036
0.844
0.474
0.676
0.285
0.617
0.327
0.832
1.010
1.411
1.710
2.017
2.367
2.593
2.833
2.647
2.823
2.830
2.932
2.640
2.421
2.596
2.520
2.095
2.218
2.413
2.215
1.744
2.142
2.346
1.814
1.704
2.269
2.357
2.541
2.319
2.151
1.757
1.933
2.088
1.836
1.458
1.792
1.941
1.554
1.760
1.917
1.963
2.402
2.776
2.789
2.305
2.589
2.775
2.981
2.430
2.746
2.386
2.751
2.935
3.235
3.444
3.644
3.721
3.410
3.339
3.016
3.102
2.695
2.944
2.902
2.840
2.605
2.395
2.376
2.129
2.069
1.984
2.165
2.395
2.210
2.811
3.001
3.349
3.297
3.257
2.812
3.025
3.086
2.770
2.655
2.268
2.124
1.811
1.706
1.412
1.370
1.013
1.132
0.712
0.847
1.149
0.951
0.578
0.795
0.606
1.012
1.140
1.370
1.603
1.847
2.158
2.298
2.673
2.862
3.093
3.311
3.604
3.356
3.768
3.871
3.852
3.727
3.733
3.345
3.401
3.062
2.787
2.599
2.817
2.790
2.390
2.128
1.712
1.480
1.137
1.081
0.725
0.733
0.387
0.722
0.827
1.113
1.295
1.316
1.655
1.893
1.861
1.546
1.460
1.766
1.581
1.167
1.582
1.768
1.413
1.340
1.757
1.796
1.312
1.677
2.052
2.389
2.376
2.028
1.871
1.480
1.925
2.200
2.029
1.775
2.310
2.516
2.435
2.100
2.021
1.720
2.112
2.073
1.730
1.388
1.085
1.443
1.624
1.187
1.724
1.299
1.773
2.077
2.340
2.639
2.707
2.702
2.303
2.170
1.689
1.720
1.284
1.334
1.331
1.092
0.865
0.941
0.650
0.625
0.632
0.381
0.563
0.649
0.782
0.956
1.307
1.626
1.479
1.300
0.820
1.162
1.258
1.015
1.027
0.337
0.639
0.270
0.351
0.273
0.636
0.730
1.114
1.142
1.431
1.786
1.809
1.430
1.178
0.766
0.668
0.299
0.438
0.373
0.742
0.430
1.115
1.258
1.511
1.678
1.866
2.121
1.867
2.337
2.042
2.458
2.695
2.403
2.310
1.964
1.651
1.533
1.319
1.604
1.356
0.877
1.090
0.702
0.803
0.698
0.690
0.760
1.006
1.263
1.437
1.759
1.817
2.123
2.000
2.141
2.134
2.341
2.086
1.806
2.023
2.075
1.632
1.643
1.973
1.960
1.378
1.861
2.122
1.783
1.630
2.214
2.465
2.713
2.547
2.547
2.068
2.237
2.485
2.487
1.943
2.379
2.626
2.399
2.565
2.716
2.527
3.062
3.408
3.344
2.909
2.989
3.017
3.107
2.482
2.618
2.258
2.437
2.631
2.792
3.085
3.332
3.326
3.055
3.067
2.787
2.995
2.697
3.057
3.171
3.034
3.044
3.048
2.994
2.899
2.781
2.535
2.566
2.730
2.527
2.851
2.906
3.225
3.082
3.099
2.832
2.761
2.825
2.575
2.420
2.212
2.219
2.096
2.217
2.141
2.293
1.819
2.125
1.705
1.755
2.048
1.788
1.477
1.760
1.429
1.672
1.782
1.607
1.797
1.811
2.021
1.984
2.334
2.422
2.602
2.762
3.004
2.973
3.313
3.495
3.539
3.396
3.344
2.947
2.918
2.598
2.384
2.092
2.314
2.353
1.952
1.791
1.424
1.253
1.144
1.283
1.211
1.432
1.324
1.604
1.552
1.969
1.994
2.012
2.310
2.474
2.307
2.008
2.111
2.164
1.822
1.662
1.814
1.776
1.429
1.449
1.670
1.538
0.987
1.283
1.662
1.925
1.817
1.504
1.252
0.820
1.303
1.503
1.213
1.144
1.592
1.740
1.595
1.238
1.148
0.914
1.338
2.785
2.403
2.220
1.655
2.218
2.338
2.044
2.497
1.978
2.332
2.709
2.895
3.276
3.409
3.348
2.937
2.796
2.334
2.298
1.930
1.827
1.777
1.454
1.052
1.233
0.929
0.728
1.117
0.827
1.253
1.033
1.478
1.450
1.875
2.171
1.964
1.823
1.163
1.656
1.819
1.666
1.666
0.902
1.382
1.028
1.292
1.085
1.444
1.013
1.673
1.442
1.757
2.095
2.165
1.841
1.673
0.942
1.218
0.817
1.034
0.458
1.223
1.041
1.603
1.851
2.020
2.281
2.411
2.633
2.223
2.743
2.397
2.754
3.021
2.802
2.720
2.336
2.127
1.984
1.841
1.865
1.696
1.411
1.386
1.014
1.045
0.681
1.005
0.723
1.331
1.444
1.829
2.150
2.319
2.602
2.513
2.765
2.848
2.951
2.626
2.441
2.688
2.602
2.124
2.356
2.572
2.389
1.887
2.383
2.597
2.023
2.043
2.612
2.861
3.012
2.764
2.620
2.141
2.418
2.617
2.448
1.994
2.436
2.628
2.341
2.368
2.467
2.398
2.867
3.367
3.286
2.837
2.863
3.081
3.253
2.647
2.969
2.537
2.857
3.128
3.379
3.661
3.860
3.863
3.518
3.464
3.087
3.210
2.832
3.076
3.100
2.907
2.790
2.740
2.541
2.381
2.395
2.155
2.358
2.553
2.463
2.797
3.009
3.353
3.263
3.128
2.746
2.837
2.973
2.685
2.635
2.266
2.262
1.960
2.028
1.802
1.910
1.248
1.700
1.331
1.385
1.662
1.598
1.293
1.526
0.929
1.400
1.363
1.533
1.477
1.846
2.108
2.274
2.590
2.734
2.997
3.212
3.422
3.247
3.600
3.738
3.700
3.503
3.459
3.054
3.063
2.743
2.502
2.269
2.510
2.582
2.172
1.985
1.584
1.527
1.146
1.233
0.828
1.256
1.070
1.513
1.646
1.919
1.997
2.155
2.494
2.649
2.607
2.284
2.232
2.474
2.252
1.846
2.168
2.302
2.006
1.772
2.199
2.265
1.676
1.946
2.411
2.718
2.741
2.436
2.192
1.754
2.171
2.401
2.133
1.882
2.392
2.572
2.387
2.079
1.971
1.775
2.066
3.311
2.963
2.678
2.272
2.775
2.928
2.401
2.825
2.310
2.640
3.009
3.197
3.574
3.723
3.662
3.262
3.175
2.719
2.840
2.440
2.494
2.470
2.162
1.812
1.852
1.544
1.342
1.621
1.319
1.778
1.732
2.098
2.127
2.488
2.828
2.634
2.437
1.903
2.161
2.314
2.132
2.139
1.530
1.834
1.446
1.696
1.416
1.727
1.090
1.756
1.457
1.746
2.053
2.155
1.816
1.758
0.957
1.394
1.077
1.315
0.861
1.546
1.435
1.913
2.169
2.334
2.593
2.707
2.906
2.423
2.940
2.616
2.962
3.233
3.064
3.072
2.665
2.538
2.257
2.127
2.119
1.986
1.682
1.649
1.303
1.314
0.931
1.224
0.834
1.455
1.456
1.887
2.180
2.358
2.634
2.585
2.879
2.994
3.069
2.727
2.570
2.835
2.718
2.243
2.538
2.733
2.518
2.054
2.555
2.743
2.141
2.238
2.782
3.050
3.169
2.880
2.706
2.243
2.547
2.746
2.540
2.131
2.584
2.705
2.344
2.357
2.405
2.428
2.813
3.390
3.302
2.872
2.835
3.114
3.300
2.711
3.077
2.620
2.951
3.258
3.502
3.807
3.990
3.974
3.607
3.541
3.134
3.243
2.854
3.046
3.065
2.833
2.673
2.610
2.327
2.118
2.240
1.974
2.307
2.444
2.469
2.733
2.988
3.332
3.237
3.052
2.635
2.762
2.926
2.654
2.622
2.200
2.252
1.902
2.016
1.705
1.747
1.045
1.377
1.064
1.172
1.444
1.559
1.310
1.497
0.853
1.461
1.317
1.574
1.363
1.862
2.038
2.289
2.602
2.743
3.030
3.255
3.428
3.238
3.570
3.700
3.640
3.409
3.353
2.949
2.921
2.642
2.383
2.170
2.442
2.551
2.153
1.996
1.623
1.574
1.136
1.328
0.846
1.389
1.173
1.600
1.771
1.891
2.076
2.256
2.587
2.810
2.836
2.517
2.358
2.684
2.518
2.075
2.398
2.571
2.294
1.979
2.447
2.552
1.951
2.177
2.672
2.972
3.026
2.726
2.505
2.071
2.429
2.654
2.404
2.092
2.592
2.772
2.573
2.313
2.302
2.225
2.541
3.579
3.284
2.850
2.681
3.041
3.212
2.676
3.102
2.601
2.948
3.295
3.508
3.860
4.016
3.978
3.586
3.496
3.050
3.175
2.776
2.902
2.927
2.667
2.396
2.404
2.125
1.925
2.013
1.798
2.166
2.248
2.386
2.580
2.882
3.230
3.116
2.899
2.448
2.605
2.772
2.522
2.520
2.000
2.148
1.764
1.917
1.602
1.824
1.118
1.708
1.391
1.637
1.902
2.035
1.674
1.751
0.950
1.510
1.279
1.563
1.190
1.853
1.828
2.253
2.512
2.659
2.931
3.053
3.272
2.791
3.293
3.010
3.328
3.602
3.475
3.506
3.101
2.989
2.669
2.477
2.398
2.286
2.010
1.978
1.637
1.595
1.243
1.411
0.927
1.530
1.406
1.860
2.111
2.282
2.503
2.551
2.883
3.035
3.090
2.737
2.595
2.888
2.764
2.293
2.619
2.826
2.596
2.171
2.685
2.858
2.253
2.414
2.940
3.227
3.269
2.957
2.736
2.316
2.656
2.841
2.547
2.270
2.707
2.818
2.522
2.389
2.380
2.366
2.711
3.374
3.223
2.838
2.664
3.055
3.243
2.737
3.157
2.676
2.986
3.332
3.538
3.888
4.061
4.010
3.625
3.562
3.129
3.223
2.822
2.904
2.897
2.626
2.332
2.348
2.033
1.870
2.049
1.719
2.127
2.202
2.388
2.574
2.903
3.241
3.113
2.912
2.398
2.616
2.787
2.570
2.573
1.999
2.170
1.769
1.894
1.553
1.721
1.016
1.478
1.244
1.443
1.692
1.830
1.627
1.687
1.021
1.538
1.263
1.623
1.210
1.871
1.913
2.247
2.542
2.665
2.967
3.193
3.318
3.142
3.439
3.572
3.495
3.227
3.139
2.749
2.684
2.416
2.185
1.975
2.274
2.426
2.051
1.942
1.617
1.607
1.175
1.476
0.989
1.583
1.436
1.852
2.077
2.148
2.353
2.533
2.858
2.989
3.097
2.793
2.565
2.913
2.806
2.350
2.658
2.838
2.571
2.205
2.681
2.800
2.190
2.359
2.882
3.162
3.232
2.926
2.709
2.265
2.610
2.819
2.560
2.224
2.695
2.861
2.591
2.425
2.438
2.430
2.812
3.709
3.432
2.983
2.867
3.247
3.432
2.906
3.346
2.857
3.226
3.558
3.791
4.124
4.278
4.260
3.869
3.770
3.328
3.434
3.035
3.135
3.140
2.902
2.686
2.540
2.320
2.072
2.141
1.959
2.339
2.514
2.590
2.848
3.149
3.506
3.444
3.251
2.751
3.015
3.137
2.839
2.797
2.315
2.389
1.998
2.089
1.746
1.897
1.176
1.661
1.332
1.542
1.776
1.935
1.601
1.775
1.030
1.650
1.429
1.777
1.440
2.121
2.151
2.550
2.822
3.016
3.310
3.493
3.733
3.241
3.723
3.447
3.754
4.027
3.919
3.966
3.559
3.443
3.145
2.935
2.822
2.671
2.361
2.281
1.939
1.869
1.518
1.610
1.076
1.658
1.441
1.889
2.097
2.230
2.409
2.559
2.891
3.100
3.130
2.772
2.649
2.967
2.822
2.373
2.720
2.932
2.655
2.313
2.820
2.964
2.368
2.584
3.086
3.387
3.424
3.120
2.901
2.437
2.835
3.042
2.769
2.490
2.963
3.109
2.850
2.652
2.623
2.552
2.897
3.594
3.402
3.025
2.749
3.146
3.313
2.805
3.221
2.697
3.019
3.399
3.570
3.957
4.114
4.033
3.633
3.565
3.111
3.196
2.808
2.912
2.922
2.610
2.320
2.440
2.118
1.949
2.204
1.838
2.216
2.167
2.486
2.516
2.846
3.165
2.981
2.754
2.320
2.463
2.636
2.479
2.510
1.901
2.199
1.811
2.047
1.735
1.995
1.312
1.722
1.467
1.661
1.884
2.070
1.935
2.022
1.355
1.772
1.447
1.735
1.194
1.889
1.794
2.219
2.492
2.601
2.917
3.145
3.226
3.043
3.285
3.430
3.307
3.030
2.896
2.550
2.442
2.211
1.993
1.817
2.137
2.306
1.985
1.922
1.594
1.677
1.243
1.632
1.241
1.826
1.761
2.186
2.395
2.408
2.674
2.867
3.188
3.306
3.391
3.084
2.878
3.193
3.084
2.616
2.906
3.090
2.826
2.430
2.914
3.034
2.420
2.554
3.089
3.352
3.415
3.103
2.882
2.448
2.781
2.972
2.693
2.368
2.805
2.934
2.622
2.519
2.540
2.584
2.940
3.961
3.693
3.244
3.149
3.550
3.742
3.228
3.675
3.191
3.565
3.894
4.130
4.460
4.613
4.599
4.208
4.107
3.664
3.762
3.361
3.443
3.438
3.199
2.957
2.788
2.560
2.294
2.386
2.218
2.613
2.810
2.893
3.158
3.472
3.828
3.761
3.560
3.041
3.324
3.455
3.164
3.126
2.617
2.708
2.312
2.375
2.015
2.119
1.369
1.776
1.432
1.612
1.820
1.982
1.639
1.973
1.294
1.933
1.717
2.090
1.760
2.457
2.472
2.886
3.154
3.341
3.634
3.826
4.077
3.681
4.202
3.906
4.261
4.532
4.354
4.344
3.965
3.764
3.489
3.276
3.219
3.027
2.688
2.614
2.273
2.207
1.857
1.926
1.376
1.924
1.611
2.038
2.174
2.326
2.374
2.647
2.971
3.238
3.252
2.895
2.814
3.130
2.978
2.533
2.919
3.134
2.823
2.564
3.059
3.182
2.606
2.871
3.342
3.655
3.663
3.366
3.143
2.660
3.103
3.318
3.045
2.796
3.282
3.405
3.149
2.927
2.865
2.795
3.109
3.844
3.616
3.252
2.884
3.309
3.451
2.978
3.390
2.829
3.153
3.563
3.690
4.116
4.258
4.140
3.730
3.664
3.194
3.272
2.903
2.996
3.006
2.666
2.302
2.494
2.173
1.918
2.340
1.995
2.372
2.213
2.583
2.552
2.891
3.185
2.937
2.698
2.322
2.388
2.569
2.493
2.567
1.917
2.338
1.965
2.256
1.979
2.223
1.606
2.027
1.841
2.062
2.305
2.504
2.324
2.333
1.706
2.096
1.717
1.976
1.353
2.026
1.816
2.306
2.541
2.623
2.947
3.136
3.189
3.021
3.189
3.344
3.169
2.889
2.691
2.405
2.243
2.051
1.882
1.738
2.072
2.261
2.022
2.022
1.683
1.875
1.458
1.914
1.579
2.174
2.100
2.537
2.765
2.783
3.119
3.219
3.532
3.611
3.744
3.432
3.224
3.543
3.423
2.966
3.232
3.433
3.159
2.765
3.242
3.360
2.746
2.854
3.401
3.649
3.713
3.398
3.167
2.749
3.075
3.240
2.959
2.648
3.055
3.156
2.808
2.757
2.780
2.857
3.190
