48
50
51
54
55
56
88
89
90
171
187
189
191
207
208
213
214
215
217
306
308
312
314
344
345
346
347
348
415
429
431
433
435
443
444
445
446
447
448
449
465
466
469
470
471
472
473
474
475
572
602
603
604
605
606
633
643
667
668
669
670
671
672
673
674
675
676
677
682
686
687
688
689
690
691
692
693
694
695
696
700
701
702
703
704
705
706
707
727
729
730
731
732
733
734
735
830
860
862
928
929
931
947
949
950
951
952
953
954
955
957
958
959
960
961
962
963
989
990
991
992
993
1088
1090
1091
1092
1114
1116
1117
1118
1119
1120
1207
1208
1209
1210
1211
1212
1213
1214
1215
1216
1217
1218
1219
1220
1221
1247
1248
1249
1250
1251
1252
1253
1254
1332
1334
1346
1348
1349
1350
1351
1352
1370
1371
1372
1373
1374
1375
1376
1377
1378
1465
1466
1467
1468
1469
1470
1471
1472
1473
1474
1475
1476
1477
1505
1506
1507
1508
1509
1510
1511
1512
1513
1585
1586
1587
1588
1590
1608
1609
1610
1611
1612
1613
1626
1627
1628
1629
1630
1631
1632
1633
1634
1725
1726
1727
1728
1729
1730
1731
1732
1733
1734
1765
1766
1767
1768
1769
1770
1771
1772
1834
1835
1836
1837
1838
1842
1843
1844
1845
1846
1847
1848
1849
1850
1851
1864
1865
1866
1867
1868
1869
1870
1871
1884
1885
1886
1887
1888
1889
1890
1891
1892
1893
1894
1983
1984
1985
1986
1987
1988
1989
1990
1991
1992
1993
2021
2022
2023
2024
2025
2026
2027
2028
2038
2067
2070
2086
2087
2088
2089
2090
2091
2092
2093
2094
2095
2096
2101
2102
2104
2105
2106
2107
2108
2109
2110
2111
2112
2113
2114
2119
2120
2121
2122
2123
2124
2125
2126
2127
2146
2147
2148
2149
2150
2151
2152
2153
2279
2303
2310
2314
2319
2320
2345
2347
2348
2349
2350
2352
2364
2366
2368
2370
2378
2380
2381
2382
2384
2406
2407
2408
2409
2410
2507
2537
2539
2541
2628
2636
2638
2640
2666
2668
2759
2765
2797
2886
2894
2926
3023
3055
3152
3184
