3.349
3.104
2.622
2.761
3.040
3.248
2.689
3.107
2.705
3.106
3.355
3.628
3.910
4.068
4.120
3.788
3.663
3.245
3.340
2.925
3.067
3.070
2.856
2.632
2.404
2.278
2.005
2.047
1.896
2.254
2.481
2.420
2.793
3.097
3.457
3.407
3.232
2.733
3.002
3.114
2.792
2.750
2.302
2.317
1.932
1.928
1.589
1.590
0.958
1.261
0.895
0.973
1.253
1.301
0.902
1.193
0.711
1.265
1.235
1.570
1.648
2.046
2.123
2.503
2.790
2.997
3.285
3.491
3.764
3.465
3.950
3.683
4.078
4.333
4.125
4.086
3.748
3.467
3.217
2.947
2.943
2.711
2.373
2.235
1.890
1.791
1.440
1.315
0.788
1.149
0.798
1.217
1.369
1.557
1.653
1.834
2.164
2.427
2.425
2.076
1.982
2.307
2.173
1.723
2.125
2.357
2.026
1.832
2.314
2.415
1.882
2.167
2.608
2.936
2.952
2.635
2.436
1.933
2.432
2.665
2.449
2.187
2.714
2.900
2.741
2.438
2.366
2.172
2.528
3.144
2.976
2.611
2.206
2.573
2.683
2.199
2.595
2.026
2.337
2.757
2.882
3.307
3.447
3.349
2.931
2.855
2.375
2.472
2.083
2.247
2.294
1.950
1.751
1.993
1.688
1.701
1.838
1.426
1.688
1.497
1.811
1.790
2.104
2.408
2.227
1.956
1.572
1.680
1.832
1.692
1.761
1.160
1.571
1.230
1.573
1.447
1.819
1.297
1.971
1.740
1.978
2.262
2.393
2.051
2.063
1.361
1.582
1.150
1.280
0.694
1.243
1.022
1.505
1.749
1.822
2.142
2.342
2.413
2.238
2.490
2.638
2.527
2.233
2.128
1.749
1.673
1.429
1.199
1.005
1.320
1.485
1.206
1.212
0.886
1.124
0.742
1.258
1.114
1.695
1.748
2.195
2.442
2.636
2.888
2.891
3.128
3.187
3.268
2.970
2.781
3.012
2.926
2.484
2.640
2.856
2.625
2.176
2.613
2.751
2.165
2.166
2.714
2.860
3.006
2.717
2.493
2.090
2.357
2.512
2.222
1.902
2.249
2.380
2.000
2.070
2.168
2.316
2.664
3.429
3.156
2.677
2.730
3.000
3.171
2.578
2.936
2.521
2.872
3.126
3.352
3.681
3.852
3.863
3.549
3.464
3.050
3.188
2.801
2.945
2.981
2.732
2.564
2.450
2.245
2.012
2.073
1.856
2.206
2.349
2.393
2.633
2.923
3.278
3.198
3.022
2.587
2.761
2.886
2.576
2.556
2.126
2.183
1.805
1.955
1.635
1.763
1.154
1.573
1.188
1.346
1.634
1.591
1.171
1.347
0.799
1.263
1.281
1.504
1.480
1.866
1.908
2.270
2.545
2.732
3.022
3.222
3.491
3.187
3.672
3.417
3.806
4.062
3.862
3.831
3.489
3.222
2.953
2.684
2.647
2.431
2.093
1.978
1.632
1.569
1.192
1.169
0.723
1.120
0.883
1.311
1.456
1.772
1.882
1.900
2.234
2.450
2.359
2.008
2.034
2.247
2.002
1.639
1.989
2.151
1.814
1.672
2.107
2.183
1.656
1.943
2.381
2.708
2.678
2.361
2.124
1.660
2.121
2.322
2.040
1.829
2.317
2.474
2.257
1.971
1.897
1.782
2.114
2.740
2.608
2.217
1.913
2.322
2.433
1.950
2.355
1.794
2.123
2.535
2.679
3.090
3.223
3.143
2.722
2.632
2.152
2.237
1.841
2.006
2.057
1.720
1.553
1.642
1.315
1.272
1.393
1.025
1.383
1.274
1.568
1.563
1.876
2.190
2.039
1.782
1.365
1.542
1.676
1.493
1.534
0.944
1.320
0.983
1.239
0.966
1.322
0.745
1.367
1.218
1.461
1.734
1.914
1.654
1.543
0.974
1.170
0.740
1.060
0.473
1.030
0.808
1.312
1.581
1.749
2.077
2.335
2.468
2.108
2.402
2.506
2.407
2.147
2.124
1.773
1.733
1.555
1.172
1.196
1.459
1.504
1.183
1.102
0.718
0.915
0.524
1.033
0.716
1.335
1.415
1.781
2.056
2.110
2.462
2.457
2.692
2.764
2.888
2.595
2.347
2.636
2.629
2.147
2.305
2.579
2.403
1.908
2.390
2.566
1.996
1.982
2.546
2.747
2.913
2.657
2.474
2.018
2.287
2.476
2.272
1.852
2.255
2.448
2.135
2.167
2.280
2.377
2.763
3.506
3.212
2.749
2.799
2.975
3.115
2.503
2.740
2.354
2.538
2.764
2.906
3.246
3.476
3.451
3.183
3.178
2.847
3.083
2.735
2.986
3.035
2.876
2.745
2.609
2.583
2.363
2.277
2.141
2.305
2.515
2.383
2.759
2.939
3.283
3.165
3.131
2.828
2.847
2.903
2.597
2.546
2.186
2.180
1.891
1.984
1.765
1.916
1.352
1.842
1.461
1.672
1.963
1.879
1.472
1.552
0.970
1.337
1.367
1.442
1.571
1.776
1.999
2.121
2.411
2.552
2.859
3.114
3.410
3.218
3.704
3.582
3.984
4.208
3.991
3.946
3.564
3.335
3.038
2.693
2.539
2.147
1.930
1.752
1.392
1.349
1.034
1.124
0.799
1.180
1.087
1.496
1.703
2.024
2.197
2.115
2.445
2.583
2.411
2.093
2.152
2.251
1.917
1.704
1.992
1.978
1.632
1.610
1.862
1.770
1.217
1.454
1.877
2.134
2.021
1.698
1.441
1.037
1.496
1.672
1.357
1.277
1.718
1.854
1.654
1.325
1.219
1.061
1.396
2.019
1.890
1.493
1.215
1.645
1.807
1.399
1.925
1.465
1.887
2.243
2.463
2.798
2.874
2.861
2.450
2.282
1.813
1.763
1.348
1.370
1.365
1.068
0.879
1.041
0.791
0.729
0.744
0.388
0.685
0.631
0.962
1.033
1.413
1.745
1.667
1.522
0.843
1.427
1.545
1.275
1.181
0.544
0.759
0.365
0.529
0.321
0.707
0.392
0.937
0.943
1.179
1.525
1.663
1.275
1.105
0.739
0.722
0.372
0.586
0.290
0.838
0.679
1.268
1.546
1.830
2.108
2.416
2.620
2.042
2.364
2.384
2.271
2.129
2.221
1.961
1.970
1.893
1.408
1.568
1.818
1.691
1.156
1.226
0.952
0.871
0.418
0.760
0.474
1.049
1.195
1.420
1.698
1.685
2.042
2.011
2.202
2.193
2.407
2.161
1.854
2.126
2.205
1.756
1.776
2.121
2.091
1.501
2.017
2.272
1.892
1.777
2.365
2.630
2.872
2.645
2.493
2.005
2.279
2.493
2.353
1.878
2.325
2.545
2.312
2.289
2.399
2.438
2.855
3.510
3.197
2.826
2.579
2.903
3.052
2.482
2.883
2.375
2.659
3.022
3.122
3.547
3.745
3.609
3.282
3.232
2.770
2.927
2.551
2.723
2.788
2.504
2.401
2.367
2.121
1.943
2.006
1.739
2.042
2.106
2.254
2.369
2.647
2.994
2.882
2.700
2.330
2.414
2.554
2.260
2.267
1.844
1.965
1.600
1.845
1.575
1.876
1.244
1.886
1.582
1.862
2.157
2.243
1.880
1.855
1.044
1.472
1.208
1.383
1.237
1.619
1.594
1.956
2.213
2.307
2.603
2.781
3.052
2.657
3.152
2.896
3.257
3.515
3.361
3.378
3.039
2.835
2.507
2.267
2.145
1.912
1.627
1.611
1.312
1.342
1.005
1.260
0.913
1.505
1.482
1.932
2.208
2.449
2.678
2.617
2.932
3.059
3.049
2.701
2.625
2.842
2.619
2.205
2.508
2.625
2.294
2.038
2.439
2.450
1.855
1.993
2.499
2.744
2.709
2.373
2.124
1.752
2.105
2.226
1.920
1.711
2.084
2.130
1.838
1.710
1.688
1.713
1.971
2.599
2.501
2.111
1.918
2.381
2.581
2.168
2.697
2.254
2.694
3.005
3.290
3.575
3.695
3.737
3.326
3.165
2.704
2.666
2.238
2.231
2.173
1.931
1.555
1.516
1.164
1.022
1.211
0.916
1.364
1.509
1.729
1.951
2.336
2.669
2.566
2.405
1.723
2.259
2.396
2.164
2.089
1.429
1.590
1.186
1.214
0.842
1.020
0.427
0.744
0.561
0.771
1.097
1.275
1.004
0.992
0.522
1.016
0.695
1.118
0.834
1.511
1.491
2.049
2.361
2.601
2.920
3.194
3.372
2.894
3.189
3.248
3.118
2.910
2.893
2.628
2.550
2.456
2.036
2.087
2.368
2.403
1.985
1.888
1.552
1.400
0.926
1.072
0.601
1.091
0.950
1.269
1.475
1.463
1.831
1.914
2.209
2.331
2.498
2.210
1.923
2.318
2.359
1.865
2.136
2.430
2.314
1.840
2.418
2.603
2.015
2.201
2.729
3.035
3.113
2.811
2.604
2.153
2.504
2.740
2.544
2.163
2.669
2.866
2.664
2.431
2.436
2.372
2.785
3.341
3.012
2.658
2.367
2.670
2.804
2.236
2.627
2.103
2.383
2.770
2.851
3.312
3.488
3.306
2.966
2.944
2.478
2.641
2.271
2.462
2.545
2.241
2.128
2.210
1.956
1.823
1.869
1.575
1.825
1.811
2.009
2.062
2.349
2.669
2.481
2.259
1.913
1.929
2.107
1.891
1.963
1.478
1.710
1.361
1.645
1.449
1.772
1.255
1.927
1.641
1.948
2.270
2.321
1.987
1.854
1.070
1.379
1.059
1.168
0.978
1.334
1.238
1.616
1.804
1.832
2.119
2.236
2.510
2.148
2.656
2.445
2.804
3.050
2.902
2.904
2.559
2.337
2.038
1.754
1.581
1.389
1.166
1.257
0.993
1.086
0.727
1.071
0.852
1.435
1.531
1.946
2.262
2.490
2.737
2.640
2.908
3.001
3.041
2.709
2.570
2.790
2.617
2.184
2.443
2.572
2.242
1.948
2.335
2.364
1.766
1.829
2.352
2.563
2.579
2.245
2.004
1.641
1.946
2.044
1.739
1.512
1.883
1.907
1.598
1.515
1.529
1.641
1.957
2.479
2.474
2.049
2.111
2.453
2.680
2.178
2.657
2.245
2.713
2.971
3.306
3.534
3.665
3.761
3.376
3.228
2.812
2.801
2.372
2.476
2.416
2.274
1.999
1.811
1.587
1.295
1.373
1.246
1.574
1.840
1.806
2.283
2.586
2.945
2.958
2.799
2.168
2.685
2.749
2.429
2.298
1.833
1.732
1.370
1.275
0.935
0.847
0.338
0.535
0.321
0.395
0.688
0.792
0.556
0.755
0.284
0.814
0.609
1.051
1.037
1.574
1.819
2.180
2.526
2.765
3.048
3.285
3.494
3.152
3.550
3.595
3.513
3.344
3.391
3.039
3.027
2.772
2.440
2.298
2.554
2.606
2.215
2.002
1.628
1.434
0.946
0.949
0.491
0.872
0.687
0.981
1.071
1.106
1.348
1.565
1.874
2.095
2.214
1.902
1.695
2.107
2.121
1.591
1.925
2.201
2.057
1.606
2.180
2.367
1.792
2.044
2.524
2.842
2.912
2.595
2.415
1.972
2.329
2.577
2.400
2.029
2.557
2.762
2.611
2.326
2.317
2.202
2.630
3.107
2.763
2.416
2.063
2.363
2.478
1.918
2.298
1.747
2.033
2.434
2.588
3.010
3.142
3.019
2.659
2.581
2.110
2.267
1.910
2.087
2.181
1.849
1.799
1.937
1.673
1.626
1.688
1.303
1.536
1.435
1.627
1.667
1.947
2.278
2.118
1.906
1.565
1.500
1.709
1.520
1.567
1.110
1.384
1.061
1.387
1.315
1.650
1.307
1.960
1.727
2.054
2.399
2.409
2.077
1.860
1.156
1.291
0.918
0.921
0.607
0.977
0.850
1.275
1.394
1.426
1.673
1.741
1.991
1.617
2.111
1.915
2.307
2.543
2.358
2.370
2.029
1.860
1.492
1.214
1.090
0.967
0.823
1.010
0.634
0.790
0.402
0.879
0.863
1.379
1.593
1.957
2.296
2.530
2.771
2.625
2.846
2.899
2.957
2.644
2.458
2.667
2.539
2.099
2.294
2.479
2.250
1.801
2.225
2.410
1.833
1.797
2.361
2.500
2.615
2.315
2.094
1.740
1.983
2.071
1.745
1.506
1.816
1.833
1.416
1.601
1.708
1.862
2.188
2.615
2.666
2.193
2.390
2.665
2.903
2.384
2.784
2.379
2.752
2.985
3.267
3.515
3.704
3.779
3.435
3.351
2.974
3.063
2.626
2.793
2.722
2.640
2.352
2.155
2.024
1.739
1.733
1.653
1.907
2.177
2.060
2.655
2.914
3.270
3.203
3.117
2.585
2.900
2.973
2.658
2.558
2.169
2.046
1.677
1.553
1.175
1.121
0.742
0.623
0.275
0.276
0.583
0.597
0.326
0.583
0.336
0.869
0.915
1.282
1.395
1.752
2.058
2.262
2.599
2.789
3.048
3.279
3.532
3.264
3.687
3.774
3.741
3.570
3.578
3.188
3.221
2.912
2.626
2.449
2.673
2.678
2.282
2.033
1.635
1.465
1.058
1.032
0.620
0.775
0.444
0.766
0.821
0.884
1.060
1.315
1.626
1.867
1.975
1.659
1.471
1.887
1.905
1.372
1.793
2.024
1.723
1.490
1.950
2.067
1.516
1.820
2.261
2.592
2.645
2.313
2.167
1.727
2.103
2.363
2.209
1.862
2.407
2.618
2.503
2.188
2.162
1.981
2.421
3.334
2.927
2.639
2.165
2.431
2.451
2.052
2.301
1.689
1.906
2.374
2.326
2.870
2.969
2.730
2.365
2.328
1.857
2.018
1.760
1.962
2.093
1.710
1.733
2.038
1.869
1.815
2.044
1.605
1.741
1.323
1.522
1.429
1.599
1.880
1.596
1.351
1.027
0.957
1.157
1.098
1.303
0.923
1.394
1.337
1.725
1.854
2.214
2.037
2.619
2.494
2.801
3.153
3.190
2.857
2.609
1.947
1.995
1.604
1.464
0.872
1.081
0.694
1.001
1.068
1.107
1.337
1.410
1.627
1.221
1.720
1.398
1.767
2.026
1.868
1.908
1.529
1.333
1.040
0.844
0.801
0.692
0.596
0.773
0.353
0.974
0.908
1.432
1.647
2.056
2.336
2.674
3.019
3.280
3.508
3.304
3.484
3.482
3.517
3.227
3.010
3.148
3.019
2.656
2.701
2.868
2.598
2.277
2.551
2.646
2.121
1.996
2.491
2.487
2.688
2.467
2.284
1.948
2.063
2.169
1.878
1.555
1.859
1.939
1.497
1.820
1.980
2.153
2.463
2.823
2.896
2.399
2.742
2.950
3.177
2.656
3.019
2.704
3.142
3.308
3.639
3.818
3.979
4.152
3.829
3.700
3.341
3.367
2.937
3.169
3.096
3.066
2.784
2.543
2.517
2.219
2.158
2.143
2.330
2.593
2.401
3.057
3.288
3.647
3.656
3.614
3.050
3.485
3.500
3.164
2.993
2.594
2.374
2.056
1.891
1.556
1.426
1.132
1.064
0.705
0.598
0.801
0.485
0.310
0.807
0.806
1.160
1.366
1.637
1.912
2.217
2.560
2.785
3.165
3.407
3.654
3.898
4.206
3.834
4.304
4.333
4.293
4.171
4.223
3.855
3.894
3.619
3.280
3.181
3.395
3.339
2.964
2.667
2.285
2.020
1.625
1.422
1.034
0.923
0.447
0.756
0.646
0.864
0.822
1.195
1.530
1.824
1.830
1.486
1.447
1.787
1.661
1.209
1.699
1.942
1.686
1.575
2.053
2.203
1.842
2.157
2.521
2.881
2.926
2.524
2.444
2.102
2.513
2.818
2.693
2.413
2.969
3.199
3.130
2.764
2.654
2.336
2.730
2.783
2.385
2.076
1.638
1.932
2.002
1.528
1.879
1.294
1.620
2.052
2.161
2.615
2.706
2.551
2.165
2.081
1.592
1.719
1.377
1.577
1.696
1.341
1.294
1.504
1.284
1.318
1.398
0.953
1.156
0.911
1.104
1.130
1.373
1.669
1.405
1.177
0.851
0.827
1.003
0.872
1.008
0.579
0.905
0.726
1.109
1.203
1.556
1.459
2.017
1.889
2.223
2.579
2.559
2.236
1.956
1.349
1.332
0.937
0.822
0.239
0.634
0.287
0.843
0.898
1.054
1.258
1.369
1.609
1.388
1.829
1.559
1.998
2.230
1.962
1.901
1.553
1.271
1.039
0.796
0.991
0.788
0.414
0.672
0.269
0.609
0.308
0.859
1.028
1.448
1.749
2.058
2.408
2.641
2.874
2.690
2.864
2.878
2.955
2.666
2.437
2.626
2.533
2.113
2.229
2.424
2.219
1.764
2.145
2.340
1.810
1.677
2.250
2.356
2.547
2.317
2.146
1.761
1.938
2.085
1.812
1.448
1.782
1.929
1.534
1.758
1.908
2.054
2.403
2.756
2.803
2.309
2.587
2.794
2.992
2.434
2.744
2.382
2.751
2.936
3.222
3.443
3.639
3.745
3.427
3.348
3.007
3.098
2.700
2.964
2.913
2.858
2.617
2.430
2.376
2.112
2.035
1.986
2.171
2.409
2.211
2.823
3.005
3.357
3.295
3.265
2.813
3.060
3.098
2.779
2.656
2.265
2.127
1.834
1.717
1.406
1.355
1.100
1.113
0.698
0.771
1.089
0.888
0.499
0.764
0.621
1.012
1.161
1.399
1.611
1.852
2.165
2.317
2.693
2.889
3.123
3.346
3.633
3.367
3.807
3.892
3.876
3.739
3.762
3.378
3.434
3.103
2.821
2.632
2.850
2.819
2.425
2.153
1.748
1.510
1.143
1.091
0.712
0.737
0.369
0.709
0.775
1.056
1.230
1.287
1.622
1.874
1.842
1.507
1.442
1.745
1.578
1.163
1.582
1.748
1.394
1.341
1.756
1.782
1.329
1.697
2.056
2.391
2.364
2.003
1.868
1.482
1.919
2.197
2.057
1.799
2.347
2.558
2.479
2.119
2.015
1.724
2.121
2.043
1.701
1.376
1.088
1.444
1.625
1.172
1.721
1.308
1.770
2.067
2.321
2.650
2.705
2.690
2.295
2.148
1.665
1.689
1.277
1.338
1.337
1.101
0.917
0.958
0.676
0.641
0.632
0.375
0.556
0.663
0.777
0.945
1.307
1.631
1.498
1.317
0.850
1.191
1.283
0.996
1.016
0.360
0.638
0.269
0.354
0.270
0.628
0.721
1.114
1.158
1.441
1.801
1.819
1.436
1.180
0.762
0.661
0.285
0.440
0.337
0.739
0.414
1.092
1.239
1.504
1.665
1.857
2.119
1.910
2.341
2.048
2.482
2.711
2.423
2.324
1.990
1.665
1.549
1.313
1.608
1.351
0.860
1.048
0.698
0.810
0.650
0.685
0.750
1.003
1.258
1.435
1.755
1.829
2.120
2.009
2.144
2.125
2.334
2.082
1.800
2.015
2.069
1.626
1.628
1.963
1.953
1.373
1.855
2.115
1.789
1.619
2.198
2.451
2.708
2.545
2.541
2.060
2.232
2.486
2.485
1.935
2.380
2.629
2.366
2.579
2.714
2.608
3.065
3.392
3.364
2.930
2.971
3.028
3.097
2.478
2.616
2.252
2.425
2.627
2.765
3.076
3.322
3.332
3.056
3.067
2.768
2.990
2.692
3.051
3.162
3.026
3.040
3.088
2.978
2.881
2.739
2.505
2.560
2.722
2.510
2.846
2.895
3.229
3.065
3.091
2.824
2.767
2.817
2.573
2.424
2.198
2.213
2.094
2.203
2.133
2.262
1.828
2.097
1.682
1.709
2.016
1.753
1.442
1.715
1.381
1.671
1.784
1.605
1.774
1.795
2.012
1.977
2.329
2.416
2.603
2.767
2.995
2.962
3.323
3.492
3.544
3.381
3.342
2.948
2.916
2.607
2.390
2.094
2.311
2.349
1.953
1.786
1.413
1.245
1.130
1.281
1.218
1.433
1.287
1.574
1.520
1.935
1.961
1.981
2.284
2.445
2.272
1.958
2.087
2.159
1.837
1.649
1.816
1.781
1.437
1.460
1.670
1.540
0.981
1.282
1.676
1.934
1.809
1.498
1.244
0.817
1.297
1.505
1.236
1.130
1.592
1.744
1.593
1.231
1.138
0.912
1.340
2.758
2.373
2.224
1.660
2.227
2.351
2.052
2.511
1.992
2.321
2.704
2.893
3.290
3.407
3.329
2.950
2.794
2.334
2.290
1.950
1.839
1.802
1.485
1.099
1.258
0.940
0.761
1.125
0.830
1.257
1.060
1.485
1.463
1.893
2.191
1.988
1.839
1.209
1.674
1.842
1.657
1.679
0.918
1.387
1.044
1.302
1.106
1.429
1.050
1.674
1.480
1.786
2.125
2.196
1.871
1.693
0.958
1.221
0.833
1.027
0.737
1.228
1.055
1.603
1.847
2.007
2.257
2.389
2.616
2.233
2.721
2.377
2.742
3.006
2.821
2.729
2.356
2.128
1.988
1.824
1.847
1.680
1.413
1.373
1.011
1.036
0.650
1.007
0.717
1.341
1.457
1.845
2.167
2.357
2.617
2.535
2.786
2.879
2.957
2.635
2.447
2.690
2.602
2.124
2.353
2.572
2.386
1.894
2.382
2.590
2.022
2.025
2.596
2.849
3.004
2.748
2.600
2.120
2.408
2.604
2.429
1.969
2.423
2.620
2.335
2.363
2.449
2.452
2.856
3.316
3.291
2.839
2.836
3.077
3.240
2.635
2.965
2.527
2.849
3.123
3.359
3.655
3.854
3.879
3.527
3.466
3.071
3.201
2.811
3.066
3.084
2.895
2.776
2.763
2.499
2.337
2.334
2.118
2.341
2.528
2.435
2.785
3.005
3.354
3.250
3.123
2.707
2.853
2.972
2.680
2.627
2.256
2.250
1.935
2.017
1.768
1.892
1.272
1.675
1.302
1.332
1.617
1.552
1.229
1.496
0.894
1.384
1.341
1.528
1.421
1.837
2.099
2.277
2.594
2.743
3.010
3.229
3.430
3.240
3.621
3.746
3.710
3.498
3.469
3.067
3.074
2.761
2.515
2.276
2.520
2.591
2.186
1.991
1.601
1.511
1.136
1.227
0.787
1.248
1.058
1.505
1.609
1.878
1.952
2.137
2.474
2.643
2.594
2.252
2.221
2.455
2.249
1.831
2.159
2.308
2.012
1.772
2.201
2.273
1.688
1.959
2.433
2.741
2.753
2.446
2.189
1.778
2.177
2.415
2.181
1.890
2.406
2.592
2.409
2.096
1.965
1.778
2.072
3.343
2.996
2.699
2.333
2.787
2.939
2.409
2.849
2.338
2.654
3.035
3.221
3.619
3.745
3.663
3.287
3.188
2.716
2.835
2.455
2.548
2.537
2.228
1.894
1.940
1.613
1.425
1.688
1.381
1.843
1.794
2.129
2.162
2.501
2.838
2.659
2.436
1.960
2.141
2.312
2.120
2.151
1.557
1.845
1.459
1.708
1.416
1.737
1.132
1.777
1.513
1.788
2.097
2.218
1.898
1.806
1.021
1.430
1.102
1.340
1.118
1.570
1.436
1.929
2.175
2.325
2.564
2.665
2.861
2.402
2.902
2.572
2.923
3.190
3.035
3.046
2.653
2.506
2.229
2.094
2.084
1.974
1.725
1.665
1.318
1.357
0.979
1.277
0.874
1.518
1.525
1.952
2.246
2.422
2.690
2.655
2.945
3.070
3.131
2.795
2.617
2.887
2.786
2.306
2.591
2.793
2.588
2.122
2.620
2.816
2.220
2.286
2.838
3.103
3.235
2.944
2.771
2.305
2.615
2.810
2.609
2.180
2.640
2.822
2.476
2.498
2.553
2.563
2.945
3.453
3.415
2.980
2.908
3.202
3.380
2.785
3.154
2.693
3.018
3.326
3.560
3.870
4.058
4.063
3.692
3.625
3.204
3.325
2.916
3.135
3.149
2.923
2.761
2.759
2.449
2.286
2.353
2.092
2.391
2.521
2.538
2.819
3.079
3.426
3.323
3.137
2.694
2.861
3.010
2.736
2.706
2.280
2.329
1.977
2.101
1.813
1.927
1.268
1.530
1.186
1.238
1.513
1.611
1.314
1.610
0.943
1.530
1.404
1.659
1.418
1.944
2.125
2.372
2.684
2.824
3.111
3.334
3.494
3.307
3.662
3.787
3.732
3.484
3.436
3.033
3.002
2.713
2.472
2.237
2.512
2.629
2.234
2.075
1.714
1.641
1.222
1.405
0.895
1.454
1.240
1.690
1.815
1.973
2.092
2.335
2.662
2.889
2.868
2.527
2.442
2.718
2.556
2.110
2.442
2.620
2.335
2.040
2.499
2.595
2.002
2.239
2.734
3.036
3.064
2.765
2.529
2.102
2.466
2.695
2.459
2.140
2.639
2.819
2.608
2.338
2.312
2.236
2.609
3.586
3.276
2.914
2.678
3.065
3.232
2.693
3.135
2.636
2.960
3.326
3.528
3.910
4.044
3.975
3.604
3.506
3.040
3.161
2.776
2.888
2.926
2.646
2.443
2.398
2.126
1.909
2.019
1.766
2.159
2.241
2.402
2.548
2.864
3.213
3.096
2.874
2.458
2.593
2.755
2.497
2.505
1.989
2.151
1.760
1.944
1.616
1.864
1.192
1.768
1.497
1.731
2.002
2.161
1.837
1.849
1.064
1.578
1.326
1.598
1.435
1.874
1.815
2.253
2.509
2.662
2.932
3.033
3.257
2.791
3.273
2.966
3.288
3.560
3.456
3.490
3.078
2.977
2.666
2.475
2.399
2.283
2.037
1.974
1.631
1.634
1.272
1.489
1.018
1.633
1.533
1.981
2.241
2.405
2.634
2.681
3.006
3.165
3.208
2.863
2.696
2.991
2.883
2.405
2.720
2.931
2.713
2.277
2.787
2.966
2.365
2.495
3.023
3.304
3.417
3.104
2.912
2.461
2.790
2.991
2.743
2.378
2.848
2.970
2.649
2.570
2.571
2.620
2.935
3.507
3.459
3.031
2.913
3.282
3.452
2.882
3.275
2.793
3.104
3.446
3.658
3.998
4.177
4.152
3.766
3.698
3.255
3.377
2.956
3.148
3.154
2.890
2.602
2.585
2.244
2.070
2.244
1.949
2.365
2.456
2.603
2.792
3.081
3.420
3.301
3.069
2.623
2.783
2.940
2.714
2.714
2.212
2.364
1.989
2.126
1.773
1.902
1.232
1.559
1.270
1.404
1.657
1.800
1.572
1.781
1.095
1.688
1.468
1.761
1.400
1.998
2.069
2.390
2.687
2.813
3.114
3.337
3.455
3.277
3.601
3.729
3.658
3.375
3.292
2.907
2.837
2.559
2.347
2.117
2.415
2.570
2.200
2.083
1.758
1.719
1.299
1.568
1.058
1.667
1.489
1.936
2.105
2.196
2.327
2.609
2.931
3.133
3.147
2.809
2.671
2.978
2.842
2.381
2.704
2.893
2.627
2.275
2.747
2.859
2.255
2.450
2.966
3.255
3.298
2.993
2.758
2.326
2.676
2.892
2.646
2.312
2.784
2.951
2.690
2.487
2.481
2.460
2.840
3.751
3.468
3.077
2.915
3.309
3.491
2.953
3.401
2.917
3.260
3.607
3.832
4.191
4.329
4.282
3.915
3.812
3.353
3.466
3.076
3.173
3.191
2.936
2.731
2.584
2.346
2.089
2.199
1.988
2.382
2.543
2.644
2.861
3.181
3.535
3.454
3.255
2.775
3.000
3.148
2.843
2.829
2.331
2.435
2.041
2.154
1.798
1.966
1.264
1.730
1.426
1.633
1.871
2.041
1.732
1.871
1.139
1.721
1.509
1.850
1.739
2.168
2.163
2.581
2.848
3.032
3.311
3.470
3.703
3.235
3.705
3.407
3.723
3.995
3.901
3.948
3.548
3.416
3.124
2.919
2.846
2.692
2.387
2.301
1.960
1.919
1.565
1.680
1.147
1.748
1.544
1.993
2.204
2.347
2.508
2.668
3.003
3.213
3.233
2.880
2.740
3.061
2.923
2.470
2.813
3.028
2.752
2.416
2.918
3.059
2.467
2.657
3.167
3.465
3.516
3.196
2.973
2.510
2.918
3.118
2.844
2.552
3.032
3.175
2.911
2.721
2.684
2.646
2.970
3.583
3.488
3.076
2.819
3.233
3.391
2.887
3.318
2.800
3.112
3.494
3.668
4.052
4.212
4.153
3.747
3.671
3.204
3.294
2.878
3.001
3.004
2.699
2.388
2.485
2.132
1.977
2.226
1.879
2.294
2.239
2.559
2.605
2.945
3.267
3.100
2.847
2.370
2.575
2.733
2.575
2.610
1.984
2.284
1.887
2.120
1.793
2.048
1.365
1.743
1.475
1.654
1.886
2.085
1.912
2.051
1.370
1.840
1.540
1.825
1.318
1.988
1.894
2.326
2.599
2.713
3.031
3.251
3.327
3.133
3.397
3.535
3.413
3.119
2.984
2.650
2.530
2.298
2.096
1.912
2.234
2.406
2.097
2.030
1.696
1.767
1.305
1.715
1.270
1.894
1.795
2.239
2.426
2.435
2.687
2.916
3.229
3.397
3.443
3.111
2.933
3.244
3.133
2.670
2.973
3.163
2.895
2.511
2.991
3.105
2.495
2.645
3.178
3.447
3.498
3.186
2.951
2.522
2.857
3.056
2.796
2.460
2.895
3.031
2.720
2.599
2.611
2.648
3.006
