0.00000
0.00000
0.00000
0.00000
0.00000
0.00000
0.00000
0.00000
0.00000
0.00000
0.00000
0.00000
0.00000
0.00000
0.00000
0.00000
0.00000
0.00000
0.00000
0.00000
0.56611
0.56832
0.56606
0.56154
0.00000
0.00000
0.00000
0.00000
0.00000
0.00000
0.00000
0.00000
0.00000
0.00000
0.00000
0.00000
0.00000
0.00000
0.00000
0.00000
0.00000
0.00000
0.00000
1.77678
1.77383
1.73970
1.73659
0.00000
0.00000
0.00000
0.00000
0.00000
0.00000
0.00000
0.00000
0.00000
0.00000
0.00000
0.00000
0.00000
0.00000
0.00000
0.00000
0.00000
0.00000
1.39972
1.39968
1.38875
1.39001
0.00000
0.00000
0.00000
0.00000
0.00000
0.00000
0.00000
0.00000
0.00000
0.00000
0.00000
0.00000
0.00000
0.00000
0.00000
0.00000
0.00000
0.00000
0.00000
0.00000
0.00000
0.00000
0.00000
0.00000
0.00000
0.00000
0.00000
0.00000
0.00000
0.00000
0.00000
0.00000
0.00000
0.00000
0.00000
0.00000
0.00000
0.06113
0.06200
0.06204
0.06202
0.00000
0.00000
0.00000
0.00000
0.00000
0.00000
0.00000
0.00000
0.00000
0.00000
0.00000
0.00000
0.00000
0.00000
0.00000
1.30411
1.30643
1.27853
1.27508
0.00000
0.00000
0.00000
0.00000
0.00000
0.00000
0.00000
0.00000
0.00000
0.00000
0.00000
0.00000
0.00000
0.00000
0.70737
0.71551
0.71676
0.71047
0.00000
0.00000
0.00000
0.00000
0.00000
0.00000
0.00000
0.00000
0.00000
0.00000
0.00000
0.00000
0.00000
0.00000
0.00000
0.00000
0.00000
0.00000
0.00000
0.00000
0.00000
0.00000
0.00000
0.00000
0.00000
0.00000
0.00000
0.00000
0.00000
0.00000
0.00000
0.00000
0.00000
0.00000
0.00000
0.00000
0.00000
0.00000
0.00000
0.00000
0.00000
0.00000
0.00000
0.00000
0.53249
0.53536
0.53070
0.53471
0.00000
0.00000
0.00000
0.00000
0.00000
0.00000
0.00000
0.00000
0.00000
0.00000
0.25215
0.25231
0.25337
0.24884
0.00000
0.00000
0.00000
0.00000
0.00000
0.00000
0.00000
0.00000
0.00000
1.44394
1.46185
1.44952
1.43777
0.00000
0.00000
0.00000
0.00000
0.00000
0.00000
0.00000
0.00000
0.10571
0.10564
0.10579
0.10576
0.00000
0.00000
0.00000
0.00000
0.00000
0.00000
0.00000
0.00363
0.00361
0.00346
0.00373
0.00000
0.00000
0.00000
0.00000
0.00000
0.00000
0.41230
0.41297
0.40679
0.41590
0.00000
0.00000
0.00000
0.00000
0.00000
3.06947
3.06199
3.00590
2.99457
0.00000
0.00000
0.00000
0.00000
1.58673
1.59532
1.57974
1.57171
0.00000
0.00000
0.00000
0.36001
0.35868
0.35415
0.36673
0.00000
0.00000
0.84811
0.84951
0.84783
0.84767
0.00000
0.41879
0.42646
0.42710
0.42637
0.00000
0.00000
0.00000
0.00000
0.00000
0.00000
0.00000
0.00000
0.00000
0.00000
