3.092
2.858
2.466
2.352
2.852
3.086
2.750
3.280
2.885
3.336
3.641
3.930
4.214
4.294
4.332
3.944
3.771
3.336
3.311
2.853
2.804
2.731
2.547
2.181
1.877
1.736
1.374
1.517
1.430
1.837
2.141
2.266
2.614
3.008
3.350
3.323
3.195
2.490
3.037
3.157
2.903
2.767
2.210
2.225
1.839
1.718
1.349
1.289
0.581
1.021
0.840
1.007
1.109
1.348
1.335
1.425
1.126
1.492
1.243
1.694
1.849
2.194
2.221
2.749
3.021
3.266
3.509
3.691
3.932
3.510
4.047
3.707
4.085
4.354
4.120
4.072
3.679
3.472
3.259
3.128
3.228
3.017
2.683
2.633
2.262
2.126
1.848
1.696
1.293
1.608
1.476
1.750
1.887
1.707
2.037
2.314
2.603
2.685
2.952
2.697
2.361
2.780
2.865
2.329
2.643
2.967
2.907
2.375
2.986
3.224
2.768
2.886
3.416
3.726
3.929
3.642
3.565
3.046
3.373
3.615
3.561
3.048
3.554
3.775
3.612
3.506
3.538
3.388
3.806
4.234
4.241
3.843
3.567
3.849
3.962
3.369
3.588
3.072
3.243
3.616
3.691
4.120
4.296
4.194
3.829
3.847
3.446
3.696
3.342
3.614
3.689
3.319
3.173
3.346
3.033
2.855
3.154
2.761
3.060
2.889
3.174
3.152
3.341
3.690
3.416
3.155
2.837
2.742
2.951
2.916
3.011
2.553
2.891
2.608
2.893
2.681
2.975
2.384
2.774
2.476
2.598
2.871
2.954
2.561
2.741
2.185
2.476
2.309
2.317
1.999
2.312
2.363
2.488
2.705
2.570
2.920
2.977
2.995
3.182
3.313
3.530
3.447
3.140
2.903
2.551
2.375
2.022
2.089
1.747
2.057
2.281
2.060
2.113
1.871
2.053
1.856
2.110
1.963
2.395
2.321
2.786
2.962
3.228
3.364
3.428
3.753
3.868
3.794
3.495
3.428
3.570
3.345
3.016
3.194
3.273
2.942
2.781
3.082
3.020
2.443
2.551
3.049
3.257
3.165
2.845
2.553
2.249
2.566
2.611
2.278
2.189
2.501
2.465
2.167
2.049
1.979
2.059
2.335
2.907
2.667
2.262
2.150
2.634
2.860
2.506
3.033
2.636
3.088
3.391
3.682
3.964
4.049
4.086
3.699
3.526
3.093
3.072
2.614
2.581
2.516
2.346
1.980
1.690
1.566
1.212
1.321
1.220
1.623
1.923
2.032
2.394
2.779
3.125
3.115
2.988
2.292
2.886
2.959
2.679
2.534
2.001
1.985
1.599
1.483
1.113
1.099
0.404
0.794
0.528
0.599
0.759
0.977
0.847
1.015
0.595
1.154
0.997
1.445
1.624
1.949
2.001
2.514
2.791
3.059
3.306
3.525
3.799
3.476
4.000
3.702
4.113
4.371
4.088
3.998
3.645
3.353
3.165
2.970
3.131
2.860
2.503
2.402
2.059
1.884
1.614
1.397
0.953
1.161
0.903
1.232
1.365
1.347
1.610
1.833
2.138
2.344
2.486
2.188
1.932
2.334
2.359
1.815
2.231
2.509
2.379
1.944
2.545
2.760
2.299
2.513
2.989
3.320
3.483
3.163
3.098
2.557
2.950
3.204
3.139
2.678
3.214
3.437
3.345
3.118
3.118
2.923
3.352
3.804
3.753
3.368
3.060
3.299
3.402
2.831
3.066
2.504
2.696
3.103
3.187
3.623
3.774
3.657
3.269
3.276
2.853
3.089
2.740
3.025
3.159
2.801
2.824
3.021
2.757
2.597
2.827
2.393
2.563
2.420
2.564
2.572
2.709
3.058
2.810
2.602
2.296
2.183
2.386
2.273
2.386
2.034
2.311
2.081
2.377
2.311
2.607
2.077
2.485
2.230
2.416
2.678
2.817
2.479
2.528
1.985
2.121
1.867
1.839
1.544
1.730
1.756
1.883
2.092
2.038
2.352
2.474
2.513
2.620
2.765
2.969
2.966
2.669
2.503
2.096
1.954
1.594
1.578
1.229
1.522
1.725
1.447
1.509
1.292
1.505
1.365
1.674
1.656
2.095
2.114
2.574
2.788
3.095
3.287
3.221
3.524
3.607
3.556
3.258
3.163
3.305
3.099
2.778
2.901
3.022
2.692
2.463
2.782
2.772
2.193
2.221
2.748
2.911
2.935
2.612
2.326
2.007
2.295
2.359
2.063
1.857
2.158
2.178
1.861
1.848
1.785
1.861
2.147
2.913
2.687
2.199
2.361
2.693
2.926
2.471
2.929
2.539
2.978
3.254
3.566
3.824
3.946
4.012
3.633
3.484
3.071
3.104
2.653
2.731
2.696
2.557
2.247
1.949
1.955
1.631
1.597
1.514
1.836
2.119
2.105
2.564
2.881
3.243
3.255
3.159
2.552
3.024
3.057
2.755
2.594
2.155
2.044
1.674
1.565
1.211
1.104
0.579
0.771
0.412
0.521
0.811
0.938
0.653
0.826
0.347
0.964
0.880
1.317
1.587
1.867
2.084
2.450
2.759
3.028
3.302
3.561
3.861
3.565
4.105
3.827
4.227
4.499
4.270
4.173
3.835
3.511
3.280
3.018
3.103
2.825
2.498
2.292
1.954
1.729
1.416
1.200
0.734
0.935
0.662
0.999
1.151
1.216
1.487
1.622
1.937
2.144
2.262
1.966
1.719
2.106
2.115
1.574
1.991
2.268
2.107
1.711
2.307
2.519
2.017
2.298
2.750
3.088
3.166
2.838
2.742
2.192
2.658
2.908
2.791
2.424
2.964
3.171
3.083
2.778
2.734
2.530
2.907
3.435
3.326
2.954
2.564
2.858
2.957
2.444
2.734
2.145
2.402
2.837
2.933
3.375
3.493
3.385
2.963
2.936
2.480
2.655
2.297
2.522
2.632
2.258
2.253
2.471
2.211
2.101
2.332
1.890
2.072
1.858
2.071
2.048
2.260
2.582
2.344
2.103
1.777
1.725
1.915
1.825
1.932
1.474
1.859
1.601
1.929
1.891
2.225
1.722
2.163
1.919
2.123
2.385
2.529
2.207
2.247
1.704
1.858
1.497
1.508
1.062
1.360
1.250
1.548
1.743
1.792
2.104
2.275
2.327
2.273
2.448
2.609
2.528
2.245
2.119
1.726
1.615
1.388
1.210
0.937
1.266
1.447
1.159
1.198
0.907
1.203
1.076
1.423
1.337
1.852
1.910
2.357
2.627
2.822
3.054
3.016
3.286
3.370
3.342
3.059
2.931
3.084
2.907
2.546
2.693
2.826
2.522
2.245
2.581
2.587
2.012
2.011
2.540
2.688
2.749
2.434
2.186
1.861
2.093
2.173
1.888
1.646
1.951
2.000
1.676
1.692
1.744
1.895
2.232
3.155
2.923
2.427
2.583
2.851
3.061
2.528
2.933
2.539
2.949
3.203
3.517
3.761
3.916
3.981
3.622
3.496
3.104
3.182
2.750
2.901
2.890
2.752
2.508
2.239
2.249
1.981
1.901
1.803
2.086
2.342
2.254
2.692
2.987
3.345
3.294
3.169
2.674
2.944
3.031
2.746
2.646
2.217
2.176
1.801
1.757
1.424
1.428
1.019
1.197
0.812
0.903
1.174
1.169
0.714
1.027
0.464
1.092
1.041
1.386
1.660
1.905
2.057
2.391
2.680
2.894
3.181
3.421
3.703
3.379
3.911
3.659
4.078
4.344
4.096
4.037
3.696
3.411
3.121
2.881
2.877
2.628
2.288
2.149
1.802
1.688
1.335
1.148
0.750
0.960
0.626
1.025
1.149
1.376
1.539
1.624
1.955
2.199
2.196
1.870
1.769
2.065
1.949
1.471
1.880
2.128
1.869
1.622
2.122
2.286
1.777
2.097
2.512
2.844
2.839
2.534
2.347
1.822
2.317
2.544
2.345
2.075
2.586
2.761
2.612
2.301
2.223
2.064
2.389
2.951
2.846
2.472
2.082
2.464
2.593
2.132
2.485
1.897
2.165
2.599
2.709
3.146
3.256
3.161
2.735
2.699
2.243
2.413
2.027
2.144
2.205
1.846
1.719
1.907
1.623
1.517
1.752
1.340
1.586
1.416
1.725
1.717
2.030
2.356
2.138
1.912
1.565
1.553
1.733
1.603
1.693
1.124
1.498
1.146
1.457
1.347
1.697
1.390
1.910
1.694
1.923
2.217
2.343
1.983
1.952
1.430
1.465
1.029
1.186
0.562
1.111
1.007
1.315
1.530
1.611
1.931
2.159
2.217
2.090
2.307
2.453
2.388
2.116
2.037
1.633
1.570
1.346
1.112
0.884
1.186
1.330
0.991
0.979
0.688
0.964
0.864
1.187
0.973
1.602
1.647
2.096
2.364
2.578
2.835
2.778
2.996
3.033
3.142
2.896
2.657
2.906
2.815
2.398
2.549
2.740
2.467
2.085
2.473
2.562
1.976
1.973
2.508
2.650
2.787
2.528
2.327
1.928
2.152
2.321
2.072
1.701
2.036
2.178
1.832
1.935
2.019
2.163
2.510
3.371
3.132
2.643
2.693
2.958
3.128
2.550
2.883
2.467
2.802
3.075
3.263
3.616
3.808
3.800
3.457
3.402
2.998
3.152
2.760
2.893
2.937
2.699
2.530
2.420
2.284
2.058
2.061
1.837
2.170
2.371
2.376
2.606
2.881
3.232
3.153
3.027
2.598
2.765
2.869
2.592
2.519
2.106
2.146
1.771
1.916
1.632
1.764
1.396
1.661
1.259
1.385
1.654
1.643
1.187
1.361
0.857
1.257
1.245
1.469
1.537
1.799
1.913
2.216
2.493
2.684
2.973
3.208
3.481
3.114
3.639
3.401
3.795
4.063
3.867
3.837
3.493
3.224
2.914
2.675
2.585
2.367
2.054
1.942
1.557
1.524
1.174
1.126
0.838
1.084
0.902
1.342
1.511
1.805
1.996
1.965
2.293
2.451
2.409
2.076
2.048
2.267
2.036
1.654
1.982
2.144
1.829
1.619
2.049
2.103
1.550
1.875
2.296
2.610
2.566
2.254
2.027
1.559
2.008
2.196
1.916
1.710
2.163
2.302
2.087
1.807
1.723
1.662
1.960
2.486
2.453
2.062
1.817
2.216
2.349
1.886
2.283
1.750
2.121
2.524
2.717
3.094
3.167
3.144
2.705
2.603
2.141
2.201
1.801
1.915
1.980
1.632
1.495
1.574
1.264
1.164
1.300
0.918
1.314
1.212
1.496
1.511
1.844
2.165
2.035
1.826
1.383
1.610
1.730
1.539
1.518
0.941
1.252
0.897
1.124
0.837
1.158
0.738
1.282
1.178
1.385
1.670
1.845
1.578
1.409
0.935
1.037
0.616
0.961
0.318
0.998
0.834
1.336
1.611
1.810
2.144
2.410
2.545
2.195
2.501
2.548
2.438
2.228
2.211
1.874
1.815
1.695
1.332
1.336
1.597
1.600
1.270
1.141
0.777
0.852
0.664
0.967
0.522
1.235
1.343
1.647
1.946
2.039
2.350
2.290
2.516
2.535
2.729
2.492
2.186
2.504
2.520
2.041
2.201
2.483
2.349
1.824
2.313
2.492
1.922
1.912
2.464
2.699
2.840
2.599
2.456
1.995
2.235
2.434
2.264
1.805
2.223
2.409
2.162
2.191
2.299
2.382
2.774
3.528
3.260
2.803
2.834
2.965
3.090
2.485
2.657
2.280
2.470
2.683
2.823
3.152
3.398
3.388
3.105
3.093
2.786
3.025
2.683
2.940
3.022
2.837
2.755
2.678
2.665
2.491
2.373
2.175
2.322
2.523
2.412
2.704
2.864
3.206
3.093
3.098
2.813
2.790
2.813
2.576
2.474
2.132
2.148
1.891
2.012
1.863
2.021
1.799
2.079
1.691
1.872
2.150
2.091
1.645
1.724
1.282
1.439
1.445
1.430
1.603
1.708
1.941
2.028
2.295
2.431
2.734
3.005
3.299
3.134
3.592
3.481
3.905
4.140
3.902
3.835
3.454
3.249
2.904
2.577
2.421
2.044
1.806
1.640
1.308
1.294
1.008
1.121
1.013
1.271
1.270
1.689
1.790
2.203
2.340
2.177
2.444
2.526
2.404
2.092
2.077
2.158
1.880
1.652
1.858
1.858
1.507
1.479
1.722
1.619
1.065
1.352
1.744
1.998
1.858
1.564
1.324
0.877
1.369
1.549
1.274
1.183
1.620
1.757
1.568
1.232
1.121
0.973
1.292
1.849
1.753
1.370
1.125
1.506
1.689
1.283
1.772
1.353
1.833
2.149
2.446
2.712
2.749
2.809
2.402
2.231
1.815
1.743
1.319
1.335
1.346
1.099
0.964
1.024
0.828
0.688
0.747
0.373
0.599
0.714
0.850
1.078
1.446
1.786
1.745
1.629
0.982
1.541
1.617
1.355
1.206
0.668
0.669
0.263
0.412
0.273
0.636
0.373
0.800
0.870
1.091
1.426
1.585
1.200
1.032
0.660
0.653
0.343
0.513
0.249
0.742
0.745
1.267
1.553
1.847
2.135
2.445
2.657
2.111
2.484
2.449
2.345
2.221
2.308
2.031
2.033
1.973
1.518
1.706
1.897
1.730
1.259
1.215
0.955
0.816
0.697
0.733
0.354
0.967
1.088
1.315
1.612
1.603
1.964
1.894
2.079
2.029
2.307
2.109
1.753
2.048
2.126
1.695
1.692
2.024
2.020
1.422
1.912
2.174
1.830
1.673
2.232
2.476
2.721
2.585
2.535
2.040
2.240
2.490
2.448
1.927
2.353
2.592
2.466
2.420
2.521
2.513
2.947
3.463
3.158
2.747
2.534
2.848
2.989
2.448
2.837
2.332
2.629
2.999
3.090
3.516
3.736
3.606
3.233
3.190
2.734
2.911
2.515
2.668
2.738
2.460
2.345
2.321
2.125
1.955
1.975
1.698
1.997
2.120
2.221
2.337
2.607
2.948
2.847
2.697
2.321
2.408
2.537
2.274
2.233
1.804
1.931
1.561
1.792
1.557
1.833
1.482
1.913
1.580
1.790
2.095
2.209
1.818
1.810
1.322
1.434
1.191
1.334
1.245
1.568
1.598
1.918
2.176
2.251
2.550
2.747
3.027
2.617
3.148
2.892
3.280
3.550
3.363
3.359
3.024
2.813
2.456
2.251
2.100
1.875
1.585
1.581
1.286
1.318
1.009
1.212
0.764
1.446
1.453
1.912
2.175
2.414
2.672
2.589
2.876
2.991
3.005
2.684
2.572
2.776
2.602
2.165
2.451
2.616
2.287
1.970
2.402
2.397
1.797
1.945
2.452
2.688
2.640
2.320
2.078
1.685
2.045
2.188
1.889
1.679
2.030
2.087
1.811
1.697
1.617
1.647
1.900
2.390
2.417
2.031
1.837
2.299
2.503
2.156
2.645
2.224
2.691
3.001
3.308
3.572
3.635
3.691
3.275
3.114
2.686
2.624
2.203
2.151
2.113
1.860
1.461
1.473
1.146
0.971
1.186
0.852
1.307
1.477
1.686
1.911
2.299
2.633
2.551
2.429
1.751
2.293
2.412
2.194
2.068
1.462
1.557
1.147
1.170
0.808
1.010
0.341
0.714
0.560
0.747
1.068
1.237
0.973
0.951
0.534
0.957
0.634
1.066
0.815
1.513
1.519
2.054
2.353
2.599
2.912
3.161
3.325
2.928
3.255
3.253
3.098
2.944
2.923
2.668
2.580
2.521
2.134
2.075
2.360
2.413
2.034
1.854
1.527
1.377
1.047
1.021
0.401
1.066
0.942
1.222
1.436
1.447
1.797
1.858
2.154
2.262
2.448
2.197
1.874
2.278
2.320
1.831
2.110
2.393
2.276
1.800
2.365
2.539
1.937
2.132
2.637
2.937
3.046
2.742
2.561
2.111
2.440
2.667
2.466
2.103
2.601
2.787
2.640
2.399
2.402
2.338
2.756
3.331
3.016
2.640
2.336
2.638
2.757
2.226
2.606
2.073
2.361
2.757
2.855
3.278
3.487
3.335
2.936
2.904
2.439
2.631
2.235
2.407
2.500
2.194
2.134
2.189
1.957
1.849
1.868
1.555
1.796
1.843
1.977
2.046
2.305
2.637
2.491
2.267
1.950
1.923
2.098
1.922
1.924
1.476
1.687
1.334
1.624
1.467
1.784
1.553
2.013
1.722
1.961
2.291
2.375
2.015
1.898
1.433
1.417
1.100
1.171
0.951
1.306
1.266
1.589
1.778
1.790
2.078
2.215
2.480
2.140
2.631
2.419
2.819
3.081
2.880
2.866
2.519
2.312
1.972
1.730
1.541
1.359
1.140
1.250
0.990
1.089
0.810
1.083
0.747
1.465
1.594
2.014
2.320
2.543
2.803
2.697
2.936
3.020
3.081
2.781
2.606
2.809
2.624
2.236
2.444
2.556
2.243
1.967
2.306
2.319
1.720
1.782
2.316
2.522
2.530
2.206
1.972
1.619
1.898
2.020
1.728
1.476
1.838
1.870
1.576
1.510
1.503
1.621
1.935
2.242
2.359
2.009
2.096
2.408
2.639
2.178
2.612
2.224
2.709
2.972
3.315
3.532
3.623
3.745
3.349
3.202
2.819
2.786
2.343
2.433
2.402
2.246
1.969
1.775
1.627
1.336
1.449
1.239
1.574
1.828
1.793
2.267
2.578
2.937
2.923
2.832
2.214
2.706
2.757
2.468
2.303
1.877
1.739
1.372
1.245
0.919
0.838
0.260
0.496
0.324
0.374
0.655
0.758
0.539
0.720
0.308
0.757
0.566
1.011
1.042
1.574
1.850
2.183
2.522
2.783
3.084
3.340
3.537
3.180
3.573
3.588
3.513
3.363
3.400
3.052
3.018
2.850
2.512
2.365
2.631
2.664
2.279
2.048
1.683
1.439
1.165
0.907
0.371
0.841
0.664
0.960
1.055
1.104
1.319
1.540
1.844
2.034
2.196
1.888
1.655
2.070
2.090
1.574
1.891
2.159
2.033
1.566
2.133
2.341
1.757
2.018
2.485
2.805
2.892
2.590
2.418
1.963
2.322
2.563
2.378
2.043
2.560
2.755
2.640
2.353
2.337
2.206
2.638
3.090
2.767
2.419
2.051
2.335
2.436
1.916
2.287
1.735
2.034
2.447
2.591
3.010
3.153
3.058
2.633
2.561
2.090
2.283
1.888
2.058
2.157
1.820
1.798
1.929
1.677
1.644
1.693
1.306
1.521
1.448
1.625
1.652
1.925
2.244
2.121
1.902
1.586
1.505
1.711
1.542
1.551
1.071
1.368
1.043
1.365
1.313
1.651
1.565
2.001
1.784
2.047
2.396
2.437
2.104
1.888
1.443
1.321
0.960
0.939
0.593
0.971
0.865
1.266
1.404
1.428
1.666
1.757
1.988
1.577
2.093
1.883
2.291
2.547
2.344
2.340
2.009
1.839
1.443
1.215
1.082
0.980
0.851
1.017
0.670
0.815
0.583
0.904
0.732
1.405
1.634
2.006
2.334
2.560
2.814
2.664
2.860
2.908
2.985
2.705
2.490
2.675
2.580
2.145
2.324
2.516
2.308
1.823
2.253
2.428
1.852
1.831
2.387
2.503
2.621
2.329
2.114
1.771
1.976
2.068
1.775
1.526
1.806
1.835
1.430
1.644
1.727
1.848
2.191
2.366
2.549
2.206
2.426
2.665
2.913
2.431
2.801
2.416
2.798
3.037
3.321
3.567
3.721
3.824
3.464
3.378
3.030
3.095
2.651
2.796
2.757
2.658
2.390
2.146
2.085
1.804
1.838
1.670
1.945
2.213
2.099
2.678
2.951
3.312
3.241
3.197
2.664
2.968
3.027
2.739
2.622
2.242
2.096
1.719
1.574
1.203
1.131
0.736
0.614
0.269
0.252
0.552
0.574
0.304
0.592
0.305
0.877
0.930
1.295
1.472
1.812
2.115
2.311
2.640
2.834
3.095
3.318
3.555
3.333
3.698
3.803
3.778
3.624
3.621
3.228
3.230
2.963
2.675
2.487
2.722
2.728
2.327
2.085
1.679
1.505
1.116
1.064
0.772
0.790
0.455
0.753
0.808
0.884
1.087
1.291
1.598
1.846
1.962
1.647
1.462
1.885
1.899
1.360
1.785
2.028
1.725
1.506
1.949
2.056
1.494
1.800
2.231
2.562
2.629
2.310
2.168
1.708
2.098
2.346
2.181
1.878
2.403
2.603
2.517
2.199
2.170
1.978
2.421
3.340
2.966
2.657
2.157
2.441
2.449
2.085
2.343
1.739
1.952
2.416
2.402
2.913
2.975
2.845
2.408
2.376
1.900
2.079
1.774
1.960
2.082
1.704
1.742
2.024
1.810
1.708
2.004
1.600
1.727
1.328
1.553
1.458
1.604
1.897
1.634
1.388
1.082
1.001
1.192
1.151
1.329
0.894
1.422
1.324
1.722
1.849
2.223
2.214
2.647
2.536
2.802
3.141
3.218
2.876
2.640
2.215
2.028
1.646
1.504
0.882
1.100
0.729
1.054
1.127
1.219
1.414
1.507
1.704
1.286
1.821
1.556
1.940
2.213
1.980
1.931
1.602
1.358
1.040
0.943
0.864
0.758
0.614
0.804
0.414
1.005
1.145
1.467
1.506
2.090
2.374
2.727
3.062
3.312
3.555
3.352
3.509
3.504
3.562
3.300
3.059
3.179
3.078
2.718
2.757
2.921
2.688
2.317
2.611
2.699
2.180
2.032
2.557
2.547
2.759
2.546
2.374
2.042
2.111
2.225
1.972
1.656
1.911
2.010
1.578
1.923
2.063
2.197
2.536
2.628
2.832
2.483
2.839
3.020
3.258
2.755
3.073
2.779
3.215
3.392
3.722
3.895
4.032
4.221
3.885
3.760
3.406
3.451
3.022
3.229
3.194
3.140
2.886
2.609
2.631
2.342
2.325
2.212
2.429
2.689
2.502
3.141
3.373
3.731
3.711
3.722
3.172
3.569
3.578
3.271
3.085
2.693
2.476
2.150
1.970
1.646
1.483
1.236
1.098
0.741
0.556
0.768
0.491
0.364
0.871
0.765
1.237
1.436
1.703
1.969
2.294
2.636
2.861
3.225
3.467
3.720
3.953
4.241
3.918
4.333
4.386
4.354
4.243
4.280
3.907
3.915
3.680
3.371
3.226
3.451
3.402
3.020
2.732
2.336
2.052
1.693
1.477
1.084
1.001
0.546
0.820
0.691
0.887
0.840
1.210
1.543
1.863
1.878
1.519
1.504
1.843
1.717
1.247
1.749
1.995
1.711
1.603
2.087
2.241
1.840
2.203
2.514
2.869
2.942
2.589
2.471
2.107
2.529
2.817
2.673
2.446
2.976
3.196
3.132
2.762
2.655
2.337
2.736
2.762
2.399
2.092
1.600
1.922
1.975
1.538
1.877
1.296
1.626
2.069
2.168
2.615
2.668
2.590
2.155
2.069
1.581
1.738
1.361
1.549
1.640
1.284
1.285
1.480
1.274
1.298
1.393
0.952
1.120
0.894
1.105
1.114
1.362
1.671
1.438
1.193
0.880
0.854
1.021
0.936
0.987
0.508
0.907
0.729
1.096
1.206
1.573
1.679
2.070
1.933
2.207
2.565
2.569
2.241
1.970
1.550
1.347
0.972
0.839
0.265
0.647
0.301
0.827
0.970
1.123
1.311
1.432
1.658
1.332
1.843
1.603
2.033
2.287
1.986
1.896
1.566
1.271
1.005
0.875
1.057
0.882
0.510
0.681
0.313
0.633
0.546
0.868
0.889
1.458
1.766
2.084
2.426
2.651
2.895
2.706
2.859
2.870
2.959
2.701
2.453
2.613
2.545
2.137
2.240
2.441
2.256
1.768
2.156
2.344
1.811
1.696
2.260
2.367
2.558
2.330
2.171
1.792
1.932
2.081
1.841
1.485
1.774
1.915
1.554
1.787
1.923
1.992
2.411
2.520
2.698
2.325
2.615
2.803
3.007
2.474
2.738
2.396
2.771
2.964
3.253
3.471
3.636
3.765
3.432
3.349
3.027
3.118
2.727
2.958
2.944
2.867
2.651
2.422
2.428
2.176
2.137
1.993
2.202
2.437
2.246
2.841
3.029
3.379
3.307
3.317
2.882
3.101
3.114
2.830
2.692
2.309
2.175
1.864
1.733
1.431
1.340
1.139
1.098
0.685
0.771
1.085
0.905
0.485
0.765
0.515
1.021
1.174
1.409
1.647
1.882
2.192
2.351
2.708
2.907
3.145
3.358
3.632
3.404
3.790
3.891
3.883
3.763
3.777
3.389
3.421
3.125
2.830
2.662
2.871
2.841
2.445
2.180
1.766
1.511
1.180
1.102
0.722
0.754
0.395
0.712
0.788
1.081
1.245
1.283
1.614
1.875
1.841
1.542
1.444
1.755
1.552
1.155
1.584
1.754
1.400
1.350
1.745
1.782
1.309
1.663
2.031
2.367
2.360
2.017
1.886
1.483
1.933
2.189
2.045
1.805
2.326
2.530
2.478
2.119
2.011
1.712
2.114
2.029
1.717
1.379
1.063
1.430
1.603
1.195
1.728
1.331
1.796
2.094
2.378
2.660
2.710
2.741
2.325
2.189
1.710
1.735
1.279
1.319
1.317
1.085
0.945
0.928
0.704
0.621
0.619
0.363
0.540
0.686
0.779
0.958
1.327
1.640
1.536
1.358
0.852
1.170
1.290
1.086
1.045
0.377
0.650
0.274
0.344
0.261
0.635
0.813
1.150
1.194
1.467
1.808
1.827
1.458
1.202
0.770
0.696
0.283
0.450
0.389
0.740
0.451
1.139
1.292
1.533
1.713
1.862
2.097
1.780
2.281
2.003
2.437
2.679
2.361
2.257
1.924
1.615
1.440
1.313
1.561
1.350
0.914
1.130
0.698
0.838
0.834
0.715
0.781
1.025
1.290
1.467
1.782
1.848
2.143
2.026
2.133
2.087
2.326
2.112
1.798
2.011
2.082
1.648
1.652
1.977
1.986
1.391
1.873
2.129
1.795
1.641
2.217
2.459
2.714
2.545
2.568
2.090
2.223
2.479
2.508
1.953
2.380
2.627
2.389
2.582
2.721
2.543
3.077
3.213
3.344
2.935
2.986
3.032
3.116
2.501
2.613
2.260
2.441
2.650
2.798
3.108
3.321
3.356
3.064
3.064
2.781
3.001
2.715
3.057
3.187
3.032
3.063
3.063
3.033
2.956
2.831
2.530
2.582
2.749
2.546
2.845
2.879
3.242
3.090
3.126
2.881
2.812
2.820
2.602
2.431
2.233
2.246
2.115
2.235
2.161
2.247
2.074
2.083
1.671
1.702
1.999
1.750
1.425
1.721
1.383
1.686
1.805
1.629
1.819
1.814
2.033
2.013
2.338
2.436
2.612
2.757
2.997
2.988
3.306
3.473
3.538
3.402
3.359
2.957
2.942
2.620
2.389
2.102
2.327
2.370
1.974
1.813
1.436
1.274
1.172
1.295
1.226
1.449
1.280
1.583
1.530
1.951
1.947
2.006
2.305
2.517
2.336
2.039
2.111
2.174
1.842
1.676
1.802
1.793
1.450
1.465
1.675
1.535
0.989
1.263
1.656
1.916
1.804
1.497
1.250
0.812
1.292
1.480
1.197
1.149
1.574
1.717
1.585
1.220
1.130
0.905
1.335
2.821
2.447
2.240
1.683
2.244
2.354
2.071
2.509
1.996
2.329
2.720
2.902
3.292
3.397
3.363
2.939
2.830
2.364
2.342
1.977
1.861
1.822
1.517
1.131
1.287
0.970
0.750
1.143
0.850
1.262
1.133
1.523
1.493
1.920
2.210
2.040
1.880
1.249
1.720
1.868
1.727
1.694
0.983
1.420
1.059
1.307
1.122
1.456
1.260
1.698
1.511
1.763
2.099
2.195
1.873
1.704
1.249
1.232
0.860
1.028
0.745
1.216
1.065
1.596
1.824
1.970
2.218
2.381
2.611
2.188
2.731
2.414
2.795
3.068
2.853
2.776
2.398
2.171
1.962
1.826
1.826
1.655
1.409
1.386
0.997
1.065
0.761
1.005
0.592
1.334
1.467
1.863
2.172
2.357
2.632
2.543
2.774
2.865
2.954
2.664
2.449
2.685
2.610
2.136
2.362
2.578
2.404
1.887
2.377
2.582
1.995
2.031
2.591
2.837
2.990
2.729
2.599
2.127
2.382
2.580
2.429
1.964
2.395
2.584
2.328
2.354
2.429
2.382
2.838
3.111
3.220
2.826
2.831
3.058
3.230
2.643
2.940
2.516
2.854
3.138
3.382
3.676
3.834
3.889
3.517
3.450
3.075
3.195
2.815
3.032
3.083
2.871
2.762
2.711
2.535
2.383
2.408
2.110
2.342
2.527
2.443
2.765
3.002
3.347
3.238
3.142
2.749
2.867
2.973
2.705
2.634
2.274
2.263
1.947
1.998
1.774
1.881
1.484
1.633
1.270
1.307
1.580
1.559
1.192
1.472
0.938
1.357
1.331
1.510
1.473
1.847
2.107
2.276
2.588
2.744
3.014
3.229
3.415
3.266
3.587
3.723
3.694
3.499
3.463
3.058
3.034
2.767
2.504
2.269
2.526
2.594
2.186
1.996
1.603
1.520
1.154
1.209
0.924
1.234
1.030
1.490
1.594
1.868
1.948
2.110
2.442
2.641
2.582
2.277
2.203
2.452
2.251
1.845
2.151
2.305
2.016
1.761
2.185
2.256
1.661
1.921
2.393
2.702
2.739
2.434
2.219
1.771
2.165
2.391
2.153
1.887
2.386
2.563
2.415
2.109
1.975
1.794
2.097
3.337
3.013
2.642
2.300
2.737
2.879
2.377
2.803
2.300
2.621
3.008
3.192
3.580
3.727
3.659
3.238
3.147
2.680
2.826
2.421
2.510
2.507
2.205
1.890
1.928
1.624
1.410
1.653
1.347
1.798
1.822
2.099
2.147
2.476
2.807
2.690
2.456
1.973
2.160
2.321
2.147
2.128
1.571
1.814
1.423
1.670
1.404
1.702
1.349
1.817
1.515
1.738
2.050
2.192
1.849
1.783
1.308
1.397
1.082
1.292
1.106
1.516
1.444
1.887
2.137
2.305
2.553
2.687
2.890
2.393
2.939
2.612
2.986
3.263
3.071
3.070
2.680
2.526
2.223
2.115
2.098
1.963
1.693
1.646
1.298
1.330
1.014
1.230
0.739
1.466
1.505
1.935
2.218
2.391
2.675
2.627
2.894
3.014
3.089
2.786
2.580
2.840
2.756
2.275
2.548
2.756
2.564
2.070
2.570
2.755
2.151
2.248
2.790
3.048
3.182
2.891
2.739
2.277
2.557
2.753
2.580
2.141
2.580
2.757
2.452
2.468
2.512
2.479
2.903
3.229
3.325
2.922
2.877
3.152
3.336
2.760
3.090
2.643
2.985
3.299
3.540
3.850
3.995
4.032
3.642
3.571
3.171
3.284
2.896
3.074
3.121
2.873
2.716
2.725
2.479
2.321
2.410
2.077
2.369
2.500
2.516
2.774
3.044
3.388
3.277
3.129
2.718
2.847
2.986
2.732
2.680
2.280
2.313
1.964
2.056
1.802
1.915
1.255
1.493
1.166
1.222
1.486
1.593
1.284
1.550
1.015
1.473
1.368
1.605
1.449
1.920
2.116
2.338
2.643
2.791
3.079
3.300
3.448
3.305
3.601
3.737
3.690
3.463
3.409
3.005
2.945
2.709
2.469
2.212
2.497
2.604
2.203
2.045
1.679
1.610
1.289
1.350
0.980
1.408
1.201
1.646
1.793
1.960
2.082
2.289
2.615
2.854
2.821
2.520
2.395
2.681
2.517
2.087
2.396
2.575
2.297
1.988
2.439
2.532
1.928
2.156
2.649
2.951
3.004
2.693
2.491
2.044
2.406
2.626
2.385
2.088
2.576
2.747
2.576
2.312
2.285
2.208
2.581
3.588
3.296
2.878
2.672
3.044
3.199
2.687
3.109
2.613
2.938
3.312
3.506
3.883
4.040
3.980
3.566
3.479
3.017
3.166
2.763
2.864
2.910
2.633
2.466
2.394
2.174
1.962
2.029
1.766
2.150
2.283
2.402
2.538
2.843
3.186
3.101
2.888
2.476
2.598
2.753
2.528
2.485
1.986
2.145
1.751
1.942
1.646
1.872
1.441
1.851
1.527
1.707
1.980
2.140
1.802
1.856
1.330
1.575
1.330
1.572
1.467
1.838
1.831
2.219
2.472
2.627
2.886
3.025
3.238
2.745
3.271
2.983
3.326
3.607
3.463
3.485
3.107
2.967
2.618
2.455
2.362
2.247
2.001
1.956
1.613
1.621
1.299
1.462
0.947
1.603
1.539
1.993
2.238
2.403
2.672
2.682
2.985
3.137
3.193
2.878
2.689
2.971
2.876
2.396
2.695
2.915
2.706
2.244
2.750
2.914
2.303
2.449
2.984
3.256
3.360
3.051
2.865
2.405
2.733
2.929
2.690
2.335
2.767
2.884
2.581
2.506
2.489
2.529
2.855
3.249
3.333
2.938
2.850
3.220
3.413
2.861
3.220
2.750
3.087
3.434
3.669
3.996
4.127
4.140
3.731
3.657
3.232
3.341
2.938
3.081
3.107
2.828
2.535
2.566
2.245
2.069
2.236
1.907
2.320
2.422
2.564
2.748
3.050
3.386
3.272
3.066
2.644
2.777
2.931
2.719
2.693
2.210
2.346
1.965
2.059
1.724
1.843
1.129
1.476
1.201
1.362
1.598
1.751
1.528
1.686
1.168
1.610
1.396
1.709
1.402
1.983
2.064
2.372
2.662
2.798
3.103
3.328
3.433
3.296
3.560
3.695
3.621
3.367
3.280
2.895
2.795
2.579
2.377
2.114
2.424
2.572
2.188
2.069
1.747
1.697
1.378
1.518
0.988
1.621
1.436
1.860
2.049
2.137
2.293
2.522
2.841
3.040
3.090
2.799
2.589
2.936
2.807
2.358
2.662
2.858
2.598
2.230
2.701
2.813
2.202
2.390
2.903
3.192
3.265
2.951
2.751
2.318
2.644
2.854
2.607
2.284
2.753
2.916
2.711
2.500
2.491
2.468
2.855
3.750
3.470
3.031
2.897
3.272
3.442
2.928
3.352
2.870
3.210
3.567
3.781
4.138
4.298
4.257
3.850
3.759
3.305
3.443
3.042
3.130
3.159
2.904
2.702
2.574
2.386
2.135
2.202
1.974
2.367
2.566
2.628
2.827
3.136
3.484
3.410
3.233
2.768
2.972
3.106
2.841
2.784
2.296
2.408
2.011
2.140
1.822
1.970
1.460
1.834
1.504
1.637
1.866
2.039
1.710
1.877
1.312
1.706
1.482
1.800
1.768
2.108
2.142
2.518
2.780
2.958
3.239
3.449
3.700
3.190
3.693
3.409
3.742
4.023
3.894
3.934
3.546
3.407
3.088
2.906
2.815
2.653
2.333
2.252
1.912
1.881
1.554
1.636
1.141
1.706
1.537
1.999
2.194
2.355
2.557
2.664
2.998
3.183
3.205
2.878
2.733
3.022
2.893
2.434
2.758
2.983
2.734
2.348
2.841
2.967
2.361
2.572
3.083
3.371
3.410
3.095
2.890
2.404
2.813
3.011
2.764
2.457
2.915
3.064
2.825
2.625
2.575
2.546
2.863
3.345
3.358
2.959
2.727
3.137
3.308
2.827
3.226
2.731
3.069
3.451
3.660
4.020
4.128
4.115
3.686
3.604
3.154
3.232
2.824
2.905
2.932
2.608
2.339
2.441
2.112
1.941
2.188
1.816
2.223
2.177
2.483
2.534
2.883
3.204
3.045
2.825
2.370
2.558
2.711
2.562
2.556
1.958
2.226
1.828
2.026
1.722
1.976
1.295
1.675
1.424
1.617
1.826
2.033
1.876
1.962
1.424
1.729
1.432
1.731
1.234
1.939
1.866
2.288
2.558
2.688
3.011
3.244
3.308
3.146
3.381
3.499
3.354
3.115
2.982
2.649
2.508
2.344
2.149
1.925
2.254
2.418
2.078
1.998
1.673
1.707
1.402
1.620
1.065
1.800
1.712
2.140
2.380
2.392
2.645
2.823
3.133
3.255
3.332
3.051
2.825
3.151
3.061
2.594
2.880
3.079
2.842
2.418
2.905
3.037
2.422
2.570
3.097
3.370
3.452
3.134
2.931
2.501
2.812
3.008
2.752
2.418
2.858
3.008
2.746
2.613
2.618
2.649
3.016
4.014
3.745
3.298
3.189
3.584
3.761
3.255
3.685
3.209
3.553
3.905
4.123
4.476
4.637
4.600
4.194
4.102
3.648
3.780
3.373
3.450
3.468
3.217
2.992
2.833
2.642
2.368
2.456
2.247
2.653
2.874
2.938
3.150
3.470
3.817
3.746
3.556
3.074
3.292
3.436
3.177
3.122
2.614
2.735
2.335
2.433
2.100
2.197
1.603
1.965
1.656
1.740
1.907
2.076
1.739
2.058
1.472
1.985
1.767
2.129
2.101
2.449
2.474
2.860
3.120
3.291
3.570
3.772
4.018
3.593
4.135
3.843
4.223
4.499
4.307
4.293
3.928
3.715
3.402
3.229
3.157
2.976
2.661
2.590
2.252
2.222
1.895
1.942
1.464
1.947
1.687
2.125
2.261
2.431
2.521
2.743
3.072
3.316
3.318
2.990
2.877
3.174
3.033
2.583
2.940
3.169
2.881
2.581
3.062
3.164
2.577
2.837
3.318
3.618
3.623
3.314
3.104
2.603
3.055
3.261
3.010
2.735
3.208
3.358
3.139
2.890
2.814
2.761
3.048
3.582
3.547
3.161
2.830
3.274
3.422
2.974
3.379
2.842
3.186
3.597
3.765
4.164
4.254
4.207
3.767
3.686
3.219
3.288
2.895
2.966
2.988
2.637
2.370
2.514
2.185
1.948
2.330
1.951
2.347
2.194
2.572
2.549
2.907
3.205
2.983
2.750
2.346
2.466
2.630
2.555
2.592
1.947
2.337
1.951
2.213
1.935
2.238
1.519
2.006
1.821
2.044
2.271
2.486
2.251
2.307
1.771
2.025
1.667
1.947
1.359
2.079
1.865
2.357
2.591
2.700
3.030
3.243
3.269
3.116
3.303
3.411
3.208
2.969
2.776
2.503
2.312
2.192
2.011
1.849
2.188
2.368
2.102
2.078
1.735
1.877
1.624
1.896
1.374
2.132
2.052
2.483
2.715
2.786
3.080
3.167
3.475
3.567
3.676
3.397
3.159
3.481
3.403
2.938
3.195
3.408
3.177
2.733
3.218
3.365
2.749
2.856
3.392
3.642
3.755
3.435
3.222
2.805
3.107
3.291
3.021
2.684
3.090
3.232
2.911
2.858
2.864
2.929
3.275
3.798
3.563
3.087
3.151
3.536
3.747
3.262
3.710
3.288
3.693
3.988
4.275
4.557
4.704
4.739
4.355
4.229
3.803
3.875
3.435
3.510
3.483
3.300
3.007
2.723
2.646
2.318
2.356
2.249
2.616
2.896
2.908
3.263
3.604
3.954
3.909
3.716
3.175
3.486
3.618
3.351
3.275
2.751
2.812
2.425
2.368
2.022
1.953
1.269
1.518
1.249
1.224
1.338
1.532
1.344
1.706
1.179
1.843
1.681
2.101
2.257
2.584
2.641
3.058
3.327
3.519
3.795
4.001
4.251
3.829
4.374
4.070
4.450
4.727
4.526
4.504
4.130
3.915
3.622
3.450
3.415
3.220
2.907
2.815
2.471
2.385
2.054
1.932
1.465
1.790
1.462
1.833
1.913
1.955
2.061
2.402
2.721
2.973
3.067
2.738
2.573
2.944
2.893
2.375
2.803
3.066
2.842
2.518
3.055
3.236
2.688
2.972
3.425
3.751
3.825
3.513
3.363
2.826
3.277
3.513
3.324
2.984
3.501
3.689
3.483
3.218
3.122
3.053
3.312
3.885
3.811
3.439
3.031
3.497
3.625
3.133
3.456
2.874
3.142
3.574
3.671
4.117
4.233
4.122
3.701
3.672
3.212
3.366
3.001
3.128
3.144
2.776
2.514
2.690
2.370
2.131
2.552
2.194
2.574
2.331
2.739
2.672
2.966
3.248
2.950
2.690
2.368
2.353
2.547
2.530
2.641
2.064
2.535
2.187
2.475
2.237
2.558
1.936
2.437
2.218
2.418
2.669
2.829
2.535
2.612
2.068
2.328
1.982
2.122
1.605
2.085
1.927
2.286
2.470
2.473
2.794
2.921
2.925
2.956
3.065
3.239
2.996
2.745
2.455
2.246
1.990
1.817
1.798
1.504
1.845
2.068
1.862
1.935
1.642
1.920
1.699
2.022
1.708
2.375
2.304
2.752
2.988
3.152
3.371
3.437
3.759
3.908
3.923
3.635
3.453
3.716
3.571
3.154
3.361
3.534
3.249
2.881
3.289
3.364
2.761
2.804
3.346
3.536
3.614
3.302
3.065
2.702
2.961
3.069
2.788
2.509
2.838
2.890
2.537
2.589
2.623
2.758
3.085
3.974
3.756
3.292
3.342
3.760
3.988
3.542
4.011
3.596
4.013
4.310
4.600
4.881
5.017
5.058
4.668
4.532
4.102
4.151
3.703
3.744
3.699
3.527
3.192
2.882
2.795
2.440
2.519
2.429
2.811
3.107
3.149
3.534
3.884
4.240
4.197
4.003
3.445
3.777
3.909
3.651
3.574
3.035
3.073
2.681
2.597
2.238
2.132
1.395
1.611
1.341
1.340
1.399
1.618
1.555
1.896
1.459
2.103
1.946
2.388
2.555
2.887
2.938
3.368
3.635
3.825
4.100
4.300
4.544
4.103
4.649
4.333
4.702
4.981
4.791
4.778
4.394
4.197
3.906
3.748
3.708
3.522
3.214
3.126
2.781
2.707
2.374
2.257
1.778
2.074
1.735
2.085
2.109
2.079
2.135
2.582
2.913
3.171
3.300
2.964
2.800
3.199
3.182
2.647
3.097
3.368
3.162
2.826
3.385
3.572
3.044
3.327
3.777
4.106
4.190
3.875
3.731
3.195
3.645
3.883
3.699
3.347
3.841
4.010
3.788
3.587
3.535
3.451
3.748
4.300
4.221
3.852
3.403
3.815
3.913
3.472
3.793
3.198
3.453
3.891
3.961
4.424
4.526
4.407
3.981
3.954
3.486
3.619
3.274
3.408
3.462
3.072
2.915
3.113
2.801
2.546
3.001
2.654
2.944
2.640
2.996
2.908
3.189
3.436
3.145
2.864
2.549
2.497
2.692
2.749
2.896
2.303
2.835
2.521
2.843
2.662
2.957
2.301
2.741
2.500
2.691
2.934
3.104
2.829
2.910
2.366
2.651
2.340
2.490
1.953
2.423
2.173
2.577
2.713
2.680
3.019
3.072
3.023
3.123
3.163
3.336
3.112
2.839
2.528
2.297
2.041
1.802
1.883
1.669
1.990
2.234
2.116
2.233
1.900
2.257
2.059
2.383
2.010
2.698
2.613
3.057
3.290
3.436
3.658
3.742
4.065
4.214
4.234
3.945
3.758
4.055
3.910
3.476
3.707
3.870
3.573
3.233
3.626
3.677
3.076
3.118
3.657
3.825
3.892
3.570
3.314
2.984
3.238
3.309
3.010
2.789
3.086
3.088
2.727
2.793
2.808
2.944
3.257
