0.00000
0.00000
0.00000
0.00000
0.00000
0.00000
0.00000
0.00000
0.00000
0.00000
0.00000
0.00000
0.00000
0.00000
0.00000
0.00000
0.00000
0.00000
0.00000
0.00000
0.52457
0.58374
0.50649
0.45451
0.00000
0.00000
0.00000
0.00000
0.00000
0.00000
0.00000
0.00000
0.00000
0.00000
0.00000
0.00000
0.00000
0.00000
0.00000
0.00000
0.00000
0.00000
0.00000
0.58250
0.64332
0.56770
0.51065
0.00000
0.00000
0.00000
0.00000
0.00000
0.00000
0.00000
0.00000
0.00000
0.00000
0.00000
0.00000
0.00000
0.00000
0.00000
0.00000
0.00000
0.00000
0.47050
0.52761
0.45441
0.40067
0.00000
0.00000
0.00000
0.00000
0.00000
0.00000
0.00000
0.00000
0.00000
0.00000
0.00000
0.00000
0.00000
0.00000
0.00000
0.00000
0.00000
0.47972
0.54169
0.46417
0.41333
0.00000
0.00000
0.00000
0.00000
0.00000
0.00000
0.00000
0.00000
0.00000
0.00000
0.00000
0.00000
0.00000
0.00000
0.00000
0.00000
0.44767
0.51158
0.43088
0.38167
0.00000
0.00000
0.00000
0.00000
0.00000
0.00000
0.00000
0.00000
0.00000
0.00000
0.00000
0.00000
0.00000
0.00000
0.00000
0.45127
0.51226
0.43544
0.38415
0.00000
0.00000
0.00000
0.00000
0.00000
0.00000
0.00000
0.00000
0.00000
0.00000
0.00000
0.00000
0.00000
0.00000
0.48752
0.54614
0.47167
0.41748
0.00000
0.00000
0.00000
0.00000
0.00000
0.00000
0.00000
0.00000
0.00000
0.00000
0.00000
0.00000
0.00000
0.55153
0.61347
0.53235
0.47994
0.00000
0.00000
0.00000
0.00000
0.00000
0.00000
0.00000
0.00000
0.00000
0.00000
0.00000
0.00000
0.44618
0.51074
0.42792
0.37975
0.00000
0.00000
0.00000
0.00000
0.00000
0.00000
0.00000
0.00000
0.00000
0.00000
0.00000
0.48601
0.54689
0.47111
0.41868
0.00000
0.00000
0.00000
0.00000
0.00000
0.00000
0.00000
0.00000
0.00000
0.00000
0.45517
0.51525
0.44094
0.38600
0.00000
0.00000
0.00000
0.00000
0.00000
0.00000
0.00000
0.00000
0.00000
0.51017
0.57021
0.49027
0.44131
0.00000
0.00000
0.00000
0.00000
0.00000
0.00000
0.00000
0.00000
0.59196
0.65087
0.57567
0.52069
0.00000
0.00000
0.00000
0.00000
0.00000
0.00000
0.00000
0.44932
0.51021
0.43159
0.38028
0.00000
0.00000
0.00000
0.00000
0.00000
0.00000
0.44502
0.50811
0.43066
0.38099
0.00000
0.00000
0.00000
0.00000
0.00000
0.54293
0.60726
0.52646
0.47719
0.00000
0.00000
0.00000
0.00000
0.53606
0.59501
0.51984
0.46687
0.00000
0.00000
0.00000
0.44658
0.50494
0.43312
0.37736
0.00000
0.00000
0.44912
0.51255
0.43362
0.38204
0.00000
0.50220
0.56216
0.48392
0.43064
0.00000
0.00000
0.00000
0.00000
0.00000
0.00000
0.00000
0.00000
0.00000
0.00000
