46
47
48
49
50
51
52
53
54
56
58
88
90
306
307
308
309
310
311
312
313
314
315
316
346
348
471
564
566
567
570
572
604
605
606
705
724
729
731
830
862
864
931
945
947
949
951
961
963
965
987
988
989
990
991
1120
1149
1184
1186
1187
1188
1189
1190
1191
1192
1198
1203
1204
1205
1206
1207
1208
1209
1210
1211
1217
1218
1219
1220
1221
1222
1223
1246
1247
1248
1249
1376
1378
1447
1465
1467
1468
1469
1470
1475
1477
1479
1505
1507
1509
1634
1636
1723
1724
1725
1726
1727
1728
1729
1730
1731
1732
1733
1734
1735
1765
1766
1767
1865
1866
1868
1888
1890
1891
1892
1893
1894
1983
1984
1985
1986
1987
1988
1989
1990
1991
1992
2023
2024
2025
2026
2027
2028
2124
2126
2143
2144
2145
2146
2147
2148
2243
2244
2245
2246
2247
2248
2249
2283
2284
2285
2286
2287
2352
2359
2360
2362
2364
2365
2366
2380
2381
2382
2383
2384
2385
2386
2401
2403
2404
2405
2406
2407
2408
2409
2499
2501
2502
2504
2505
2506
2507
2508
2539
2540
2541
2542
2543
2603
2604
2605
2606
2607
2608
2609
2610
2611
2617
2622
2623
2624
2625
2626
2627
2628
2636
2637
2638
2639
2640
2641
2642
2662
2664
2665
2666
2667
2668
2826
2836
2864
2866
2896
2898
2924
2926
3023
3055
3184
3313
