0.00000
0.00000
0.00000
0.00000
0.00000
0.00000
0.00000
0.00000
0.00000
0.00000
0.00000
0.00000
0.00000
0.00000
0.00000
0.00000
0.00000
0.00000
0.00000
0.00000
0.53042
0.52201
0.49966
0.50995
0.00000
0.00000
0.00000
0.00000
0.00000
0.00000
0.00000
0.00000
0.00000
0.00000
0.00000
0.00000
0.00000
0.00000
0.00000
0.00000
0.00000
0.00000
0.00000
1.48307
1.46062
1.44324
1.41864
0.00000
0.00000
0.00000
0.00000
0.00000
0.00000
0.00000
0.00000
0.00000
0.00000
0.00000
0.00000
0.00000
0.00000
0.00000
0.00000
0.00000
0.00000
1.33622
1.35052
1.31042
1.30848
0.00000
0.00000
0.00000
0.00000
0.00000
0.00000
0.00000
0.00000
0.00000
0.00000
0.00000
0.00000
0.00000
0.00000
0.00000
0.00000
0.00000
0.00000
0.00000
0.00000
0.00000
0.00000
0.00000
0.00000
0.00000
0.00000
0.00000
0.00000
0.00000
0.00000
0.00000
0.00000
0.00000
0.00000
0.00000
0.00000
0.00000
0.05903
0.05768
0.05670
0.05658
0.00000
0.00000
0.00000
0.00000
0.00000
0.00000
0.00000
0.00000
0.00000
0.00000
0.00000
0.00000
0.00000
0.00000
0.00000
1.11417
1.10284
1.06127
1.06944
0.00000
0.00000
0.00000
0.00000
0.00000
0.00000
0.00000
0.00000
0.00000
0.00000
0.00000
0.00000
0.00000
0.00000
0.68357
0.66581
0.67049
0.64946
0.00000
0.00000
0.00000
0.00000
0.00000
0.00000
0.00000
0.00000
0.00000
0.00000
0.00000
0.00000
0.00000
0.00390
0.00377
0.00417
0.00406
0.00000
0.00000
0.00000
0.00000
0.00000
0.00000
0.00000
0.00000
0.00000
0.00000
0.00000
0.00000
0.00000
0.00000
0.00000
0.00000
0.00000
0.00000
0.00000
0.00000
0.00000
0.00000
0.00000
0.00000
0.00000
0.00000
0.00000
0.49497
0.49459
0.46843
0.48245
0.00000
0.00000
0.00000
0.00000
0.00000
0.00000
0.00000
0.00000
0.00000
0.00000
0.23401
0.23577
0.22848
0.22924
0.00000
0.00000
0.00000
0.00000
0.00000
0.00000
0.00000
0.00000
0.00000
1.31256
1.28557
1.28478
1.25003
0.00000
0.00000
0.00000
0.00000
0.00000
0.00000
0.00000
0.00000
0.11574
0.11665
0.11316
0.11415
0.00000
0.00000
0.00000
0.00000
0.00000
0.00000
0.00000
0.00318
0.00330
0.00314
0.00314
0.00000
0.00000
0.00000
0.00000
0.00000
0.00000
0.39042
0.39402
0.36868
0.37948
0.00000
0.00000
0.00000
0.00000
0.00000
2.64167
2.60788
2.56197
2.53864
0.00000
0.00000
0.00000
0.00000
1.53068
1.51237
1.48249
1.48016
0.00000
0.00000
0.00000
0.32122
0.32385
0.31479
0.30878
0.00000
0.00000
0.76406
0.76487
0.74981
0.73997
0.00000
0.37298
0.36066
0.37040
0.35427
0.00000
0.00000
0.00000
0.00000
0.00000
0.00000
0.00000
0.00000
0.00000
0.00000
