0.00000
0.00000
0.00000
0.00000
0.00000
0.00000
0.00000
0.00000
0.00000
0.00000
0.00000
0.00000
0.00000
0.00000
0.00000
0.00000
0.00000
0.00000
0.00000
0.00000
1.47849
0.00000
0.83072
3.87144
0.00000
0.00000
0.00000
0.00000
0.00000
0.00000
0.00000
0.00000
0.00000
0.00000
0.00000
0.00000
0.00000
0.00000
0.00000
0.00000
0.00000
0.00000
0.00000
1.61847
0.00023
0.82559
2.74149
0.00000
0.00000
0.00000
0.00000
0.00000
0.00000
0.00000
0.00000
0.00000
0.00000
0.00000
0.00000
0.00000
0.00000
0.00000
0.00000
0.00000
0.00000
1.76858
0.32657
1.23137
0.81858
0.00000
0.00000
0.00000
0.00000
0.00000
0.00000
0.00000
0.00000
0.00000
0.00000
0.00000
0.00000
0.00000
0.00000
0.00000
0.00000
0.00000
0.00000
0.00000
0.00000
0.00000
0.00000
0.00000
0.00000
0.00000
0.00000
0.00000
0.00000
0.00000
0.00000
0.00000
0.00000
0.00000
0.00000
0.00000
0.00000
0.00000
0.77053
0.00000
0.11224
0.00000
0.00000
0.00000
0.00000
0.00000
0.00000
0.00000
0.00000
0.00000
0.00000
0.00000
0.00000
0.00000
0.00000
0.00000
0.00000
0.96174
0.00000
0.85994
1.64116
0.00000
0.00000
0.00000
0.00000
0.00000
0.00000
0.00000
0.00000
0.00000
0.00000
0.00000
0.00000
0.00000
0.00000
2.27664
0.83710
0.13479
2.44240
0.00000
0.00000
0.00000
0.00000
0.00000
0.00000
0.00000
0.00000
0.00000
0.00000
0.00000
0.00000
0.00000
0.08248
0.00000
0.69431
0.00000
0.00000
0.00000
0.00000
0.00000
0.00000
0.00000
0.00000
0.00000
0.00000
0.00000
0.00000
0.00000
0.00000
0.00000
0.00000
0.00000
0.00000
0.00000
0.00000
0.00000
0.00000
0.00000
0.00000
0.00000
0.00000
0.00000
0.00000
1.14115
0.00000
0.03973
0.41933
0.00000
0.00000
0.00000
0.00000
0.00000
0.00000
0.00000
0.00000
0.00000
0.00000
1.19716
0.54178
0.00000
1.25509
0.00000
0.00000
0.00000
0.00000
0.00000
0.00000
0.00000
0.00000
0.00000
1.96590
0.05735
0.17704
2.26180
0.00000
0.00000
0.00000
0.00000
0.00000
0.00000
0.00000
0.00000
0.43670
0.36520
0.00000
0.15593
0.00000
0.00000
0.00000
0.00000
0.00000
0.00000
0.00000
0.09939
0.00000
0.05517
0.01424
0.00000
0.00000
0.00000
0.00000
0.00000
0.00000
0.05190
0.00000
0.00000
1.26905
0.00000
0.00000
0.00000
0.00000
0.00000
2.39454
0.05889
0.67223
4.93495
0.00000
0.00000
0.00000
0.00000
1.00192
0.54263
0.35838
1.05449
0.00000
0.00000
0.00000
0.66179
0.00000
0.00000
1.96420
0.00000
0.00000
2.20409
0.25320
0.00506
2.54004
0.00000
2.97166
0.00000
0.94524
2.04372
0.00000
0.00000
0.00000
0.00000
0.00000
0.00000
0.00000
0.00000
0.00000
0.00000
