0.00000
0.00000
0.00000
0.00000
0.00000
0.00000
0.00000
0.00000
0.00000
0.00000
0.00000
0.00000
0.00000
0.00000
0.00000
0.00000
0.00000
0.00000
0.00000
0.00000
1.54752
1.59731
1.54433
1.49149
0.00000
0.00000
0.00000
0.00000
0.00000
0.00000
0.00000
0.00000
0.00000
0.00000
0.00000
0.00000
0.00000
0.00000
0.00000
0.00000
0.00000
0.00000
0.00000
1.28872
1.34928
1.27478
1.27299
0.00000
0.00000
0.00000
0.00000
0.00000
0.00000
0.00000
0.00000
0.00000
0.00000
0.00000
0.00000
0.00000
0.00000
0.00000
0.00000
0.00000
0.00000
1.04748
1.06399
1.00344
1.03020
0.00000
0.00000
0.00000
0.00000
0.00000
0.00000
0.00000
0.00000
0.00000
0.00000
0.00000
0.00000
0.00000
0.00000
0.00000
0.00000
0.00000
0.00000
0.00000
0.00000
0.00000
0.00000
0.00000
0.00000
0.00000
0.00000
0.00000
0.00000
0.00000
0.00000
0.00000
0.00000
0.00000
0.00000
0.00000
0.00000
0.00000
0.22215
0.22654
0.21066
0.22342
0.00000
0.00000
0.00000
0.00000
0.00000
0.00000
0.00000
0.00000
0.00000
0.00000
0.00000
0.00000
0.00000
0.00000
0.00000
0.89274
0.86145
0.85881
0.84985
0.00000
0.00000
0.00000
0.00000
0.00000
0.00000
0.00000
0.00000
0.00000
0.00000
0.00000
0.00000
0.00000
0.00000
1.40822
1.49148
1.39822
1.39301
0.00000
0.00000
0.00000
0.00000
0.00000
0.00000
0.00000
0.00000
0.00000
0.00000
0.00000
0.00000
0.00000
0.20421
0.19395
0.18802
0.19062
0.00000
0.00000
0.00000
0.00000
0.00000
0.00000
0.00000
0.00000
0.00000
0.00000
0.00000
0.00000
0.00000
0.00000
0.00000
0.00000
0.00000
0.00000
0.00000
0.00000
0.00000
0.00000
0.00000
0.00000
0.00000
0.00000
0.00000
0.40329
0.40732
0.38757
0.40203
0.00000
0.00000
0.00000
0.00000
0.00000
0.00000
0.00000
0.00000
0.00000
0.00000
0.73264
0.78180
0.73806
0.74154
0.00000
0.00000
0.00000
0.00000
0.00000
0.00000
0.00000
0.00000
0.00000
1.13401
1.17140
1.05565
1.10104
0.00000
0.00000
0.00000
0.00000
0.00000
0.00000
0.00000
0.00000
0.23069
0.25428
0.24122
0.23164
0.00000
0.00000
0.00000
0.00000
0.00000
0.00000
0.00000
0.04293
0.04298
0.04095
0.04195
0.00000
0.00000
0.00000
0.00000
0.00000
0.00000
0.32747
0.35581
0.32505
0.31261
0.00000
0.00000
0.00000
0.00000
0.00000
2.01776
2.09622
1.95573
1.99091
0.00000
0.00000
0.00000
0.00000
0.74691
0.76187
0.71760
0.73104
0.00000
0.00000
0.00000
0.63067
0.69648
0.66447
0.63437
0.00000
0.00000
1.21595
1.32361
1.23174
1.23110
0.00000
1.51326
1.56451
1.41841
1.46444
0.00000
0.00000
0.00000
0.00000
0.00000
0.00000
0.00000
0.00000
0.00000
0.00000
