48
49
50
51
52
53
54
56
306
307
308
309
310
311
312
313
314
315
316
346
347
348
349
350
351
471
562
563
564
565
566
567
568
569
570
571
572
573
574
604
605
606
607
608
609
705
706
707
726
727
728
729
730
731
822
823
824
825
826
827
828
829
830
831
832
861
862
863
864
865
866
867
945
947
961
962
963
964
965
966
984
985
986
987
988
989
990
991
1082
1086
1088
1089
1090
1118
1119
1120
1121
1122
1123
1186
1187
1188
1189
1191
1203
1204
1205
1206
1207
1208
1209
1217
1218
1219
1220
1221
1222
1223
1224
1243
1244
1245
1246
1247
1248
1249
1346
1376
1377
1378
1400
1407
1416
1417
1422
1441
1442
1443
1444
1445
1446
1447
1448
1449
1450
1451
1456
1460
1461
1462
1463
1464
1465
1466
1467
1468
1469
1470
1474
1475
1476
1477
1478
1479
1480
1481
1501
1503
1504
1505
1506
1507
1508
1509
1604
1608
1634
1636
1702
1703
1704
1705
1721
1722
1723
1724
1725
1726
1727
1728
1729
1731
1732
1733
1734
1735
1736
1737
1763
1764
1765
1766
1767
1862
1864
1866
1890
1891
1892
1893
1894
1981
1982
1983
1984
1985
1986
1987
1988
1989
1990
1991
1992
1993
1994
1995
2021
2022
2023
2024
2025
2026
2027
2028
2106
2108
2122
2123
2124
2125
2126
2145
2146
2147
2148
2149
2150
2151
2152
2240
2241
2242
2243
2244
2245
2246
2247
2248
2249
2250
2251
2279
2280
2281
2282
2283
2284
2285
2286
2287
2360
2364
2382
2383
2384
2385
2401
2402
2403
2404
2405
2406
2407
2408
2500
2501
2502
2503
2504
2505
2506
2507
2539
2540
2541
2542
2543
2544
2545
2608
2609
2610
2611
2612
2617
2618
2619
2620
2621
2622
2623
2624
2625
2626
2628
2638
2639
2640
2641
2642
2643
2644
2645
2659
2660
2661
2662
2663
2664
2665
2666
2667
2668
2757
2758
2759
2760
2761
2762
2763
2764
2765
2766
2795
2796
2797
2798
2799
2800
2801
2802
2841
2857
2858
2859
2860
2861
2862
2863
2864
2865
2866
2867
2868
2869
2870
2871
2875
2878
2879
2880
2881
2882
2883
2884
2885
2886
2896
2897
2898
2899
2900
2901
2920
2921
2922
2923
2924
2925
2926
3094
3099
3118
3119
3120
3121
3122
3123
3124
3125
3126
3127
3133
3138
3139
3140
3141
3142
3143
3144
3145
3146
3151
3152
3153
3154
3155
3156
3157
3158
3180
3181
3182
3183
3184
3185
3186
3311
3335
3342
3351
3352
3380
3382
3400
3402
3404
3410
3412
3413
3414
3438
3439
3440
3441
3442
3531
3539
3569
3570
3571
3573
3668
3670
3672
3698
3700
3789
3797
3829
3926
3958
4047
4055
4087
4216
4442
4575
4601
4833
