2.890
3.008
2.661
2.730
3.109
3.376
2.999
3.507
3.117
3.603
3.861
4.185
4.421
4.522
4.585
4.224
4.057
3.640
3.601
3.152
3.166
3.067
2.916
2.527
2.226
2.005
1.676
1.843
1.789
2.172
2.482
2.551
3.013
3.364
3.718
3.710
3.579
2.826
3.407
3.525
3.210
3.120
2.498
2.538
2.156
1.992
1.606
1.472
1.037
0.856
0.624
0.741
0.803
1.069
1.154
1.349
1.076
1.564
1.454
1.918
1.784
2.476
2.498
3.036
3.317
3.535
3.827
4.025
4.291
3.974
4.520
4.277
4.704
4.939
4.640
4.556
4.210
3.893
3.749
3.443
3.484
3.260
2.940
2.823
2.477
2.329
2.026
1.847
1.349
1.635
1.391
1.608
1.658
1.474
1.702
2.084
2.420
2.617
2.860
2.513
2.307
2.761
2.822
2.283
2.676
2.966
2.837
2.414
3.013
3.242
2.783
2.947
3.471
3.806
4.003
3.640
3.605
3.087
3.444
3.712
3.586
3.155
3.682
3.882
3.650
3.496
3.485
3.424
3.817
4.084
4.306
3.886
3.505
3.829
3.910
3.323
3.581
3.018
3.172
3.583
3.595
4.060
4.249
4.065
3.713
3.741
3.334
3.600
3.264
3.514
3.582
3.207
2.999
3.287
2.948
2.805
3.046
2.690
2.994
2.753
3.057
3.025
3.200
3.523
3.243
3.046
2.762
2.590
2.811
2.723
2.867
2.402
2.829
2.544
2.875
2.654
2.941
2.232
2.795
2.510
2.685
2.957
3.094
2.707
2.833
2.128
2.507
2.268
2.342
1.978
2.250
2.204
2.362
2.506
2.442
2.728
2.715
2.935
2.448
2.964
2.832
3.199
3.437
3.300
3.354
3.029
2.892
2.607
2.256
2.035
1.959
1.883
2.003
1.749
2.022
1.698
2.153
1.956
2.490
2.424
2.889
3.125
3.350
3.547
3.587
3.904
4.026
4.014
3.676
3.600
3.767
3.553
3.196
3.395
3.468
3.135
2.887
3.241
3.224
2.653
2.678
3.200
3.343
3.345
3.020
2.723
2.453
2.725
2.735
2.402
2.280
2.568
2.490
2.149
2.161
2.116
2.250
2.520
2.669
2.773
2.369
2.496
2.870
3.133
2.698
3.162
2.799
3.276
3.501
3.833
4.049
4.170
4.262
3.928
3.769
3.386
3.355
2.905
2.926
2.830
2.684
2.346
2.003
1.795
1.467
1.620
1.560
1.935
2.244
2.304
2.781
3.124
3.479
3.526
3.429
2.675
3.306
3.359
3.020
2.883
2.348
2.294
1.915
1.746
1.360
1.238
0.793
0.677
0.279
0.344
0.564
0.694
0.581
0.864
0.629
1.147
1.183
1.600
1.591
2.218
2.343
2.822
3.126
3.396
3.684
3.919
4.217
3.985
4.527
4.325
4.771
4.990
4.645
4.519
4.185
3.832
3.675
3.354
3.448
3.180
2.828
2.670
2.329
2.055
1.750
1.481
0.992
1.136
0.804
1.074
1.126
1.109
1.231
1.598
1.940
2.171
2.320
1.980
1.795
2.230
2.253
1.713
2.155
2.422
2.263
1.927
2.490
2.706
2.271
2.484
2.967
3.314
3.492
3.101
3.114
2.583
2.957
3.250
3.160
2.737
3.288
3.518
3.434
3.166
3.155
2.973
3.408
3.700
3.822
3.401
3.064
3.285
3.348
2.772
3.015
2.433
2.585
3.009
3.009
3.488
3.666
3.475
3.113
3.141
2.726
2.992
2.678
2.984
3.114
2.743
2.632
2.934
2.651
2.546
2.741
2.368
2.559
2.311
2.512
2.500
2.602
2.937
2.662
2.501
2.233
2.044
2.258
2.135
2.261
1.926
2.274
2.069
2.399
2.353
2.670
2.070
2.696
2.462
2.705
2.989
3.090
2.696
2.718
2.075
2.209
1.916
1.867
1.592
1.676
1.671
1.729
1.882
1.833
2.126
2.177
2.442
2.030
2.603
2.480
2.890
3.114
2.906
2.909
2.553
2.399
2.102
1.720
1.491
1.360
1.244
1.400
1.139
1.464
1.204
1.709
1.800
2.202
2.328
2.758
3.039
3.301
3.538
3.437
3.672
3.712
3.708
3.393
3.261
3.395
3.214
2.862
2.990
3.084
2.770
2.474
2.826
2.837
2.278
2.232
2.765
2.857
2.951
2.637
2.367
2.071
2.284
2.325
2.000
1.833
2.107
2.079
1.702
1.812
1.839
2.006
2.297
2.563
2.596
2.169
2.371
2.665
2.919
2.457
2.915
2.554
3.029
3.238
3.561
3.768
3.921
4.013
3.684
3.525
3.143
3.126
2.675
2.799
2.717
2.628
2.319
1.968
1.897
1.585
1.579
1.587
1.858
2.158
2.094
2.699
2.974
3.336
3.384
3.362
2.690
3.237
3.244
2.892
2.718
2.310
2.112
1.738
1.559
1.192
1.059
0.722
0.609
0.282
0.419
0.707
0.778
0.421
0.711
0.403
0.908
0.959
1.359
1.481
1.986
2.258
2.604
2.931
3.217
3.513
3.788
4.103
3.932
4.464
4.312
4.773
4.977
4.618
4.480
4.125
3.788
3.585
3.246
3.331
3.024
2.670
2.446
2.062
1.823
1.451
1.238
0.777
0.890
0.518
0.864
0.959
1.048
1.242
1.470
1.795
2.016
2.067
1.741
1.615
1.972
1.879
1.387
1.816
2.055
1.801
1.596
2.085
2.264
1.789
2.086
2.515
2.867
2.985
2.599
2.586
2.044
2.469
2.763
2.652
2.293
2.846
3.066
2.978
2.678
2.641
2.418
2.847
3.124
3.253
2.834
2.466
2.705
2.771
2.219
2.499
1.902
2.119
2.556
2.588
3.063
3.216
3.045
2.661
2.649
2.210
2.444
2.103
2.389
2.501
2.129
2.086
2.370
2.135
2.032
2.222
1.817
1.968
1.714
1.919
1.899
2.083
2.400
2.169
1.981
1.686
1.569
1.773
1.608
1.724
1.319
1.686
1.483
1.829
1.840
2.173
1.716
2.386
2.166
2.418
2.715
2.867
2.538
2.366
1.838
1.786
1.427
1.365
1.046
1.129
1.068
1.289
1.466
1.530
1.804
1.932
2.175
1.804
2.383
2.224
2.674
2.893
2.623
2.583
2.221
1.991
1.732
1.393
1.276
1.143
0.855
0.928
0.617
0.965
0.700
1.271
1.433
1.838
2.052
2.439
2.770
3.018
3.265
3.108
3.309
3.327
3.368
3.069
2.888
3.038
2.910
2.530
2.632
2.779
2.499
2.086
2.491
2.585
2.029
1.946
2.491
2.575
2.717
2.403
2.140
1.828
2.057
2.114
1.795
1.604
1.894
1.900
1.541
1.613
1.649
1.812
2.135
2.757
2.748
2.259
2.490
2.710
2.901
2.360
2.730
2.372
2.807
2.997
3.319
3.526
3.684
3.773
3.467
3.345
2.987
3.041
2.618
2.850
2.812
2.711
2.483
2.215
2.135
1.870
1.822
1.777
2.026
2.278
2.130
2.719
2.943
3.302
3.295
3.315
2.741
3.141
3.150
2.804
2.648
2.242
2.063
1.728
1.634
1.325
1.302
1.003
1.063
0.669
0.825
1.130
1.021
0.616
0.793
0.342
0.929
1.004
1.287
1.419
1.846
2.179
2.425
2.760
3.019
3.327
3.617
3.947
3.814
4.357
4.239
4.700
4.913
4.544
4.395
4.023
3.708
3.462
3.112
3.155
2.754
2.447
2.213
1.815
1.609
1.229
1.020
0.587
0.694
0.348
0.749
0.921
1.186
1.411
1.399
1.730
1.951
1.938
1.602
1.504
1.816
1.699
1.233
1.617
1.849
1.592
1.362
1.851
2.031
1.503
1.837
2.253
2.589
2.618
2.288
2.149
1.615
2.105
2.362
2.174
1.910
2.443
2.633
2.495
2.179
2.106
1.891
2.293
2.561
2.738
2.345
1.942
2.258
2.355
1.848
2.231
1.661
1.928
2.352
2.417
2.870
3.026
2.880
2.498
2.476
2.011
2.148
1.767
1.954
2.037
1.690
1.566
1.834
1.559
1.529
1.626
1.221
1.420
1.265
1.496
1.531
1.809
2.137
2.031
1.856
1.395
1.531
1.708
1.421
1.436
0.939
1.253
0.948
1.298
1.271
1.623
1.243
1.982
1.797
2.113
2.444
2.500
2.167
1.940
1.439
1.361
0.920
0.977
0.460
0.908
0.725
1.131
1.347
1.458
1.764
1.975
2.240
1.955
2.517
2.371
2.825
3.045
2.734
2.656
2.285
2.017
1.762
1.434
1.392
1.154
0.788
0.765
0.485
0.731
0.462
0.976
1.048
1.496
1.734
2.081
2.418
2.599
2.875
2.741
2.932
2.959
3.054
2.765
2.561
2.755
2.668
2.248
2.363
2.535
2.260
1.811
2.245
2.350
1.800
1.713
2.260
2.365
2.542
2.296
2.102
1.711
1.908
2.062
1.798
1.447
1.784
1.927
1.557
1.706
1.815
1.972
2.319
3.001
3.045
2.536
2.642
2.844
3.000
2.412
2.735
2.334
2.683
2.897
3.141
3.403
3.597
3.639
3.345
3.277
2.925
3.038
2.647
2.913
2.921
2.785
2.643
2.464
2.378
2.166
2.085
1.999
2.182
2.405
2.249
2.729
2.913
3.268
3.201
3.243
2.784
3.021
3.020
2.702
2.571
2.175
2.092
1.788
1.816
1.557
1.648
1.299
1.530
1.130
1.312
1.621
1.512
1.099
1.219
0.722
1.111
1.186
1.351
1.437
1.754
2.055
2.247
2.570
2.747
3.059
3.347
3.660
3.514
4.072
3.946
4.404
4.619
4.304
4.210
3.832
3.553
3.265
2.918
2.792
2.423
2.133
1.931
1.577
1.409
1.041
0.998
0.688
0.932
0.735
1.161
1.344
1.663
1.871
1.806
2.124
2.255
2.170
1.832
1.864
2.034
1.775
1.421
1.738
1.852
1.531
1.412
1.773
1.835
1.281
1.619
2.030
2.360
2.385
2.061
1.908
1.377
1.864
2.116
1.868
1.663
2.160
2.300
2.076
1.788
1.693
1.589
1.939
2.215
2.440
2.044
1.743
2.052
2.163
1.639
2.047
1.503
1.859
2.250
2.413
2.805
2.921
2.844
2.447
2.348
1.887
2.008
1.613
1.799
1.881
1.560
1.451
1.540
1.197
1.104
1.177
0.854
1.210
1.160
1.344
1.423
1.693
2.038
1.968
1.836
1.369
1.599
1.686
1.369
1.329
0.877
1.058
0.738
1.069
0.802
1.151
0.724
1.412
1.272
1.570
1.923
2.005
1.645
1.469
1.000
1.017
0.571
0.734
0.271
0.751
0.675
1.115
1.388
1.620
1.910
2.142
2.440
2.254
2.778
2.635
3.103
3.299
2.944
2.820
2.458
2.139
1.923
1.588
1.713
1.402
1.089
0.932
0.587
0.608
0.294
0.759
0.664
1.224
1.376
1.697
2.011
2.089
2.420
2.356
2.575
2.597
2.784
2.495
2.231
2.516
2.454
2.020
2.120
2.354
2.169
1.580
2.101
2.317
1.782
1.684
2.274
2.446
2.675
2.463
2.308
1.850
2.083
2.282
2.097
1.652
2.065
2.260
1.964
2.032
2.129
2.219
2.596
3.256
3.323
2.840
2.811
2.994
3.110
2.493
2.689
2.314
2.497
2.712
2.840
3.163
3.393
3.382
3.122
3.121
2.838
3.030
2.682
2.976
3.034
2.836
2.790
2.721
2.579
2.426
2.354
2.189
2.328
2.503
2.402
2.713
2.872
3.211
3.078
3.103
2.761
2.809
2.846
2.562
2.479
2.125
2.159
1.903
2.017
1.864
2.022
1.620
2.004
1.632
1.847
2.149
2.011
1.614
1.683
1.166
1.425
1.439
1.433
1.465
1.708
1.942
2.061
2.333
2.460
2.770
3.051
3.357
3.235
3.766
3.750
4.211
4.390
4.057
3.943
3.549
3.329
2.987
2.645
2.481
2.099
1.845
1.649
1.334
1.296
0.989
1.139
0.975
1.252
1.206
1.589
1.757
2.133
2.321
2.185
2.465
2.550
2.402
2.095
2.116
2.177
1.876
1.677
1.875
1.831
1.483
1.524
1.730
1.613
1.058
1.347
1.741
2.008
1.904
1.593
1.344
0.900
1.385
1.585
1.286
1.213
1.658
1.793
1.583
1.256
1.136
0.961
1.339
1.625
1.827
1.419
1.122
1.513
1.671
1.252
1.772
1.343
1.810
2.117
2.381
2.674
2.742
2.751
2.367
2.189
1.750
1.719
1.300
1.332
1.331
1.048
0.928
0.999
0.745
0.577
0.648
0.379
0.578
0.656
0.849
1.040
1.402
1.750
1.752
1.654
0.951
1.585
1.608
1.277
1.161
0.611
0.643
0.247
0.431
0.290
0.643
0.344
0.835
0.897
1.151
1.488
1.602
1.202
1.071
0.684
0.671
0.369
0.510
0.172
0.749
0.688
1.263
1.492
1.805
1.985
2.252
2.540
2.416
2.874
2.702
3.150
3.328
2.951
2.790
2.462
2.106
1.994
1.705
1.986
1.685
1.171
1.230
0.958
0.781
0.510
0.711
0.431
0.975
1.089
1.361
1.656
1.606
2.001
1.961
2.162
2.126
2.390
2.143
1.826
2.089
2.157
1.712
1.704
2.053
2.024
1.339
1.929
2.194
1.828
1.682
2.272
2.506
2.777
2.614
2.533
2.044
2.267
2.492
2.399
1.888
2.339
2.568
2.357
2.390
2.485
2.477
2.898
3.079
3.273
2.840
2.625
2.948
3.097
2.522
2.908
2.405
2.696
3.065
3.141
3.559
3.755
3.628
3.288
3.269
2.835
2.992
2.596
2.784
2.830
2.540
2.391
2.442
2.141
1.999
2.061
1.793
2.093
2.127
2.291
2.441
2.707
3.051
2.949
2.826
2.357
2.520
2.651
2.355
2.330
1.870
2.014
1.654
1.878
1.614
1.887
1.368
1.831
1.525
1.785
2.077
2.160
1.800
1.809
1.119
1.457
1.232
1.425
1.091
1.645
1.671
1.997
2.231
2.278
2.592
2.794
3.085
2.847
3.406
3.281
3.721
3.948
3.679
3.631
3.252
3.018
2.720
2.370
2.147
1.912
1.626
1.600
1.328
1.341
0.946
1.252
0.909
1.467
1.435
1.891
2.164
2.379
2.638
2.601
2.900
3.020
3.021
2.684
2.584
2.818
2.618
2.204
2.491
2.616
2.273
1.974
2.425
2.410
1.822
1.958
2.464
2.709
2.675
2.352
2.081
1.724
2.061
2.202
1.883
1.705
2.066
2.084
1.789
1.674
1.622
1.653
1.915
2.179
2.429
2.071
1.838
2.324
2.509
2.118
2.644
2.197
2.643
2.970
3.217
3.532
3.614
3.608
3.216
3.056
2.602
2.589
2.177
2.144
2.099
1.840
1.496
1.493
1.108
0.923
1.107
0.830
1.286
1.448
1.670
1.886
2.265
2.609
2.578
2.458
1.705
2.321
2.416
2.099
2.013
1.388
1.521
1.120
1.178
0.801
0.982
0.411
0.700
0.539
0.756
1.080
1.250
0.959
0.972
0.559
0.965
0.643
1.083
0.747
1.503
1.417
2.001
2.265
2.520
2.771
2.977
3.246
2.982
3.494
3.259
3.693
3.910
3.587
3.483
3.158
2.813
2.696
2.400
2.572
2.305
1.902
1.861
1.518
1.385
1.040
1.048
0.576
1.089
0.940
1.251
1.462
1.428
1.806
1.896
2.200
2.284
2.500
2.216
1.917
2.319
2.354
1.860
2.133
2.432
2.328
1.773
2.398
2.604
2.000
2.152
2.706
3.008
3.122
2.830
2.636
2.161
2.508
2.738
2.534
2.149
2.650
2.838
2.619
2.437
2.424
2.393
2.773
2.898
3.103
2.687
2.407
2.723
2.856
2.288
2.669
2.150
2.447
2.817
2.904
3.316
3.509
3.389
3.036
2.992
2.550
2.713
2.321
2.522
2.586
2.277
2.152
2.280
1.972
1.875
1.921
1.626
1.876
1.862
2.073
2.156
2.417
2.756
2.646
2.483
2.048
2.098
2.289
2.048
2.035
1.572
1.761
1.416
1.689
1.484
1.789
1.314
1.887
1.598
1.888
2.209
2.265
1.928
1.832
1.199
1.379
1.080
1.224
0.851
1.372
1.369
1.672
1.862
1.867
2.167
2.302
2.582
2.273
2.844
2.760
3.202
3.408
3.138
3.092
2.715
2.525
2.208
1.842
1.623
1.434
1.213
1.312
1.038
1.096
0.674
1.078
0.910
1.421
1.491
1.924
2.226
2.448
2.707
2.629
2.894
2.982
3.024
2.700
2.563
2.787
2.642
2.198
2.447
2.565
2.233
1.879
2.335
2.337
1.752
1.800
2.331
2.539
2.556
2.232
1.968
1.614
1.912
2.026
1.721
1.499
1.868
1.865
1.564
1.486
1.464
1.594
1.908
2.214
2.426
1.996
2.071
2.415
2.638
2.161
2.641
2.237
2.715
2.969
3.294
3.528
3.645
3.704
3.350
3.194
2.790
2.784
2.340
2.440
2.383
2.239
1.973
1.670
1.544
1.230
1.264
1.218
1.527
1.801
1.781
2.284
2.582
2.945
2.989
2.915
2.235
2.782
2.810
2.463
2.313
1.872
1.734
1.369
1.243
0.885
0.818
0.280
0.490
0.299
0.433
0.719
0.844
0.588
0.740
0.338
0.768
0.585
1.031
1.048
1.608
1.816
2.211
2.528
2.771
3.083
3.345
3.651
3.429
3.985
3.831
4.288
4.493
4.142
4.012
3.665
3.322
3.142
2.811
2.818
2.536
2.156
1.981
1.609
1.458
1.129
0.937
0.466
0.856
0.708
1.037
1.132
1.167
1.389
1.624
1.941
2.050
2.279
1.971
1.693
2.105
2.118
1.629
1.908
2.191
2.078
1.557
2.172
2.388
1.795
2.028
2.524
2.842
2.942
2.639
2.464
1.963
2.354
2.597
2.406
2.039
2.562
2.758
2.591
2.345
2.317
2.227
2.623
2.651
2.875
2.474
2.128
2.439
2.555
1.994
2.369
1.826
2.129
2.522
2.665
3.070
3.209
3.116
2.729
2.661
2.213
2.378
1.991
2.189
2.257
1.917
1.794
2.002
1.697
1.667
1.725
1.365
1.602
1.486
1.739
1.784
2.068
2.400
2.218
2.029
1.661
1.598
1.810
1.677
1.693
1.183
1.458
1.139
1.445
1.341
1.667
1.267
1.930
1.668
1.984
2.326
2.344
2.010
1.832
1.286
1.284
0.924
0.988
0.581
1.043
0.987
1.366
1.515
1.548
1.809
1.900
2.152
1.780
2.363
2.227
2.675
2.891
2.617
2.577
2.212
1.998
1.728
1.370
1.220
1.106
0.935
1.070
0.715
0.814
0.376
0.886
0.912
1.358
1.538
1.929
2.256
2.482
2.736
2.613
2.837
2.888
2.947
2.638
2.474
2.668
2.551
2.120
2.311
2.493
2.228
1.728
2.224
2.390
1.806
1.797
2.361
2.556
2.681
2.386
2.141
1.805
2.019
2.104
1.796
1.558
1.861
1.901
1.514
1.639
1.705
1.871
2.209
2.542
2.670
2.205
2.436
2.706
2.945
2.415
2.770
2.355
2.734
2.981
3.258
3.517
3.690
3.727
3.401
3.308
2.938
3.040
2.639
2.838
2.771
2.683
2.402
2.075
2.024
1.724
1.682
1.692
1.935
2.220
2.124
2.683
2.892
3.251
3.202
3.203
2.704
2.981
3.009
2.679
2.554
2.158
2.078
1.752
1.608
1.237
1.149
0.742
0.712
0.365
0.289
0.580
0.637
0.345
0.702
0.337
0.902
0.984
1.316
1.371
1.746
2.048
2.256
2.578
2.808
3.120
3.407
3.729
3.568
4.112
4.001
4.470
4.670
4.327
4.206
3.826
3.532
3.266
2.914
2.920
2.579
2.222
2.008
1.612
1.441
1.062
0.991
0.594
0.833
0.492
0.814
0.897
0.957
1.142
1.390
1.715
1.969
2.082
1.754
1.568
1.966
1.944
1.423
1.842
2.065
1.774
1.493
1.970
2.113
1.538
1.827
2.283
2.614
2.697
2.378
2.233
1.711
2.143
2.397
2.224
1.881
2.420
2.623
2.488
2.206
2.167
2.014
2.425
2.741
3.041
2.671
2.136
2.492
2.522
2.137
2.435
1.832
2.060
2.519
2.499
3.008
3.118
2.923
2.523
2.494
2.028
2.163
1.856
2.013
2.097
1.704
1.617
1.962
1.821
1.773
2.006
1.558
1.729
1.291
1.596
1.490
1.745
2.019
1.792
1.542
1.222
1.176
1.368
1.273
1.434
0.907
1.472
1.338
1.722
1.804
2.170
1.786
2.523
2.366
2.660
3.003
3.097
2.752
2.561
2.055
1.979
1.551
1.499
1.053
1.132
0.779
1.154
1.230
1.274
1.515
1.604
1.839
1.474
2.045
1.863
2.310
2.536
2.251
2.199
1.846
1.591
1.378
1.044
0.961
0.871
0.696
0.867
0.456
1.024
0.883
1.449
1.660
2.052
2.299
2.667
3.004
3.194
3.491
3.322
3.502
3.502
3.555
3.266
3.063
3.204
3.096
2.730
2.783
2.935
2.667
2.251
2.632
2.726
2.204
2.064
2.595
2.610
2.821
2.597
2.396
2.061
2.161
2.279
2.000
1.677
1.982
2.052
1.614
1.921
2.045
2.240
2.560
2.925
2.973
2.504
2.845
3.051
3.258
2.747
3.112
2.785
3.223
3.390
3.712
3.906
4.066
4.182
3.886
3.758
3.395
3.449
3.019
3.239
3.182
3.127
2.867
2.534
2.543
2.250
2.162
2.203
2.394
2.664
2.502
3.134
3.366
3.724
3.740
3.776
3.194
3.623
3.606
3.263
3.086
2.680
2.473
2.137
1.981
1.655
1.532
1.247
1.187
0.801
0.673
0.926
0.720
0.447
0.957
0.783
1.246
1.435
1.704
1.928
2.292
2.631
2.875
3.214
3.482
3.787
4.088
4.421
4.295
4.826
4.708
5.177
5.374
5.013
4.872
4.501
4.184
3.944
3.595
3.661
3.283
2.946
2.694
2.305
2.049
1.681
1.461
1.096
1.013
0.581
0.881
0.803
1.065
1.012
1.370
1.683
1.973
1.976
1.630
1.589
1.932
1.831
1.340
1.819
2.056
1.783
1.677
2.137
2.298
1.872
2.210
2.586
2.944
3.000
2.623
2.521
2.051
2.558
2.852
2.674
2.442
2.992
3.196
3.073
2.726
2.608
2.317
2.670
2.179
2.458
2.087
1.605
1.960
2.028
1.548
1.900
1.316
1.660
2.086
2.188
2.623
2.723
2.604
2.196
2.108
1.635
1.769
1.400
1.608
1.672
1.311
1.231
1.474
1.285
1.345
1.393
0.940
1.129
0.874
1.147
1.174
1.428
1.753
1.571
1.344
1.030
0.973
1.163
1.038
1.051
0.557
0.940
0.712
1.082
1.150
1.508
1.195
1.968
1.882
2.196
2.556
2.545
2.216
1.965
1.478
1.341
0.925
0.865
0.451
0.614
0.346
0.847
1.055
1.163
1.396
1.518
1.757
1.482
2.016
1.862
2.330
2.529
2.185
2.089
1.732
1.435
1.231
0.938
1.024
0.852
0.539
0.681
0.291
0.588
0.309
0.849
1.070
1.444
1.731
2.062
2.406
2.626
2.877
2.704
2.874
2.879
2.955
2.670
2.458
2.625
2.544
2.145
2.237
2.433
2.188
1.672
2.130
2.307
1.773
1.654
2.219
2.338
2.566
2.359
2.188
1.789
1.954
2.106
1.835
1.487
1.812
1.925
1.521
1.756
1.884
2.060
2.404
2.759
2.815
2.325
2.629
2.813
2.974
2.405
2.713
2.352
2.730
2.919
3.209
3.431
3.614
3.690
3.396
3.303
2.969
3.068
2.672
2.959
2.943
2.865
2.657
2.355
2.365
2.092
1.982
2.011
2.188
2.438
2.250
2.811
2.989
3.341
3.300
3.368
2.902
3.174
3.145
2.826
2.669
2.269
2.125
1.839
1.758
1.449
1.370
1.063
1.130
0.714
0.765
1.087
0.913
0.495
0.812
0.595
1.037
1.209
1.393
1.599
1.852
2.170
2.350
2.703
2.946
3.254
3.565
3.902
3.806
4.332
4.255
4.729
4.915
4.552
4.410
4.026
3.736
3.458
3.105
3.129
2.705
2.406
2.147
1.750
1.492
1.156
1.043
0.708
0.779
0.418
0.733
0.806
1.086
1.256
1.321
1.646
1.904
1.889
1.558
1.474
1.799
1.597
1.203
1.594
1.729
1.378
1.329
1.726
1.774
1.300
1.687
2.029
2.371
2.373
2.016
1.915
1.402
1.910
2.191
2.027
1.815
2.346
2.537
2.408
2.063
1.948
1.682
2.049
1.387
1.713
1.493
0.825
1.389
1.476
1.299
1.791
1.345
1.763
2.151
2.307
2.694
2.620
2.644
2.277
2.068
1.640
1.492
1.168
0.954
0.889
0.576
0.362
0.537
0.256
0.421
0.553
0.350
0.575
0.246
0.651
0.703
1.135
1.429
1.415
1.387
0.544
1.227
1.335
1.069
1.015
0.378
0.664
0.451
0.795
0.794
1.075
0.833
1.544
1.605
1.887
2.225
2.307
1.916
1.717
1.315
1.209
0.783
0.854
0.352
0.757
0.410
1.061
1.282
1.506
1.713
1.901
2.166
1.983
2.463
2.286
2.741
2.931
2.558
2.420
2.087
1.733
1.607
1.321
1.567
1.312
0.836
1.001
0.659
0.818
0.669
1.059
1.037
1.502
1.741
1.981
2.296
2.288
2.653
2.566
2.687
2.532
2.894
2.678
2.368
2.629
2.635
2.211
2.196
2.489
2.386
1.744
2.258
2.494
2.078
1.866
2.451
2.560
2.860
2.737
2.659
2.215
2.325
2.542
2.439
1.963
2.307
2.522
2.255
2.466
2.629
2.710
3.103
3.469
3.467
2.948
3.170
3.248
3.356
2.767
2.968
2.628
2.902
3.073
3.282
3.536
3.755
3.808
3.551
3.509
3.224
3.385
3.040
3.390
3.425
3.331
3.241
3.080
3.050
2.851
2.728
2.657
2.752
2.972
2.736
3.221
3.341
3.676
3.574
3.666
3.312
3.397
3.395
3.115
2.925
2.621
2.528
2.313
2.316
2.147
2.184
1.775
2.109
1.688
1.747
2.061
1.832
1.467
1.696
1.373
1.668
1.830
1.859
2.009
2.196
2.470
2.534
2.894
3.061
3.366
3.668
3.984
3.862
4.401
4.355
4.819
5.006
4.684
4.572
4.178
3.934
3.611
3.261
3.145
2.712
2.486
2.217
1.893
1.683
1.460
1.495
1.206
1.370
1.254
1.526
1.523
1.952
1.978
1.983
2.268
2.384
2.226
1.911
2.004
2.104
1.791
1.569
1.851
1.864
1.513
1.560
1.838
1.784
1.271
1.695
2.018
2.314
2.047
1.794
1.477
1.242
1.788
1.956
1.643
1.724
2.145
2.167
1.950
1.621
1.379
1.153
1.338
1.513
1.762
1.402
1.080
1.539
1.716
1.350
1.894
1.495
1.964
2.269
2.554
2.822
2.876
2.903
2.529
2.336
1.906
1.833
1.403
1.385
1.339
1.140
0.912
0.880
0.669
0.656
0.576
0.261
0.553
0.741
0.880
1.224
1.566
1.916
1.987
1.929
1.197
1.877
1.885
1.546
1.372
0.882
0.776
0.425
0.474
0.292
0.660
0.247
0.992
0.947
1.239
1.581
1.644
1.259
1.070
0.693
0.667
0.343
0.642
0.369
0.951
0.943
1.499
1.743
2.062
2.265
2.534
2.808
2.517
3.034
2.800
3.237
3.456
3.131
3.032
2.701
2.368
2.253
1.971
2.117
1.900
1.443
1.440
1.158
1.009
0.760
0.771
0.522
0.970
1.122
1.351
1.652
1.674
2.017
1.963
2.171
2.165
2.419
2.147
1.833
2.153
2.214
1.734
1.815
2.172
2.128
1.460
2.075
2.342
1.941
1.848
2.435
2.668
2.942
2.766
2.750
2.262
2.451
2.702
2.648
2.141
2.576
2.820
2.584
2.621
2.719
2.729
3.149
3.505
3.569
3.073
3.059
3.171
3.247
2.625
2.818
2.386
2.562
2.840
2.953
3.299
3.530
3.486
3.190
3.192
2.860
3.109
2.788
3.146
3.239
3.038
3.060
3.001
2.868
2.702
2.625
2.476
2.586
2.723
2.624
2.866
2.962
3.291
3.116
3.164
2.935
2.837
2.868
2.624
2.495
2.248
2.326
2.141
2.287
2.115
2.258
1.667
2.180
1.792
1.915
2.209
2.149
1.718
1.881
1.350
1.661
1.703
1.649
1.738
1.804
2.029
2.067
2.340
2.456
2.763
3.047
3.351
3.213
3.748
3.720
4.180
4.361
4.047
3.948
3.553
3.342
2.997
2.658
2.491
2.097
1.859
1.636
1.359
1.340
1.164
1.356
1.218
1.484
1.401
1.803
1.957
2.318
2.416
2.411
2.685
2.752
2.604
2.300
2.313
2.366
2.064
1.876
2.049
1.994
1.647
1.699
1.887
1.743
1.193
1.495
1.870
2.124
1.968
1.667
1.399
1.003
1.487
1.668
1.330
1.323
1.740
1.841
1.616
1.299
1.147
0.972
1.291
2.371
2.610
2.276
2.016
2.516
2.688
2.193
2.617
2.111
2.454
2.823
3.007
3.381
3.513
3.451
3.065
2.972
2.522
2.631
2.227
2.297
2.282
1.962
1.632
1.637
1.246
1.052
1.271
1.009
1.475
1.513
1.867
1.932
2.306
2.636
2.540
2.367
1.713
2.111
2.277
2.007
1.974
1.327
1.602
1.207
1.386
1.023
1.255
0.799
1.202
1.084
1.308
1.617
1.802
1.498
1.460
0.957
1.229
0.869
1.137
0.627
1.333
1.289
1.723
1.995
2.179
2.473
2.648
2.897
2.556
3.123
2.920
3.366
3.595
3.298
3.229
2.882
2.583
2.386
2.078
2.052
1.872
1.563
1.463
1.116
1.104
0.698
1.034
0.761
1.317
1.370
1.724
1.976
1.963
2.342
2.393
2.681
2.732
2.934
2.615
2.364
2.698
2.599
2.129
2.366
2.578
2.356
1.824
2.374
2.570
1.973
2.022
2.593
2.857
3.010
2.742
2.572
2.099
2.386
2.592
2.406
1.966
2.421
2.612
2.325
2.301
2.355
2.401
2.787
3.131
3.271
2.777
2.765
3.017
3.173
2.579
2.934
2.477
2.811
3.108
3.338
3.646
3.824
3.812
3.470
3.397
3.003
3.146
2.763
2.984
3.011
2.801
2.692
2.572
2.386
2.188
2.171
2.005
2.254
2.440
2.383
2.718
2.943
3.298
3.215
3.166
2.696
2.892
2.971
2.656
2.578
2.203
2.188
1.854
1.947
1.692
1.832
1.155
1.673
1.314
1.453
1.737
1.784
1.365
1.526
0.865
1.323
1.265
1.470
1.378
1.799
2.016
2.233
2.534
2.723
3.038
3.300
3.582
3.301
3.872
3.763
4.207
4.421
4.152
4.078
3.699
3.422
3.149
2.801
2.658
2.422
2.089
1.933
1.553
1.462
1.131
1.175
0.767
1.229
1.077
1.537
1.753
2.016
2.159
2.220
2.548
2.692
2.671
2.330
2.261
2.515
2.314
1.888
2.209
2.376
2.094
1.771
2.239
2.348
1.746
1.984
2.475
2.782
2.838
2.541
2.308
1.836
2.244
2.471
2.137
1.925
2.413
2.471
2.181
1.976
1.852
1.873
2.111
2.894
3.137
2.767
2.504
2.897
3.052
2.514
2.936
2.434
2.771
3.137
3.320
3.693
3.832
3.769
3.385
3.299
2.850
2.974
2.573
2.710
2.732
2.423
2.053
2.140
1.752
1.565
1.802
1.515
1.974
1.983
2.229
2.360
2.667
3.013
2.938
2.750
2.186
2.445
2.617
2.335
2.308
1.754
1.964
1.581
1.802
1.499
1.751
1.254
1.580
1.440
1.661
1.932
2.120
1.791
1.771
1.094
1.441
1.169
1.439
1.000
1.659
1.624
2.036
2.301
2.465
2.762
2.935
3.182
2.796
3.369
3.134
3.560
3.802
3.542
3.502
3.146
2.881
2.701
2.388
2.272
2.122
1.812
1.751
1.408
1.407
0.999
1.309
0.913
1.500
1.461
1.903
2.174
2.326
2.622
2.613
2.914
3.042
3.097
2.769
2.594
2.884
2.776
2.302
2.590
2.788
2.549
2.057
2.601
2.776
2.167
2.274
2.825
3.100
3.236
2.939
2.748
2.285
2.593
2.801
2.594
2.183
2.642
2.817
2.515
2.453
2.474
2.515
2.885
3.214
3.398
2.920
2.842
3.144
3.312
2.731
3.116
2.638
2.974
3.300
3.517
3.847
4.014
3.981
3.621
3.545
3.127
3.266
2.876
3.055
3.079
2.831
2.677
2.610
2.355
2.157
2.201
1.994
2.314
2.438
2.489
2.753
3.015
3.368
3.288
3.181
2.677
2.892
3.008
2.701
2.649
2.215
2.271
1.908
2.042
1.740
1.908
1.199
1.578
1.229
1.339
1.602
1.745
1.415
1.679
0.971
1.486
1.347
1.613
1.381
1.913
2.025
2.325
2.611
2.785
3.096
3.333
3.617
3.329
3.901
3.741
4.191
4.414
4.123
4.051
3.681
3.402
3.149
2.811
2.737
2.505
2.132
2.018
1.670
1.599
1.263
1.367
0.900
1.448
1.287
1.747
1.936
2.084
2.229
2.430
2.761
2.938
2.942
2.602
2.490
2.776
2.611
2.164
2.486
2.675
2.405
2.027
2.527
2.653
2.046
2.253
2.761
3.060
3.129
2.828
2.613
2.144
2.518
2.739
2.493
2.165
2.653
2.819
2.596
2.379
2.340
2.317
2.636
3.246
3.440
2.995
2.831
3.175
3.338
2.773
3.174
2.681
3.010
3.360
3.551
3.910
4.065
4.010
3.639
3.564
3.130
3.269
2.871
3.031
3.058
2.778
2.520
2.588
2.234
2.046
2.193
1.943
2.301
2.362
2.509
2.702
2.985
3.333
3.246
3.112
2.596
2.813
2.949
2.650
2.618
2.128
2.265
1.889
2.067
1.755
1.969
1.454
1.789
1.495
1.692
1.966
2.099
1.732
1.844
1.125
1.597
1.404
1.667
1.327
1.926
1.954
2.304
2.575
2.736
3.044
3.266
3.537
3.119
3.705
3.495
3.915
4.159
3.922
3.898
3.552
3.295
3.065
2.735
2.604
2.412
2.071
1.993
1.662
1.629
1.245
1.476
1.017
1.599
1.470
1.930
2.167
2.352
2.584
2.633
2.963
3.114
3.136
2.799
2.662
2.955
2.810
2.353
2.664
2.860
2.591
2.174
2.688
2.825
2.212
2.383
2.909
3.195
3.281
2.968
2.736
2.313
2.648
2.846
2.565
2.262
2.708
2.821
2.557
2.400
2.365
2.407
2.733
3.031
3.257
2.840
2.682
3.065
3.240
2.710
3.130
2.636
2.978
3.332
3.528
3.887
4.036
3.984
3.606
3.520
3.078
3.204
2.801
2.915
2.918
2.641
2.381
2.378
2.042
1.834
1.971
1.724
2.129
2.222
2.391
2.599
2.904
3.253
3.184
3.020
2.452
2.731
2.876
2.578
2.547
2.029
2.179
1.782
1.911
1.563
1.750
1.067
1.475
1.227
1.445
1.693
1.879
1.616
1.702
1.029
1.510
1.260
1.614
1.228
1.873
1.874
2.268
2.537
2.706
3.009
3.218
3.485
3.150
3.724
3.528
3.969
4.200
3.924
3.865
3.508
3.222
2.998
2.672
2.615
2.405
2.058
1.976
1.638
1.605
1.217
1.441
0.968
1.565
1.424
1.861
2.091
2.157
2.447
2.560
2.886
3.023
3.115
2.786
2.585
2.922
2.817
2.344
2.654
2.859
2.619
2.158
2.698
2.861
2.251
2.405
2.938
3.225
3.335
3.034
2.833
2.378
2.703
2.917
2.689
2.314
2.785
2.952
2.679
2.555
2.546
2.566
2.921
3.437
3.620
3.172
3.059
3.417
3.592
3.036
3.447
2.964
3.308
3.647
3.853
4.198
4.354
4.311
3.943
3.862
3.430
3.555
3.156
3.294
3.305
3.037
2.806
2.767
2.460
2.249
2.363
2.136
2.525
2.623
2.749
2.982
3.276
3.627
3.552
3.412
2.869
3.120
3.257
2.956
2.917
2.409
2.534
2.149
2.276
1.940
2.090
1.598
1.800
1.485
1.630
1.893
2.042
1.706
1.920
1.206
1.777
1.594
1.920
1.597
2.216
2.253
2.617
2.891
3.053
3.361
3.581
3.855
3.518
4.105
3.934
4.359
4.595
4.342
4.270
3.905
3.623
3.378
3.047
2.933
2.727
2.386
2.309
1.978
1.925
1.553
1.707
1.194
1.767
1.555
2.006
2.201
2.352
2.535
2.688
3.018
3.225
3.241
2.903
2.762
3.082
2.951
2.492
2.822
3.030
2.757
2.376
2.892
3.025
2.419
2.624
3.134
3.420
3.427
3.112
2.866
2.430
2.818
3.011
2.698
2.466
2.909
2.992
2.718
2.534
2.458
2.477
2.773
3.040
3.287
2.913
2.664
3.115
3.281
2.815
3.289
2.792
3.118
3.498
3.658
4.050
4.193
4.112
3.724
3.646
3.186
3.257
2.855
2.899
2.888
2.585
2.251
2.329
1.942
1.763
1.961
1.676
2.121
2.147
2.444
2.556
2.914
3.253
3.163
2.982
2.346
2.717
2.878
2.611
2.595
1.961
2.217
1.814
1.972
1.619
1.842
1.222
1.630
1.451
1.670
1.926
2.134
1.912
1.911
1.307
1.713
1.404
1.767
1.258
2.015
1.891
2.355
2.597
2.736
3.028
3.207
3.448
3.055
3.632
3.410
3.836
4.077
3.830
3.796
3.447
3.174
2.967
2.658
2.568
2.404
2.083
2.053
1.718
1.771
1.350
1.673
1.227
1.825
1.718
2.127
2.361
2.384
2.732
2.816
3.132
3.220
3.383
3.064
2.821
3.173
3.117
2.635
2.911
3.146
2.899
2.427
2.967
3.124
2.512
2.639
3.178
3.450
3.557
3.251
3.038
2.597
2.913
3.112
2.866
2.501
2.940
3.073
2.764
2.701
2.697
2.765
3.094
3.526
3.659
3.195
3.187
3.520
3.710
3.143
3.527
3.085
3.421
3.698
3.919
4.225
4.410
4.407
4.078
4.012
3.603
3.714
3.311
3.466
3.461
3.235
3.023
2.874
2.626
2.382
2.465
2.293
2.656
2.845
2.864
3.197
3.475
3.833
3.769
3.671
3.118
3.397
3.506
3.191
3.123
2.659
2.695
2.319
2.374
2.037
2.105
1.656
1.739
1.376
1.450
1.712
1.839
1.491
1.816
1.144
1.790
1.668
2.004
1.810
2.377
2.499
2.822
3.114
3.294
3.607
3.848
4.136
3.868
4.441
4.292
4.745
4.966
4.661
4.574
4.203
3.918
3.663
3.324
3.240
3.014
2.642
2.523
2.153
2.072
1.735
1.750
1.224
1.722
1.421
1.841
1.917
2.179
2.258
2.450
2.773
3.018
2.959
2.621
2.589
2.863
2.650
2.263
2.605
2.762
2.435
2.270
2.686
2.749
2.185
2.480
2.928
3.243
3.234
2.930
2.704
2.210
2.685
2.911
2.631
2.419
2.911
3.053
2.820
2.546
2.443
2.333
2.662
2.909
3.149
2.781
2.381
2.828
2.949
2.504
2.939
2.389
2.746
3.157
3.280
3.705
3.811
3.703
3.294
3.201
2.724
2.811
2.430
2.503
2.518
2.169
1.879
2.099
1.745
1.561
1.849
1.497
1.883
1.707
2.094
2.082
2.435
2.753
2.609
2.403
1.846
2.115
2.280
2.068
2.106
1.449
1.862
1.494
1.792
1.549
1.893
1.359
1.875
1.748
1.966
2.214
2.439
2.219
2.124
1.572
1.733
1.314
1.588
0.935
1.663
1.371
1.933
2.134
2.277
2.541
2.682
2.904
2.496
3.055
2.797
3.220
3.461
3.204
3.166
2.799
2.545
2.392
2.109
2.107
1.952
1.682
1.705
1.302
1.520
1.126
1.562
1.287
1.881
1.940
2.336
2.628
2.681
3.045
3.028
3.286
3.336
3.489
3.182
2.947
3.237
3.185
2.704
2.889
3.142
2.952
2.374
2.936
3.150
2.567
2.552
3.133
3.330
3.521
3.275
3.065
2.634
2.903
3.093
2.843
2.461
2.853
3.000
2.644
2.682
2.708
2.823
3.148
3.715
3.820
3.362
3.413
3.751
3.948
3.379
3.740
3.322
3.684
3.939
4.187
4.466
4.647
4.670
4.346
4.266
3.885
3.985
3.573
3.722
3.702
3.493
3.260
3.063
2.828
2.561
2.654
2.508
2.874
3.109
3.099
3.471
3.755
4.115
4.063
3.966
3.389
3.701
3.807
3.489
3.412
2.941
2.959
2.580
2.592
2.245
2.255
1.824
1.803
1.418
1.441
1.676
1.753
1.405
1.866
1.302
1.977
1.889
2.244
2.088
2.660
2.794
3.123
3.419
3.604
3.917
4.159
4.448
4.175
4.749
4.593
5.043
5.267
4.965
4.880
4.511
4.223
3.973
3.633
3.552
3.326
2.954
2.829
2.459
2.353
1.999
1.960
1.453
1.822
1.475
1.844
1.833
2.088
2.085
2.399
2.709
2.996
2.960
2.628
2.589
2.893
2.716
2.290
2.687
2.873
2.535
2.420
2.839
2.919
2.382
2.713
3.131
3.460
3.455
3.136
2.942
2.435
2.936
3.172
2.912
2.701
3.207
3.367
3.132
2.852
2.732
2.590
2.904
3.111
3.368
3.035
2.528
3.010
3.105
2.676
3.073
2.494
2.823
3.260
3.326
3.790
3.886
3.744
3.333
3.262
2.783
2.890
2.532
2.592
2.590
2.218
1.865
2.193
1.870
1.641
2.033
1.707
2.091
1.759
2.210
2.123
2.496
2.766
2.531
2.309
1.795
1.999
2.186
2.072
2.164
1.502
2.028
1.697
2.027
1.851
2.191
1.708
2.202
2.127
2.340
2.631
2.835
2.538
2.472
1.902
2.045
1.608
1.821
1.172
1.769
1.427
1.971
2.116
2.212
2.457
2.550
2.744
2.254
2.747
2.461
2.841
3.096
2.893
2.899
2.474
2.343
2.229
1.972
1.940
1.855
1.623
1.731
1.292
1.688
1.293
1.799
1.614
2.189
2.264
2.674
2.968
3.002
3.383
3.368
3.615
3.661
3.799
3.494
3.273
3.540
3.466
3.001
3.169
3.408
3.190
2.634
3.168
3.357
2.780
2.740
3.309
3.449
3.651
3.409
3.217
2.798
3.024
3.195
2.924
2.575
2.914
3.033
2.625
2.809
2.865
2.997
3.323
