3.065
2.882
2.381
2.489
2.838
3.074
2.604
3.085
2.673
3.132
3.397
3.726
3.976
4.079
4.171
3.772
3.630
3.229
3.245
2.794
2.882
2.828
2.692
2.399
2.081
2.051
1.710
1.700
1.664
1.979
2.260
2.237
2.746
3.048
3.411
3.441
3.311
2.721
3.182
3.228
2.883
2.756
2.272
2.193
1.818
1.693
1.339
1.270
0.528
0.862
0.505
0.622
0.864
1.009
0.741
0.986
0.583
1.146
1.039
1.465
1.480
2.037
2.259
2.616
2.930
3.203
3.482
3.711
3.967
3.609
4.146
3.850
4.251
4.515
4.283
4.252
3.892
3.643
3.378
3.161
3.152
2.928
2.586
2.446
2.097
1.881
1.535
1.364
0.828
1.104
0.747
1.129
1.257
1.342
1.507
1.744
2.065
2.299
2.354
2.010
1.894
2.249
2.163
1.666
2.097
2.353
2.113
1.840
2.363
2.552
2.041
2.347
2.779
3.118
3.211
2.872
2.776
2.232
2.687
2.957
2.814
2.461
3.005
3.212
3.121
2.826
2.788
2.603
2.978
3.654
3.372
3.015
2.635
2.916
2.998
2.474
2.771
2.180
2.424
2.846
2.922
3.362
3.522
3.356
2.985
2.975
2.530
2.724
2.342
2.581
2.689
2.334
2.239
2.512
2.228
2.253
2.356
1.912
2.106
1.921
2.126
2.122
2.324
2.642
2.396
2.145
1.810
1.762
1.973
1.867
1.978
1.541
1.902
1.632
1.962
1.928
2.252
1.687
2.257
1.980
2.188
2.455
2.479
2.292
2.338
1.655
1.891
1.521
1.520
1.067
1.364
1.303
1.570
1.772
1.808
2.115
2.287
2.355
2.284
2.483
2.670
2.597
2.292
2.176
1.776
1.703
1.390
1.246
0.961
1.267
1.463
1.173
1.220
0.916
1.213
1.095
1.442
1.478
1.917
1.992
2.442
2.693
2.869
3.131
3.131
3.374
3.423
3.457
3.178
3.015
3.180
3.037
2.652
2.784
2.940
2.658
2.310
2.682
2.754
2.168
2.152
2.703
2.881
2.930
2.607
2.375
2.020
2.296
2.370
2.079
1.852
2.157
2.173
1.809
1.851
1.912
2.042
2.375
3.135
2.905
2.384
2.530
2.814
3.027
2.493
2.923
2.507
2.935
3.192
3.499
3.764
3.892
3.987
3.590
3.471
3.083
3.140
2.711
2.862
2.837
2.709
2.470
2.197
2.201
1.896
1.826
1.775
2.044
2.293
2.207
2.725
2.979
3.343
3.347
3.173
2.708
2.952
3.060
2.740
2.659
2.171
2.131
1.753
1.706
1.361
1.385
0.731
1.106
0.734
0.870
1.154
1.124
0.692
0.979
0.444
1.068
1.005
1.353
1.317
1.887
2.075
2.432
2.723
2.938
3.228
3.455
3.726
3.417
3.946
3.675
4.094
4.351
4.100
4.052
3.714
3.428
3.165
2.914
2.912
2.664
2.308
2.180
1.837
1.672
1.294
1.148
0.596
0.932
0.583
0.981
1.128
1.343
1.487
1.602
1.931
2.181
2.173
1.818
1.752
2.063
1.946
1.470
1.887
2.134
1.875
1.627
2.135
2.315
1.782
2.096
2.542
2.861
2.863
2.558
2.358
1.848
2.339
2.576
2.356
2.100
2.618
2.793
2.644
2.336
2.263
2.120
2.443
3.154
2.878
2.529
2.132
2.498
2.608
2.134
2.522
1.932
2.187
2.608
2.696
3.128
3.285
3.130
2.755
2.736
2.289
2.452
2.034
2.173
2.232
1.891
1.707
1.925
1.620
1.606
1.761
1.337
1.592
1.450
1.747
1.751
2.066
2.381
2.182
1.945
1.570
1.576
1.782
1.640
1.727
1.117
1.508
1.155
1.469
1.369
1.712
1.246
1.947
1.711
1.958
2.246
2.263
2.045
1.973
1.372
1.488
1.047
1.175
0.554
1.115
1.003
1.333
1.554
1.619
1.934
2.145
2.233
2.094
2.332
2.504
2.440
2.151
2.079
1.668
1.648
1.348
1.129
0.889
1.172
1.334
0.994
0.995
0.696
0.973
0.867
1.186
1.093
1.593
1.693
2.125
2.407
2.610
2.871
2.790
3.008
3.070
3.156
2.892
2.686
2.913
2.804
2.387
2.542
2.720
2.446
2.075
2.470
2.560
1.976
1.958
2.510
2.680
2.765
2.501
2.303
1.895
2.158
2.289
2.032
1.704
2.028
2.139
1.772
1.863
1.963
2.096
2.444
3.391
3.120
2.599
2.671
2.925
3.096
2.519
2.874
2.440
2.802
3.064
3.278
3.623
3.784
3.823
3.455
3.384
2.995
3.132
2.745
2.880
2.915
2.661
2.533
2.425
2.219
2.001
2.032
1.821
2.167
2.308
2.339
2.601
2.869
3.226
3.157
2.972
2.583
2.715
2.839
2.532
2.497
2.013
2.127
1.753
1.899
1.611
1.738
1.122
1.572
1.177
1.364
1.649
1.606
1.172
1.316
0.732
1.223
1.217
1.435
1.157
1.797
1.869
2.202
2.480
2.672
2.964
3.185
3.450
3.128
3.661
3.401
3.802
4.062
3.834
3.795
3.453
3.185
2.899
2.650
2.602
2.379
2.022
1.920
1.552
1.523
1.129
1.115
0.660
1.057
0.864
1.294
1.484
1.774
1.949
1.935
2.267
2.426
2.371
2.016
2.025
2.251
2.011
1.631
1.975
2.135
1.811
1.609
2.048
2.125
1.554
1.873
2.313
2.629
2.606
2.293
2.058
1.601
2.043
2.242
1.940
1.748
2.212
2.350
2.132
1.852
1.774
1.728
2.023
2.747
2.508
2.137
1.865
2.251
2.366
1.891
2.299
1.757
2.125
2.515
2.689
3.063
3.178
3.105
2.706
2.619
2.155
2.238
1.811
1.947
2.009
1.679
1.529
1.589
1.259
1.199
1.311
0.947
1.324
1.248
1.522
1.550
1.864
2.191
2.037
1.827
1.390
1.592
1.749
1.540
1.529
0.928
1.265
0.907
1.157
0.867
1.189
0.689
1.318
1.166
1.403
1.683
1.773
1.573
1.438
0.961
1.071
0.655
0.948
0.310
0.989
0.831
1.326
1.608
1.796
2.126
2.388
2.550
2.178
2.468
2.566
2.468
2.236
2.232
1.881
1.849
1.666
1.311
1.318
1.563
1.588
1.245
1.139
0.772
0.850
0.648
0.969
0.667
1.230
1.349
1.661
1.964
2.046
2.370
2.316
2.543
2.600
2.761
2.504
2.230
2.530
2.526
2.045
2.211
2.489
2.326
1.829
2.305
2.485
1.917
1.890
2.457
2.693
2.815
2.580
2.431
1.964
2.231
2.418
2.230
1.798
2.211
2.387
2.108
2.124
2.243
2.322
2.711
3.560
3.257
2.761
2.785
2.950
3.081
2.478
2.655
2.267
2.462
2.677
2.822
3.162
3.382
3.400
3.088
3.087
2.783
3.020
2.682
2.937
3.002
2.827
2.757
2.661
2.612
2.420
2.315
2.169
2.310
2.505
2.386
2.729
2.881
3.227
3.110
3.063
2.805
2.762
2.826
2.537
2.448
2.119
2.137
1.869
1.988
1.818
1.995
1.426
1.973
1.596
1.827
2.112
2.041
1.617
1.660
1.054
1.402
1.398
1.411
1.397
1.712
1.949
2.014
2.292
2.432
2.732
3.009
3.295
3.115
3.603
3.465
3.896
4.122
3.881
3.828
3.449
3.243
2.926
2.585
2.422
2.042
1.791
1.609
1.300
1.293
0.988
1.118
0.857
1.233
1.217
1.621
1.803
2.167
2.332
2.189
2.461
2.527
2.379
2.067
2.078
2.143
1.858
1.644
1.843
1.854
1.515
1.475
1.726
1.636
1.091
1.341
1.753
2.008
1.881
1.576
1.327
0.898
1.373
1.565
1.275
1.192
1.637
1.772
1.589
1.254
1.153
1.013
1.334
2.041
1.778
1.417
1.136
1.521
1.681
1.265
1.779
1.350
1.824
2.134
2.419
2.680
2.763
2.792
2.398
2.232
1.805
1.745
1.315
1.340
1.349
1.090
0.950
1.053
0.786
0.707
0.726
0.383
0.579
0.693
0.864
1.069
1.433
1.775
1.704
1.601
0.937
1.511
1.621
1.338
1.194
0.570
0.659
0.263
0.411
0.288
0.634
0.339
0.790
0.847
1.078
1.420
1.548
1.143
1.032
0.655
0.652
0.336
0.498
0.267
0.736
0.725
1.269
1.556
1.847
2.119
2.439
2.654
2.096
2.421
2.450
2.338
2.216
2.314
2.038
2.049
1.956
1.494
1.693
1.892
1.731
1.198
1.232
0.978
0.804
0.652
0.711
0.415
0.929
1.090
1.306
1.611
1.572
1.941
1.907
2.098
2.086
2.315
2.106
1.785
2.048
2.110
1.681
1.676
2.009
1.999
1.406
1.899
2.157
1.822
1.651
2.232
2.475
2.710
2.561
2.518
2.023
2.263
2.498
2.412
1.916
2.362
2.593
2.414
2.358
2.467
2.464
2.891
3.420
3.108
2.701
2.477
2.802
2.952
2.404
2.808
2.285
2.596
2.973
3.112
3.547
3.685
3.620
3.212
3.149
2.696
2.862
2.471
2.623
2.684
2.397
2.325
2.298
2.047
1.888
1.919
1.661
1.962
2.030
2.171
2.307
2.566
2.916
2.819
2.628
2.293
2.353
2.491
2.194
2.183
1.705
1.876
1.511
1.748
1.507
1.805
1.174
1.844
1.538
1.805
2.115
2.211
1.845
1.789
1.013
1.410
1.146
1.297
0.878
1.526
1.531
1.876
2.140
2.268
2.565
2.751
3.023
2.624
3.163
2.889
3.279
3.541
3.348
3.351
3.007
2.802
2.466
2.263
2.103
1.879
1.576
1.575
1.255
1.277
0.969
1.200
0.866
1.428
1.451
1.893
2.172
2.409
2.663
2.583
2.877
2.981
2.985
2.643
2.573
2.769
2.590
2.157
2.453
2.620
2.299
1.967
2.409
2.430
1.823
1.963
2.479
2.715
2.669
2.346
2.106
1.730
2.068
2.217
1.899
1.701
2.085
2.135
1.818
1.733
1.653
1.686
1.951
2.662
2.471
2.096
1.873
2.344
2.529
2.143
2.659
2.218
2.680
2.996
3.270
3.550
3.653
3.661
3.264
3.115
2.675
2.634
2.200
2.174
2.136
1.893
1.555
1.494
1.144
1.010
1.198
0.867
1.320
1.498
1.706
1.923
2.301
2.639
2.529
2.408
1.737
2.267
2.406
2.168
2.054
1.373
1.552
1.147
1.189
0.815
1.024
0.414
0.752
0.545
0.754
1.068
1.198
0.964
0.987
0.518
0.983
0.658
1.084
0.796
1.499
1.476
2.021
2.327
2.572
2.895
3.156
3.349
2.892
3.180
3.242
3.114
2.926
2.919
2.646
2.577
2.470
2.078
2.090
2.357
2.401
1.981
1.860
1.523
1.378
1.043
1.037
0.569
1.081
0.944
1.238
1.452
1.443
1.808
1.880
2.181
2.293
2.473
2.210
1.915
2.308
2.331
1.842
2.129
2.406
2.250
1.798
2.353
2.513
1.915
2.107
2.618
2.925
3.017
2.722
2.530
2.082
2.422
2.652
2.437
2.091
2.594
2.772
2.607
2.353
2.362
2.283
2.693
3.319
2.981
2.618
2.309
2.624
2.753
2.216
2.607
2.062
2.357
2.756
2.861
3.306
3.458
3.327
2.934
2.899
2.436
2.616
2.227
2.396
2.480
2.167
2.128
2.187
1.911
1.810
1.838
1.544
1.794
1.791
1.958
2.049
2.299
2.642
2.484
2.245
1.908
1.914
2.094
1.889
1.909
1.428
1.666
1.317
1.608
1.447
1.776
1.265
1.964
1.682
1.970
2.301
2.377
2.043
1.886
1.153
1.412
1.074
1.161
0.674
1.290
1.231
1.585
1.776
1.796
2.087
2.208
2.467
2.111
2.630
2.421
2.803
3.057
2.880
2.874
2.520
2.319
1.999
1.727
1.537
1.354
1.127
1.245
0.979
1.081
0.804
1.098
0.935
1.463
1.596
1.998
2.317
2.543
2.796
2.691
2.939
3.009
3.065
2.745
2.607
2.807
2.636
2.230
2.460
2.585
2.269
1.967
2.333
2.368
1.771
1.827
2.360
2.559
2.561
2.242
2.012
1.644
1.936
2.051
1.749
1.516
1.883
1.907
1.577
1.529
1.528
1.647
1.965
2.548
2.459
2.019
2.125
2.456
2.675
2.192
2.656
2.252
2.738
2.987
3.320
3.538
3.679
3.739
3.381
3.238
2.845
2.818
2.379
2.472
2.435
2.285
2.017
1.813
1.602
1.314
1.402
1.254
1.589
1.854
1.831
2.305
2.604
2.965
2.964
2.837
2.214
2.692
2.790
2.479
2.322
1.830
1.764
1.398
1.279
0.942
0.855
0.292
0.528
0.314
0.377
0.664
0.646
0.552
0.754
0.292
0.810
0.609
1.049
1.052
1.595
1.850
2.200
2.543
2.797
3.093
3.334
3.557
3.188
3.571
3.621
3.538
3.382
3.430
3.075
3.064
2.838
2.506
2.380
2.624
2.678
2.279
2.067
1.682
1.460
1.175
0.950
0.439
0.853
0.685
0.977
1.063
1.089
1.331
1.546
1.854
2.055
2.203
1.891
1.692
2.096
2.097
1.590
1.905
2.168
2.027
1.586
2.153
2.344
1.764
2.037
2.486
2.811
2.893
2.583
2.417
1.962
2.330
2.573
2.374
2.050
2.572
2.760
2.625
2.335
2.322
2.180
2.600
3.063
2.703
2.385
2.005
2.309
2.425
1.907
2.292
1.736
2.049
2.460
2.609
3.034
3.147
3.068
2.631
2.567
2.097
2.265
1.878
2.048
2.131
1.787
1.742
1.891
1.616
1.594
1.630
1.279
1.495
1.386
1.606
1.650
1.923
2.254
2.106
1.870
1.533
1.469
1.680
1.507
1.549
1.011
1.335
1.004
1.331
1.271
1.618
1.270
1.931
1.724
2.029
2.379
2.427
2.097
1.862
1.223
1.309
0.907
0.931
0.398
0.972
0.833
1.278
1.399
1.432
1.678
1.752
1.978
1.571
2.100
1.867
2.278
2.526
2.321
2.327
1.997
1.825
1.442
1.215
1.093
0.991
0.842
1.008
0.654
0.820
0.607
0.934
0.941
1.406
1.640
1.990
2.329
2.552
2.801
2.658
2.863
2.898
2.979
2.681
2.497
2.686
2.595
2.151
2.338
2.533
2.330
1.839
2.278
2.479
1.923
1.870
2.439
2.525
2.630
2.344
2.129
1.782
2.001
2.089
1.781
1.536
1.832
1.867
1.426
1.649
1.734
1.883
2.223
2.700
2.665
2.183
2.436
2.690
2.930
2.435
2.852
2.455
2.829
3.052
3.326
3.576
3.781
3.808
3.501
3.421
3.071
3.117
2.675
2.825
2.776
2.687
2.399
2.170
2.066
1.779
1.784
1.692
1.951
2.225
2.122
2.714
2.974
3.335
3.279
3.208
2.663
2.958
3.067
2.759
2.650
2.271
2.116
1.747
1.595
1.227
1.151
0.715
0.657
0.329
0.248
0.552
0.450
0.318
0.611
0.343
0.901
0.962
1.328
1.486
1.841
2.141
2.328
2.663
2.845
3.101
3.320
3.578
3.340
3.723
3.843
3.812
3.648
3.653
3.253
3.288
2.954
2.686
2.505
2.719
2.741
2.333
2.099
1.694
1.533
1.143
1.118
0.689
0.796
0.467
0.770
0.814
0.863
1.094
1.298
1.610
1.860
1.974
1.655
1.490
1.910
1.894
1.380
1.788
2.045
1.740
1.536
1.976
2.073
1.512
1.849
2.246
2.579
2.635
2.312
2.164
1.703
2.107
2.356
2.166
1.884
2.413
2.603
2.491
2.172
2.135
1.933
2.359
3.324
2.911
2.655
2.132
2.429
2.449
2.087
2.343
1.738
1.930
2.402
2.355
2.894
2.999
2.766
2.349
2.369
1.901
2.070
1.780
1.951
2.063
1.683
1.701
2.005
1.829
1.805
2.032
1.581
1.736
1.300
1.530
1.448
1.608
1.900
1.619
1.351
1.026
0.977
1.171
1.128
1.326
0.912
1.410
1.326
1.721
1.871
2.230
2.054
2.648
2.528
2.816
3.161
3.259
2.931
2.678
2.070
2.081
1.638
1.542
1.093
1.122
0.713
1.005
1.072
1.114
1.344
1.437
1.634
1.208
1.747
1.476
1.901
2.150
1.923
1.917
1.582
1.346
1.032
0.872
0.832
0.728
0.601
0.807
0.351
1.050
1.195
1.525
1.769
2.140
2.437
2.771
3.115
3.370
3.607
3.403
3.568
3.547
3.597
3.323
3.106
3.222
3.119
2.762
2.797
2.966
2.712
2.362
2.648
2.743
2.246
2.091
2.595
2.570
2.764
2.559
2.380
2.051
2.134
2.244
1.956
1.648
1.931
2.009
1.551
1.913
2.050
2.224
2.528
2.928
2.959
2.462
2.844
3.037
3.271
2.762
3.114
2.809
3.248
3.412
3.736
3.915
4.091
4.221
3.933
3.802
3.436
3.474
3.043
3.257
3.210
3.165
2.886
2.619
2.609
2.310
2.266
2.232
2.432
2.697
2.522
3.166
3.398
3.756
3.758
3.735
3.171
3.572
3.626
3.296
3.109
2.719
2.500
2.179
1.998
1.666
1.519
1.233
1.136
0.773
0.637
0.917
0.402
0.338
0.875
0.857
1.260
1.462
1.738
1.983
2.328
2.672
2.889
3.270
3.511
3.752
3.995
4.311
3.949
4.387
4.432
4.400
4.287
4.340
3.962
4.000
3.711
3.415
3.286
3.494
3.450
3.067
2.778
2.388
2.109
1.739
1.524
1.150
1.021
0.553
0.824
0.669
0.930
0.919
1.229
1.546
1.848
1.860
1.512
1.499
1.845
1.691
1.262
1.759
1.998
1.738
1.667
2.115
2.264
1.885
2.233
2.556
2.913
2.963
2.567
2.465
2.125
2.558
2.837
2.681
2.502
3.030
3.214
3.135
2.774
2.653
2.329
2.706
2.774
2.383
2.112
1.616
1.938
2.003
1.576
1.920
1.336
1.674
2.114
2.207
2.666
2.741
2.617
2.179
2.104
1.618
1.753
1.393
1.556
1.668
1.304
1.260
1.480
1.246
1.263
1.392
0.952
1.169
0.886
1.105
1.128
1.376
1.701
1.483
1.229
0.897
0.909
1.078
0.947
1.007
0.503
0.924
0.752
1.133
1.218
1.582
1.456
2.033
1.916
2.228
2.586
2.603
2.278
1.990
1.439
1.378
0.964
0.868
0.450
0.696
0.278
0.874
1.010
1.167
1.374
1.495
1.720
1.407
1.910
1.604
2.041
2.281
1.986
1.931
1.576
1.340
1.105
0.929
1.110
0.914
0.532
0.667
0.336
0.656
0.600
0.925
1.127
1.495
1.810
2.112
2.461
2.687
2.927
2.742
2.904
2.900
2.993
2.720
2.495
2.659
2.593
2.178
2.287
2.488
2.298
1.813
2.204
2.409
1.898
1.752
2.323
2.399
2.585
2.372
2.210
1.826
1.985
2.136
1.865
1.504
1.824
1.974
1.573
1.826
1.970
2.062
2.459
2.850
2.842
2.343
2.660
2.850
3.049
2.509
2.804
2.450
2.827
3.002
3.289
3.506
3.717
3.777
3.496
3.413
3.083
3.172
2.775
3.016
2.995
2.925
2.693
2.481
2.449
2.189
2.123
2.055
2.247
2.482
2.298
2.904
3.079
3.431
3.361
3.345
2.908
3.112
3.187
2.869
2.736
2.355
2.221
1.918
1.792
1.488
1.421
1.088
1.164
0.752
0.815
1.125
0.822
0.515
0.825
0.657
1.082
1.228
1.465
1.664
1.928
2.238
2.384
2.759
2.951
3.185
3.398
3.692
3.441
3.846
3.948
3.942
3.812
3.837
3.442
3.490
3.149
2.871
2.687
2.905
2.887
2.484
2.224
1.816
1.568
1.230
1.161
0.820
0.795
0.427
0.742
0.780
1.087
1.247
1.289
1.624
1.883
1.843
1.535
1.469
1.773
1.594
1.178
1.597
1.807
1.452
1.386
1.788
1.840
1.354
1.749
2.082
2.425
2.418
2.060
1.911
1.534
1.982
2.247
2.080
1.848
2.379
2.576
2.503
2.156
2.038
1.738
2.115
2.036
1.697
1.376
1.075
1.435
1.618
1.183
1.723
1.302
1.777
2.081
2.362
2.659
2.706
2.719
2.295
2.172
1.696
1.726
1.270
1.326
1.326
1.065
0.925
0.963
0.649
0.618
0.631
0.396
0.569
0.640
0.781
0.951
1.309
1.630
1.485
1.295
0.850
1.168
1.269
1.014
1.033
0.278
0.644
0.263
0.348
0.265
0.632
0.719
1.108
1.149
1.421
1.771
1.816
1.444
1.173
0.755
0.656
0.286
0.422
0.392
0.737
0.445
1.128
1.273
1.519
1.676
1.870
2.122
1.875
2.354
2.052
2.485
2.717
2.395
2.306
1.961
1.646
1.529
1.335
1.628
1.378
0.894
1.112
0.733
0.815
0.815
0.682
0.757
0.992
1.254
1.430
1.755
1.831
2.124
2.001
2.129
2.087
2.310
2.073
1.805
2.008
2.061
1.620
1.635
1.958
1.950
1.359
1.846
2.112
1.794
1.623
2.204
2.454
2.700
2.540
2.539
2.059
2.230
2.484
2.479
1.938
2.377
2.628
2.428
2.572
2.708
2.548
3.064
3.424
3.328
2.891
2.966
3.010
3.086
2.468
2.598
2.238
2.421
2.618
2.767
3.075
3.331
3.297
3.057
3.056
2.775
2.981
2.686
3.014
3.150
3.008
3.029
3.044
2.970
2.880
2.742
2.505
2.547
2.710
2.517
2.839
2.883
3.218
3.050
3.080
2.820
2.749
2.829
2.571
2.407
2.201
2.209
2.081
2.204
2.129
2.279
1.788
2.136
1.726
1.765
2.065
1.644
1.478
1.781
1.420
1.661
1.761
1.597
1.777
1.789
1.999
1.972
2.318
2.416
2.593
2.749
2.993
2.957
3.292
3.473
3.531
3.376
3.345
2.940
2.909
2.584
2.366
2.083
2.302
2.345
1.942
1.782
1.416
1.242
1.143
1.268
1.207
1.432
1.324
1.631
1.571
1.995
2.020
2.020
2.320
2.482
2.319
2.020
2.100
2.164
1.829
1.654
1.795
1.774
1.434
1.440
1.660
1.534
0.985
1.270
1.639
1.909
1.808
1.494
1.250
0.807
1.291
1.489
1.204
1.131
1.579
1.721
1.583
1.227
1.137
0.905
1.326
2.717
2.374
2.222
1.654
2.221
2.343
2.045
2.497
1.973
2.326
2.717
2.900
3.299
3.402
3.344
2.908
2.809
2.337
2.322
1.971
1.839
1.792
1.463
1.094
1.253
0.917
0.735
1.127
0.829
1.250
1.055
1.484
1.477
1.900
2.204
2.012
1.855
1.226
1.696
1.859
1.680
1.691
0.892
1.401
1.031
1.279
1.100
1.438
1.055
1.659
1.500
1.789
2.128
2.222
1.896
1.710
1.022
1.249
0.853
1.040
0.431
1.216
1.047
1.587
1.833
2.023
2.278
2.416
2.633
2.230
2.763
2.414
2.796
3.060
2.834
2.761
2.383
2.156
1.983
1.851
1.880
1.708
1.418
1.367
1.008
1.045
0.768
1.033
0.784
1.350
1.488
1.868
2.191
2.385
2.649
2.559
2.799
2.873
2.959
2.646
2.481
2.710
2.620
2.146
2.381
2.593
2.407
1.899
2.388
2.604
2.032
2.043
2.613
2.859
2.998
2.746
2.605
2.127
2.404
2.607
2.423
1.979
2.417
2.610
2.320
2.358
2.437
2.417
2.853
3.374
3.259
2.796
2.839
3.071
3.236
2.640
2.963
2.531
2.872
3.137
3.378
3.668
3.875
3.860
3.540
3.475
3.100
3.213
2.827
3.049
3.093
2.890
2.775
2.731
2.495
2.339
2.343
2.112
2.333
2.536
2.453
2.793
3.013
3.364
3.258
3.139
2.734
2.856
3.003
2.712
2.643
2.276
2.265
1.941
1.999
1.775
1.881
1.210
1.669
1.299
1.369
1.639
1.430
1.262
1.488
0.893
1.377
1.331
1.515
1.444
1.851
2.110
2.290
2.608
2.760
3.028
3.242
3.454
3.270
3.616
3.760
3.723
3.521
3.498
3.090
3.096
2.772
2.527
2.305
2.541
2.617
2.204
2.015
1.620
1.537
1.165
1.224
0.850
1.232
1.026
1.485
1.641
1.916
2.012
2.122
2.463
2.614
2.576
2.260
2.209
2.453
2.239
1.825
2.146
2.298
2.007
1.755
2.191
2.269
1.679
1.961
2.405
2.719
2.746
2.443
2.198
1.762
2.189
2.420
2.152
1.911
2.419
2.590
2.410
2.098
1.966
1.772
2.057
3.266
2.957
2.616
2.285
2.720
2.874
2.372
2.817
2.298
2.635
3.020
3.208
3.603
3.715
3.670
3.234
3.152
2.687
2.816
2.417
2.505
2.490
2.168
1.861
1.908
1.569
1.384
1.647
1.343
1.801
1.757
2.077
2.148
2.478
2.819
2.667
2.429
1.965
2.144
2.311
2.116
2.125
1.499
1.792
1.402
1.641
1.362
1.683
1.076
1.738
1.475
1.735
2.050
2.193
1.874
1.760
1.023
1.401
1.067
1.304
0.773
1.523
1.430
1.897
2.151
2.313
2.574
2.694
2.885
2.409
2.952
2.613
2.986
3.255
3.055
3.062
2.664
2.521
2.234
2.134
2.112
1.965
1.676
1.656
1.310
1.340
1.036
1.270
0.868
1.478
1.513
1.925
2.222
2.391
2.670
2.629
2.904
3.011
3.088
2.761
2.597
2.859
2.770
2.286
2.568
2.777
2.584
2.090
2.596
2.805
2.212
2.282
2.839
3.099
3.225
2.946
2.785
2.316
2.613
2.820
2.623
2.197
2.645
2.829
2.457
2.513
2.562
2.563
2.972
3.546
3.406
2.957
2.931
3.206
3.378
2.790
3.139
2.682
3.017
3.315
3.542
3.853
4.053
4.014
3.676
3.614
3.215
3.331
2.927
3.127
3.172
2.933
2.799
2.795
2.487
2.322
2.401
2.125
2.402
2.547
2.568
2.833
3.083
3.431
3.319
3.147
2.737
2.851
3.031
2.757
2.713
2.278
2.352
1.998
2.103
1.850
1.939
1.240
1.553
1.207
1.259
1.528
1.469
1.320
1.601
0.963
1.544
1.424
1.641
1.448
1.949
2.140
2.363
2.671
2.808
3.092
3.307
3.477
3.313
3.630
3.781
3.729
3.492
3.446
3.037
3.016
2.707
2.491
2.237
2.501
2.625
2.219
2.068
1.697
1.643
1.317
1.400
0.974
1.444
1.225
1.671
1.800
1.978
2.114
2.301
2.633
2.865
2.853
2.539
2.433
2.720
2.532
2.100
2.421
2.588
2.308
2.011
2.464
2.553
1.953
2.198
2.667
2.972
3.009
2.703
2.490
2.042
2.423
2.642
2.381
2.106
2.595
2.754
2.555
2.283
2.259
2.173
2.556
3.549
3.260
2.861
2.648
3.036
3.202
2.685
3.126
2.612
2.951
3.324
3.523
3.907
4.030
3.994
3.563
3.486
3.028
3.162
2.764
2.857
2.891
2.601
2.431
2.391
2.110
1.907
1.994
1.749
2.146
2.222
2.388
2.545
2.845
3.197
3.096
2.862
2.477
2.584
2.745
2.494
2.483
1.918
2.131
1.740
1.922
1.613
1.857
1.183
1.779
1.495
1.715
1.992
2.158
1.827
1.837
1.072
1.581
1.309
1.584
1.123
1.846
1.813
2.227
2.486
2.647
2.913
3.034
3.244
2.762
3.308
2.985
3.343
3.619
3.461
3.489
3.098
2.970
2.637
2.477
2.388
2.270
2.002
1.960
1.620
1.632
1.312
1.492
1.019
1.615
1.540
1.980
2.241
2.409
2.644
2.683
2.995
3.135
3.189
2.847
2.705
2.988
2.884
2.404
2.714
2.933
2.721
2.262
2.772
2.957
2.350
2.490
3.024
3.299
3.397
3.093
2.897
2.454
2.777
2.977
2.697
2.376
2.810
2.920
2.586
2.531
2.521
2.583
2.898
3.555
3.393
2.972
2.883
3.257
3.434
2.878
3.259
2.780
3.112
3.444
3.663
3.990
4.177
4.114
3.756
3.691
3.267
3.379
2.958
3.116
3.134
2.871
2.598
2.566
2.224
2.061
2.228
1.919
2.331
2.455
2.598
2.793
3.077
3.419
3.294
3.075
2.646
2.776
2.961
2.735
2.715
2.194
2.371
1.983
2.084
1.739
1.859
1.174
1.527
1.232
1.395
1.639
1.650
1.573
1.736
1.072
1.661
1.428
1.730
1.391
2.000
2.076
2.387
2.682
2.809
3.111
3.331
3.458
3.296
3.582
3.729
3.658
3.387
3.311
2.920
2.859
2.569
2.390
2.131
2.421
2.587
2.199
2.087
1.755
1.720
1.401
1.555
1.089
1.641
1.455
1.877
2.070
2.143
2.338
2.540
2.865
3.057
3.113
2.808
2.621
2.961
2.818
2.365
2.679
2.867
2.609
2.246
2.721
2.835
2.227
2.424
2.921
3.214
3.272
2.962
2.755
2.321
2.663
2.872
2.608
2.305
2.774
2.918
2.688
2.472
2.472
2.442
2.817
3.704
3.444
3.010
2.876
3.264
3.445
2.923
3.366
2.866
3.222
3.575
3.798
4.158
4.287
4.273
3.848
3.766
3.317
3.440
3.035
3.128
3.144
2.880
2.708
2.573
2.331
2.086
2.170
1.966
2.362
2.514
2.614
2.843
3.145
3.501
3.429
3.220
2.780
2.970
3.115
2.814
2.787
2.233
2.397
2.005
2.119
1.787
1.951
1.251
1.744
1.440
1.636
1.868
2.037
1.714
1.846
1.107
1.703
1.462
1.804
1.416
2.116
2.135
2.529
2.799
2.985
3.271
3.472
3.713
3.214
3.759
3.410
3.763
4.039
3.900
3.935
3.533
3.419
3.101
2.925
2.850
2.679
2.339
2.258
1.921
1.887
1.561
1.656
1.122
1.703
1.523
1.972
2.183
2.346
2.513
2.652
2.985
3.172
3.185
2.831
2.730
3.028
2.889
2.431
2.769
2.991
2.723
2.359
2.855
3.000
2.390
2.599
3.114
3.405
3.440
3.129
2.913
2.444
2.846
3.054
2.775
2.495
2.962
3.104
2.838
2.656
2.609
2.601
2.907
3.622
3.398
3.021
2.759
3.168
3.321
2.832
3.252
2.741
3.079
3.448
3.639
3.999
4.163
4.073
3.692
3.621
3.170
3.265
2.830
2.928
2.948
2.640
2.349
2.435
2.080
1.957
2.177
1.818
2.218
2.198
2.509
2.559
2.896
3.223
3.037
2.819
2.360
2.541
2.723
2.559
2.565
1.923
2.237
1.837
2.046
1.735
1.985
1.312
1.737
1.468
1.651
1.868
1.982
1.928
2.004
1.350
1.775
1.462
1.737
1.222
1.940
1.860
2.285
2.559
2.681
3.001
3.230
3.316
3.126
3.373
3.511
3.394
3.112
2.991
2.652
2.546
2.307
2.133
1.916
2.228
2.407
2.072
2.000
1.668
1.715
1.409
1.657
1.257
1.811
1.736
2.165
2.412
2.420
2.701
2.852
3.159
3.295
3.360
3.064
2.867
3.177
3.072
2.600
2.893
3.088
2.847
2.428
2.921
3.052
2.441
2.587
3.106
3.381
3.447
3.134
2.931
2.495
2.821
3.015
2.743
2.429
2.865
2.983
2.703
2.570
2.592
2.619
2.976
3.958
3.717
3.283
3.170
3.582
3.771
3.261
3.713
3.219
3.580
3.931
4.157
4.514
4.642
4.632
4.206
4.121
3.672
3.786
3.374
3.450
3.454
3.191
2.977
2.827
2.578
2.312
2.423
2.235
2.647
2.822
2.930
3.168
3.484
3.839
3.764
3.546
3.082
3.296
3.446
3.157
3.133
2.551
2.732
2.334
2.417
2.065
2.180
1.453
1.863
1.540
1.717
1.919
2.087
1.753
2.049
1.370
1.997
1.760
2.130
1.757
2.470
2.474
2.886
3.152
3.331
3.614
3.806
4.044
3.638
4.182
3.875
4.256
4.525
4.322
4.314
3.941
3.733
3.445
3.257
3.204
3.016
2.682
2.612
2.276
2.245
1.919
1.983
1.420
1.971
1.689
2.120
2.269
2.432
2.492
2.751
3.077
3.330
3.321
2.963
2.897
3.201
3.052
2.610
2.975
3.201
2.900
2.615
3.100
3.223
2.628
2.884
3.375
3.676
3.680
3.374
3.153
2.667
3.112
3.327
3.048
2.795
3.275
3.420
3.182
2.945
2.874
2.841
3.120
3.853
3.611
3.246
2.896
3.334
3.465
3.009
3.430
2.883
3.224
3.623
3.770
4.168
4.293
4.194
3.799
3.732
3.265
3.352
2.932
3.019
3.036
2.704
2.378
2.541
2.183
1.969
2.354
1.978
2.371
2.249
2.622
2.604
2.951
3.255
3.008
2.776
2.371
2.491
2.673
2.585
2.631
1.955
2.377
1.991
2.252
1.974
2.272
1.640
2.067
1.864
2.087
2.307
2.448
2.326
2.361
1.713
2.090
1.723
1.977
1.381
2.085
1.891
2.382
2.621
2.718
3.045
3.239
3.297
3.123
3.296
3.442
3.284
2.993
2.809
2.530
2.370
2.171
2.026
1.856
2.181
2.379
2.120
2.107
1.765
1.922
1.656
1.943
1.607
2.159
2.096
2.527
2.767
2.817
3.149
3.215
3.517
3.632
3.724
3.429
3.218
3.526
3.432
2.963
3.226
3.436
3.200
2.763
3.254
3.397
2.785
2.882
3.429
3.681
3.761
3.443
3.234
2.810
3.130
3.300
3.021
2.718
3.122
3.215
2.889
2.817
2.841
2.903
3.236
