26
27
28
45
46
47
48
49
50
51
52
53
54
55
56
57
58
59
87
88
89
90
91
92
93
208
209
213
215
285
286
303
304
305
306
307
308
309
310
311
312
313
314
315
316
317
344
345
346
347
348
349
350
351
352
447
448
449
464
465
466
467
468
469
470
471
472
473
474
475
562
563
564
565
566
567
568
569
570
571
572
573
574
575
602
603
604
605
606
607
608
609
610
619
673
675
687
688
689
690
691
693
701
702
703
704
705
706
707
708
722
723
724
725
726
727
728
729
730
731
732
733
822
824
825
828
829
830
831
832
833
834
860
861
862
863
864
865
866
926
928
929
930
931
932
933
940
945
946
947
948
949
950
951
952
953
954
958
959
960
961
962
963
964
965
966
981
982
985
986
987
988
989
990
991
992
993
1080
1088
1089
1090
1091
1116
1117
1118
1119
1120
1121
1122
1138
1139
1142
1143
1148
1149
1150
1152
1153
1157
1158
1159
1160
1163
1164
1167
1169
1180
1181
1182
1183
1184
1185
1186
1187
1188
1189
1190
1191
1192
1193
1194
1198
1201
1202
1203
1204
1205
1206
1207
1208
1209
1210
1211
1212
1213
1215
1216
1217
1218
1219
1220
1221
1222
1223
1224
1239
1243
1244
1245
1246
1247
1248
1249
1250
1251
1252
1268
1338
1346
1347
1348
1349
1350
1374
1375
1376
1377
1378
1379
1380
1443
1444
1445
1446
1447
1448
1461
1463
1464
1465
1466
1467
1468
1469
1470
1471
1472
1473
1474
1475
1476
1477
1478
1479
1481
1504
1505
1506
1507
1508
1509
1510
1511
1512
1590
1592
1594
1596
1604
1605
1606
1607
1608
1609
1610
1629
1630
1631
1632
1633
1634
1635
1636
1637
1703
1704
1705
1721
1722
1723
1724
1725
1726
1727
1728
1729
1730
1731
1732
1733
1734
1735
1736
1737
1762
1763
1764
1765
1766
1767
1768
1769
1770
1771
1834
1836
1844
1848
1849
1850
1851
1852
1854
1862
1863
1864
1865
1866
1867
1868
1869
1870
1871
1884
1885
1886
1887
1888
1889
1890
1891
1892
1893
1894
1895
1930
1981
1982
1983
1984
1985
1986
1987
1988
1989
1990
1991
1992
1993
1994
1995
2020
2021
2022
2023
2024
2025
2026
2027
2028
2029
2030
2035
2038
2042
2094
2096
2100
2101
2102
2103
2104
2105
2106
2107
2108
2124
2125
2126
2127
2128
2129
2130
2131
2133
2135
2141
2142
2143
2144
2145
2146
2147
2148
2149
2150
2151
2240
2241
2242
2243
2244
2245
2246
2247
2248
2249
2250
2251
2280
2281
2282
2283
2284
2285
2286
2287
2288
2292
2293
2296
2330
2341
2344
2345
2347
2348
2349
2350
2351
2352
2353
2354
2355
2357
2358
2359
2360
2361
2362
2363
2364
2365
2366
2367
2368
2370
2378
2379
2380
2381
2382
2383
2384
2385
2386
2387
2388
2389
2391
2399
2400
2401
2402
2403
2404
2405
2406
2407
2408
2409
2410
2411
2443
2497
2498
2499
2500
2501
2502
2503
2504
2505
2506
2507
2508
2509
2510
2536
2537
2538
2539
2540
2541
2542
2543
2544
2545
2546
2551
2554
2557
2558
2561
2568
2582
2583
2584
2586
2588
2599
2600
2601
2602
2603
2604
2605
2606
2607
2608
2609
2610
2611
2612
2613
2616
2617
2618
2619
2620
2621
2622
2623
2624
2625
2626
2627
2628
2629
2630
2631
2634
2635
2636
2637
2638
2639
2640
2641
2642
2643
2644
2659
2661
2662
2663
2664
2665
2666
2667
2668
2669
2670
2671
2687
2763
2765
2793
2794
2795
2796
2797
2798
2799
2815
2816
2819
2820
2824
2825
2826
2827
2828
2829
2830
2834
2835
2836
2837
2860
2861
2862
2863
2864
2865
2866
2867
2868
2869
2870
2875
2880
2881
2882
2883
2884
2885
2886
2888
2894
2895
2896
2897
2898
2899
2900
2920
2921
2922
2923
2924
2925
2926
2927
2928
3015
3017
3018
3021
3022
3023
3024
3025
3027
3053
3054
3055
3056
3057
3058
3122
3124
3140
3142
3144
3146
3152
3153
3154
3155
3156
3158
3180
3181
3182
3183
3184
3185
3186
3273
3275
3276
3279
3281
3283
3285
3311
3312
3313
3314
3315
3402
3404
3410
3412
3414
3440
3441
3442
3531
3533
3534
3539
3541
3543
3569
3571
3573
3660
3662
3668
3670
3700
3702
3789
3791
3797
3799
3801
3827
3829
3918
3920
3926
3958
4059
4085
4176
4177
4178
4179
4180
4182
4184
4216
4218
