6.101142
1.86869
4.74698
6.268989
2.301516
2.368128
6.000898
6.024237
5.666058
3.754546
6.222775
1.827457
4.960168
1.609376
6.266391
3.164513
6.652709
4.51264
2.573702
4.69169
5.725823
2.89876
6.252905
6.027148
5.799794
5.765909
1.974446
5.321857
5.999778
5.776889
6.134481
4.381538
5.29497
5.937872
3.987563
5.236888
1.107821
5.909436
4.540766
1.92834
6.341877
6.628273
4.756712
1.550573
1.90555
3.874691
2.499914
3.489151
4.179916
5.093187
5.976149
6.103206
3.627074
5.74776
5.599844
5.693065
2.099932
4.077605
1.927449
2.608093
4.589236
6.290084
5.503443
2.540317
5.505852
3.599105
3.504748
2.94486
1.739898
4.033794
5.503118
2.26842
3.765801
5.8197
3.369856
5.690995
5.235136
6.307313
3.716918
6.437999
3.2903
3.35117
2.794851
3.996468
2.99187
2.772563
3.677902
3.352504
4.877524
3.765513
5.789868
2.102105
1.903166
3.479575
2.43872
4.003756
4.328633
5.22419
5.579987
3.705287
6.482521
3.05261
1.618545
2.444305
4.291952
1.770178
3.456509
4.61421
1.626023
3.339626
4.803363
5.755525
3.037508
2.638059
3.128945
2.889836
3.935367
3.260199
6.591826
2.870731
4.364819
2.723798
3.511091
6.515619
6.249318
6.046952
5.333019
3.355767
5.896278
6.08848
6.186764
5.93739