-15.198782
-11.373127
-19.221953
-13.965979
-15.583257
-5.169435
-17.126925
-12.743295
-9.444574
-5.399861
-12.641075
10.075801
-7.843742
-17.380317
-15.778597
8.004858
-18.352936
-15.563302
-2.985659
-14.704213
-16.855063
-19.344394
-19.609793
-14.772485
-17.325520
-15.440202
-12.890638
-9.919473
-19.951191
-21.408975
-23.029179
-16.261079
-21.748571
-12.692256
-4.979512
-10.757125
-16.533649
-18.669722
-15.430325
-5.774695
-1.925743
-9.089339
-19.555659
-20.052663
-23.590310
-13.808034
-24.175591
-24.907801
-17.348860
-16.798072
-16.163137
-16.910307
-20.554277
-6.550526
-19.924943
-11.561970
-15.739975
-17.329798
-19.799963
-20.931565
-18.023580
-19.620053
-6.894835
-17.832568
-1.651266
-16.961742
-14.064455
-1.308066
-3.342825
-7.993177
-2.265957
-17.368716
0.707683
