-0.87453
-0.789521
-0.652289
-0.614672
-0.472579
-0.442489
-0.261742
-0.228652
-0.046429
0
0.097902
0.226008
0.329284
0.553711
0.700133
0.788801
0.799547
1.065627
1.09371
1.107821
1.188755
1.287982
1.295755
1.308171
1.33218
1.550573
1.609376
1.618545
1.626023
1.6292
1.739898
1.770178
1.827457
1.850842
1.86869
1.903166
1.90555
1.927449
1.92834
1.928944
1.930605
1.974446
2.006899
2.01168
2.077539
2.099932
2.102105
2.188774
2.26842
2.289869
2.301516
2.368128
2.376789
2.43872
2.444305
2.450355
2.473161
2.499914
2.503739
2.529079
2.540317
2.550363
2.570204
2.573702
2.57838
2.60762
2.608093
2.61289
2.638059
2.669333
2.723798
2.730814
2.772563
2.776626
2.794851
2.797365
2.805539
2.819646
2.870731
2.874595
2.879638
2.88058
2.889836
2.895418
2.89876
2.928073
2.94486
2.946456
2.99187
2.995418
3.008874
3.013856
3.01778
3.037508
3.05261
3.128945
3.164513
3.172123
3.208709
3.21298
3.260199
3.263974
3.282396
3.283425
3.285304
3.2903
3.318753
3.319305
3.339626
3.349788
3.35117
3.352504
3.355767
3.368478
3.369856
3.372216
3.402826
3.426227
3.432472
3.456509
3.469287
3.479575
3.489151
3.490481
3.495145
3.496419
3.504748
3.511091
3.524896
3.534099
3.541155
3.545526
3.599105
3.6198
3.621193
3.625778
3.627074
3.631438
3.644617
3.667847
3.677902
3.684563
3.69486
3.699247
3.702037
3.705287
3.716918
3.742893
3.754546
3.765513
3.765801
3.78872
3.788765
3.802893
3.810335
3.815409
3.822863
3.828209
3.829101
3.836522
3.841099
3.844156
3.851234
3.869632
3.874691
3.899052
3.927154
3.929887
3.935367
3.939198
3.949601
3.982687
3.985062
3.987563
3.996468
3.998433
4.003756
4.033794
4.045522
4.070263
4.071004
4.071277
4.077605
4.082961
4.086253
4.091381
4.110993
4.121263
4.121617
4.123766
4.132943
4.137442
4.146028
4.147355
4.158744
4.161217
4.169128
4.179916
4.186189
4.189084
4.193983
4.223674
4.244419
4.252603
4.253835
4.274156
4.291952
4.295298
4.300333
4.300906
4.304619
4.308162
4.328633
4.362304
4.363478
4.364819
4.376201
4.381538
4.388184
4.404301
4.420825
4.441864
4.442105
4.471742
4.482626
4.502662
4.506344
4.507096
4.509241
4.51264
4.51711
4.519425
4.532941
4.540634
4.540766
4.562086
4.571164
4.585022
4.588255
4.589236
4.597074
4.604466
4.606517
4.61421
4.625588
4.65004
4.652816
4.657376
4.668446
4.672782
4.686616
4.69169
4.695658
4.696878
4.703106
4.720873
4.737043
4.742155
4.74698
4.756712
4.787386
4.788777
4.803363
4.81934
4.847246
4.877524
4.889216
4.896754
4.906385
4.912242
4.917293
4.920027
4.920866
4.932164
4.954527
4.960168
4.968432
4.970558
4.974048
4.979802
4.988633
5.037959
5.043413
5.051816
5.0519
5.054366
5.075663
5.076987
5.08294
5.08465
5.090138
5.090218
5.090303
5.091566
5.093187
5.095583
5.101234
5.12111
5.122524
5.126922
5.140923
5.142013
5.149995
5.178028
5.179383
5.186035
5.186636
5.222107
5.22419
5.235136
5.236888
5.240051
5.247426
5.249756
5.25439
5.262181
5.29497
5.321857
5.333019
5.339065
5.344962
5.377297
5.395701
5.40128
5.424044
5.44998
5.465079
5.489274
5.490612
5.503118
5.503443
5.504294
5.505852
5.515329
5.51927
5.519764
5.524155
5.524609
5.537894
5.551455
5.553596
5.556471
5.579987
5.599844
5.605501
5.6196
5.625221
5.626827
5.627325
5.642
5.657307
5.666058
5.669937
5.680618
5.683678
5.690995
5.693065
5.70374
5.711601
5.725823
5.731065
5.732993
5.740013
5.74776
5.752827
5.753152
5.755525
5.762434
5.765909
5.776889
5.781503
5.789868
5.790011
5.795509
5.798456
5.799794
5.808839
5.813547
5.815009
5.8197
5.83579
5.841692
5.842735
5.846621
5.849433
5.853409
5.86805
5.879734
5.889744
5.896278
5.908574
5.909436
5.925711
5.934645
5.93739
5.937872
5.951332
5.959318
5.97218
5.974909
5.976149
5.994539
5.997963
5.999778
6.000898
6.004246
6.024237
6.027148
6.02777
6.03006
6.030749
6.041885
6.046449
6.046952
6.048353
6.053887
6.076694
6.083432
6.088396
6.08848
6.100463
6.101142
6.103206
6.104006
6.124989
6.126002
6.126261
6.129845
6.130905
6.134481
6.135578
6.143218
6.145289
6.149474
6.167247
6.179967
6.186764
6.194753
6.198541
6.207832
6.222775
6.249318
6.252905
6.25362
6.253891
6.25902
6.262833
6.266391
6.266685
6.268989
6.273666
6.277385
6.285899
6.290084
6.290579
6.29702
6.303201
6.307313
6.341877
6.34358
6.362669
6.37959
6.388926
6.389339
6.411406
6.413593
6.414444
6.425412
6.429543
6.431064
6.437999
6.442049
6.463646
6.468195
6.473188
6.482521
6.484249
6.485094
6.515619
6.521428
6.547811
6.560682
6.579418
6.591826
6.606557
6.628273
6.628967
6.640904
6.645014
6.647614
6.649708
6.652709