4.459258
6.101142
1.31579
1.86869
3.865408
5.012502
3.562586
1.940132
4.597465
3.577857
6.163064
4.318518
6.320218
2.106048
5.020649
6.29593
4.74698
0.991639
3.986399
6.521678
5.358058
1.892838
6.268989
2.458638
4.953247
4.300322
2.638497
1.075493
2.301516
2.368128
3.529929
2.424604
5.066581
3.923438
1.667563
3.974779
5.218275
6.118251
1.369942
5.275733
2.933708
6.000898
6.024237
5.619511
2.76611
2.449182
4.01076
5.666058
3.754546
6.074589
6.222775
4.293853
1.827457
4.0293
3.678894
6.484442
2.194596
6.069167
4.769775
4.29586
4.960168
1.609376
3.541453
2.854071
5.336444
4.092128
6.266391
4.131666
1.132693
5.062129
6.192416
3.164513
6.583978
5.990538
3.546513
2.273974
2.589625
3.137961
4.190519
2.406496
6.087281
2.053789
6.652709
0.726938
4.203854
4.9048
3.55587
4.812786
3.386175
3.975172
3.327689
4.51264
2.605534
1.745862
2.573702
4.638993
4.666037
4.045453
4.432953
2.299405
3.913494
3.792306
5.725823
2.89876
4.387469
3.946918
4.282922
6.252905
1.333976
0.043649
1.781543
4.536088
3.955396
3.307341
1.230349
-0.101063
5.532797
5.243718
5.765909
6.63518
6.632719
1.088723
1.974446
3.507213
4.063583
5.321857
3.599695
5.248545
5.999778
3.19316
3.573761
6.022217
5.776889
5.179332
4.012261
5.870574
6.366815
6.134481
4.381538
-0.036316
2.462864
4.022267
0.608102
4.237638
3.570325
5.29497
4.214011
3.987563
3.421377
1.863032
5.852686
6.454466
1.107821
3.6204
3.552808
5.771212
6.113217
4.540766
1.92834
3.295171
0.194696
6.494662
3.191916
6.341877
6.628273
1.714133
4.254175
4.756712
6.620002
3.53975
6.636451
0.774789
3.343907
4.817579
5.381294
1.550573
2.609343
1.90555
5.587157
3.874691
4.221417
2.499914
3.489151
2.760493
4.27692
4.174174
5.093187
2.942515
1.706407
3.627074
2.897487
3.484587
3.309089
5.74776
2.193374
4.223617
1.842398
5.599844
0.66272
3.64189
1.282785
5.665313
6.295284
3.13265
6.092904
2.099932
2.815966
4.077605
6.419774
1.927449
2.608093
4.589236
6.290084
3.601067
5.605473
0.659087
4.025779
5.936906
5.503443
3.662393
2.540317
3.599105
3.504748
4.974394
2.94486
5.691973
0.615103
4.573537
3.739859
1.537479
6.284715
5.280737
3.709907
5.552546
3.897456
-0.307615
1.739898
0.262864
3.600628
4.136889
2.521617
5.458763
4.058213
4.033794
5.503118
5.780932
5.593493
1.888811
2.26842
1.980819
3.765801
5.8197
5.465549
6.006487
1.743922
2.312062
1.603087
6.389309
2.940072
3.369856
5.690995
4.657283
4.773213
3.616129
5.404188
0.207862
1.846061
3.411868
2.796557
4.213991
5.709681
3.076937
4.523439
5.235136
1.143073
3.924014
3.253262
2.399513
3.451167
5.748118
3.716918
4.741298
4.041964
5.646675
6.437999
4.646278
5.845313
4.103891
3.2903
3.35117
2.794851
4.4063
5.177925
3.927877
5.146695
4.620521
3.919375
5.293738
4.833208
3.996468
3.917252
4.774212
2.637595
1.43713
4.389152
2.99187
2.772563
3.677902
3.352504
3.765513
3.754901
5.789868
4.953855
4.343162
4.541122
2.102105
3.053103
1.911378
3.734952
1.903166
6.337543
3.479575
3.998881
3.762797
5.926379
4.327541
-0.191714
4.220175
4.36784
4.128574
4.401291
2.956274
5.372004
2.43872
4.003756
2.487608
6.34875
5.392627
4.328633
5.22419
3.474906
6.135265
2.322233
6.41394
3.705287
6.482521
3.05261
1.117329
3.09111
2.220735
5.762242
3.998495
5.684028
4.1944
1.119291
4.473577
5.200123
1.618545
2.444305
4.725924
3.503511
4.291952
6.149474
6.485094
3.495145
4.737043