0.00000
0.00000
0.00000
0.00000
0.00000
0.00000
0.00000
0.00000
0.00000
0.00000
0.00000
0.00000
0.00000
0.00000
0.00000
0.00000
0.00000
0.00000
0.00000
0.00000
9.35640
9.45681
9.30016
9.14557
0.00000
0.00000
0.00000
0.00000
0.00000
0.00000
0.00000
0.00000
0.00000
0.00000
0.00000
0.00000
0.00000
0.00000
0.00000
0.00000
0.00000
0.00000
0.00000
7.59340
7.71922
7.47106
7.30867
0.00000
0.00000
0.00000
0.00000
0.00000
0.00000
0.00000
0.00000
0.00000
0.00000
0.00000
0.00000
0.00000
0.00000
0.00000
0.00000
0.00000
0.00000
10.25337
10.30997
10.15735
9.91871
0.00000
0.00000
0.00000
0.00000
0.00000
0.00000
0.00000
0.00000
0.00000
0.00000
0.00000
0.00000
0.00000
0.00000
0.00000
0.00000
0.00000
0.12449
0.13543
0.13239
0.13232
0.00000
0.00000
0.00000
0.00000
0.00000
0.00000
0.00000
0.00000
0.00000
0.00000
0.00000
0.00000
0.00000
0.00000
0.00000
0.00000
2.39573
2.41471
2.39065
2.31487
0.00000
0.00000
0.00000
0.00000
0.00000
0.00000
0.00000
0.00000
0.00000
0.00000
0.00000
0.00000
0.00000
0.00000
0.00000
4.93302
5.00515
4.80987
4.70909
0.00000
0.00000
0.00000
0.00000
0.00000
0.00000
0.00000
0.00000
0.00000
0.00000
0.00000
0.00000
0.00000
0.00000
7.87015
7.96242
7.86394
7.69835
0.00000
0.00000
0.00000
0.00000
0.00000
0.00000
0.00000
0.00000
0.00000
0.00000
0.00000
0.00000
0.00000
2.51834
2.52798
2.52182
2.41086
0.00000
0.00000
0.00000
0.00000
0.00000
0.00000
0.00000
0.00000
0.00000
0.00000
0.00000
0.00000
0.00000
0.00000
0.00000
0.00000
0.00000
0.00000
0.00000
0.00000
0.00000
0.00000
0.00000
0.00000
0.00000
0.00000
0.00000
8.68052
8.73871
8.45146
8.33624
0.00000
0.00000
0.00000
0.00000
0.00000
0.00000
0.00000
0.00000
0.00000
0.00000
6.64778
6.74352
6.57220
6.43840
0.00000
0.00000
0.00000
0.00000
0.00000
0.00000
0.00000
0.00000
0.00000
8.35334
8.46419
8.33151
8.17348
0.00000
0.00000
0.00000
0.00000
0.00000
0.00000
0.00000
0.00000
4.50021
4.54654
4.39680
4.30202
0.00000
0.00000
0.00000
0.00000
0.00000
0.00000
0.00000
1.75634
1.77147
1.78832
1.74876
0.00000
0.00000
0.00000
0.00000
0.00000
0.00000
3.72992
3.77439
3.59743
3.62420
0.00000
0.00000
0.00000
0.00000
0.00000
12.24562
12.38839
12.03558
11.86332
0.00000
0.00000
0.00000
0.00000
8.88021
8.99335
8.83850
8.59947
0.00000
0.00000
0.00000
2.17051
2.18641
2.14877
2.17474
0.00000
0.00000
6.59369
6.73275
6.57455
6.45669
0.00000
11.57701
11.71464
11.59216
11.37526
0.00000
0.00000
0.00000
0.00000
0.00000
0.00000
0.00000
0.00000
0.00000
0.00000
