0.00000
0.00000
0.00000
0.00000
0.00000
0.00000
0.00000
0.00000
0.00000
0.00000
0.00000
0.00000
0.00000
0.00000
0.00000
0.00000
0.00000
0.00000
0.00000
0.00000
9.60288
4.08438
6.82047
6.94685
0.00000
0.00000
0.00000
0.00000
0.00000
0.00000
0.00000
0.00000
0.00000
0.00000
0.00000
0.00000
0.00000
0.00000
0.00000
0.00000
0.00000
0.00000
0.00000
9.04198
5.43643
4.89374
5.51912
0.00000
0.00000
0.00000
0.00000
0.00000
0.00000
0.00000
0.00000
0.00000
0.00000
0.00000
0.00000
0.00000
0.00000
0.00000
0.00000
0.00000
0.00000
10.93716
9.01959
7.21121
4.55925
0.00000
0.00000
0.00000
0.00000
0.00000
0.00000
0.00000
0.00000
0.00000
0.00000
0.00000
0.00000
0.00000
0.00000
0.00000
0.00000
0.00000
0.00000
0.00000
0.00000
0.06549
0.00000
0.00000
0.00000
0.00000
0.00000
0.00000
0.00000
0.00000
0.00000
0.00000
0.00000
0.00000
0.00000
0.00000
0.00000
0.00000
2.35710
2.75004
1.60836
0.06758
0.00000
0.00000
0.00000
0.00000
0.00000
0.00000
0.00000
0.00000
0.00000
0.00000
0.00000
0.00000
0.00000
0.00000
0.00000
5.69998
3.12621
3.74127
4.30293
0.00000
0.00000
0.00000
0.00000
0.00000
0.00000
0.00000
0.00000
0.00000
0.00000
0.00000
0.00000
0.00000
0.00000
9.56905
6.06017
4.47260
4.42680
0.00000
0.00000
0.00000
0.00000
0.00000
0.00000
0.00000
0.00000
0.00000
0.00000
0.00000
0.00000
0.00000
2.12600
2.05506
2.09517
0.00000
0.00000
0.00000
0.00000
0.00000
0.00000
0.00000
0.00000
0.00000
0.00000
0.00000
0.00000
0.00000
0.00000
0.00000
0.00000
0.00000
0.00000
0.00000
0.00000
0.00000
0.00000
0.00000
0.00000
0.00000
0.00000
0.00000
0.00000
8.28720
5.86333
4.08518
4.41975
0.00000
0.00000
0.00000
0.00000
0.00000
0.00000
0.00000
0.00000
0.00000
0.00000
8.97408
5.67274
2.59046
3.96519
0.00000
0.00000
0.00000
0.00000
0.00000
0.00000
0.00000
0.00000
0.00000
7.56701
6.75416
6.02266
4.75467
0.00000
0.00000
0.00000
0.00000
0.00000
0.00000
0.00000
0.00000
5.18072
4.95400
0.56164
1.98989
0.00000
0.00000
0.00000
0.00000
0.00000
0.00000
0.00000
2.13995
0.27694
1.09468
1.01829
0.00000
0.00000
0.00000
0.00000
0.00000
0.00000
3.33511
1.23378
2.39079
3.54474
0.00000
0.00000
0.00000
0.00000
0.00000
14.13541
9.98781
7.75379
6.78127
0.00000
0.00000
0.00000
0.00000
10.70901
8.76919
6.10699
3.70261
0.00000
0.00000
0.00000
2.90582
0.10899
1.44019
1.50313
0.00000
0.00000
8.37418
5.39069
3.56593
3.76331
0.00000
11.19236
7.86205
9.56510
5.40158
0.00000
0.00000
0.00000
0.00000
0.00000
0.00000
0.00000
0.00000
0.00000
0.00000
