0.00000
0.00000
0.00000
0.00000
0.00000
0.00000
0.00000
0.00000
0.00000
0.00000
0.00000
0.00000
0.00000
0.00000
0.00000
0.00000
0.00000
0.00000
0.00000
0.00000
6.29166
2.21075
5.37893
5.61686
0.00000
0.00000
0.00000
0.00000
0.00000
0.00000
0.00000
0.00000
0.00000
0.00000
0.00000
0.00000
0.00000
0.00000
0.00000
0.00000
0.00000
0.00000
0.00000
7.97351
4.18390
4.04209
4.58125
0.00000
0.00000
0.00000
0.00000
0.00000
0.00000
0.00000
0.00000
0.00000
0.00000
0.00000
0.00000
0.00000
0.00000
0.00000
0.00000
0.00000
0.00000
8.69454
6.11719
4.79649
3.67205
0.00000
0.00000
0.00000
0.00000
0.00000
0.00000
0.00000
0.00000
0.00000
0.00000
0.00000
0.00000
0.00000
0.00000
0.00000
0.00000
0.00000
0.00000
0.00000
0.00000
0.00000
0.00000
0.00000
0.00000
0.00000
0.00000
0.00000
0.00000
0.00000
0.00000
0.00000
0.00000
0.00000
0.00000
0.00000
0.00000
0.00000
1.96856
1.85413
0.78106
0.00000
0.00000
0.00000
0.00000
0.00000
0.00000
0.00000
0.00000
0.00000
0.00000
0.00000
0.00000
0.00000
0.00000
0.00000
0.00000
4.77138
2.92913
2.83159
3.62361
0.00000
0.00000
0.00000
0.00000
0.00000
0.00000
0.00000
0.00000
0.00000
0.00000
0.00000
0.00000
0.00000
0.00000
7.38365
4.95576
2.46144
3.12283
0.00000
0.00000
0.00000
0.00000
0.00000
0.00000
0.00000
0.00000
0.00000
0.00000
0.00000
0.00000
0.00000
1.16743
1.04934
1.76721
0.00000
0.00000
0.00000
0.00000
0.00000
0.00000
0.00000
0.00000
0.00000
0.00000
0.00000
0.00000
0.00000
0.00000
0.00000
0.00000
0.00000
0.00000
0.00000
0.00000
0.00000
0.00000
0.00000
0.00000
0.00000
0.00000
0.00000
0.00000
6.09018
4.14310
1.70555
3.20874
0.00000
0.00000
0.00000
0.00000
0.00000
0.00000
0.00000
0.00000
0.00000
0.00000
6.88131
4.16123
1.45141
3.59874
0.00000
0.00000
0.00000
0.00000
0.00000
0.00000
0.00000
0.00000
0.00000
6.28672
4.81977
4.59995
3.46798
0.00000
0.00000
0.00000
0.00000
0.00000
0.00000
0.00000
0.00000
3.15395
3.65051
0.08231
1.41071
0.00000
0.00000
0.00000
0.00000
0.00000
0.00000
0.00000
0.94303
0.03865
0.55244
0.87753
0.00000
0.00000
0.00000
0.00000
0.00000
0.00000
2.25696
0.79036
1.92091
2.81302
0.00000
0.00000
0.00000
0.00000
0.00000
10.84129
7.61932
6.08308
6.11399
0.00000
0.00000
0.00000
0.00000
8.81146
7.10239
4.50315
2.96485
0.00000
0.00000
0.00000
1.88594
0.00000
1.06745
1.10983
0.00000
0.00000
7.50831
4.10708
2.83199
3.01243
0.00000
9.25635
5.12607
6.85006
2.37708
0.00000
0.00000
0.00000
0.00000
0.00000
0.00000
0.00000
0.00000
0.00000
0.00000
