0.00000
0.00000
0.00000
0.00000
0.00000
0.00000
0.00000
0.00000
0.00000
0.00000
0.00000
0.00000
0.00000
0.00000
0.00000
0.00000
0.00000
0.00000
0.00000
0.00000
4.87432
4.95155
4.86182
4.81053
0.00000
0.00000
0.00000
0.00000
0.00000
0.00000
0.00000
0.00000
0.00000
0.00000
0.00000
0.00000
0.00000
0.00000
0.00000
0.00000
0.00000
0.00000
0.00000
5.28403
5.35139
5.12490
5.02043
0.00000
0.00000
0.00000
0.00000
0.00000
0.00000
0.00000
0.00000
0.00000
0.00000
0.00000
0.00000
0.00000
0.00000
0.00000
0.00000
0.00000
0.00000
5.86646
5.93984
5.80699
5.66698
0.00000
0.00000
0.00000
0.00000
0.00000
0.00000
0.00000
0.00000
0.00000
0.00000
0.00000
0.00000
0.00000
0.00000
0.00000
0.00000
0.00000
0.00000
0.00000
0.00000
0.00000
0.00000
0.00000
0.00000
0.00000
0.00000
0.00000
0.00000
0.00000
0.00000
0.00000
0.00000
0.00000
0.00000
0.00000
0.00000
0.00000
1.14043
1.14867
1.17782
1.13683
0.00000
0.00000
0.00000
0.00000
0.00000
0.00000
0.00000
0.00000
0.00000
0.00000
0.00000
0.00000
0.00000
0.00000
0.00000
3.62412
3.65348
3.46854
3.40957
0.00000
0.00000
0.00000
0.00000
0.00000
0.00000
0.00000
0.00000
0.00000
0.00000
0.00000
0.00000
0.00000
0.00000
4.46668
4.58768
4.47547
4.39384
0.00000
0.00000
0.00000
0.00000
0.00000
0.00000
0.00000
0.00000
0.00000
0.00000
0.00000
0.00000
0.00000
0.99205
0.99375
1.04428
0.95391
0.00000
0.00000
0.00000
0.00000
0.00000
0.00000
0.00000
0.00000
0.00000
0.00000
0.00000
0.00000
0.00000
0.00000
0.00000
0.00000
0.00000
0.00000
0.00000
0.00000
0.00000
0.00000
0.00000
0.00000
0.00000
0.00000
0.00000
3.81344
3.88712
3.72353
3.72348
0.00000
0.00000
0.00000
0.00000
0.00000
0.00000
0.00000
0.00000
0.00000
0.00000
4.04996
4.14390
3.96332
3.93552
0.00000
0.00000
0.00000
0.00000
0.00000
0.00000
0.00000
0.00000
0.00000
4.83297
4.85467
4.79623
4.69055
0.00000
0.00000
0.00000
0.00000
0.00000
0.00000
0.00000
0.00000
2.08875
2.14325
2.05817
2.00732
0.00000
0.00000
0.00000
0.00000
0.00000
0.00000
0.00000
0.57569
0.61441
0.61417
0.60739
0.00000
0.00000
0.00000
0.00000
0.00000
0.00000
1.97584
1.97912
1.89893
1.92737
0.00000
0.00000
0.00000
0.00000
0.00000
7.75513
7.88455
7.60321
7.41479
0.00000
0.00000
0.00000
0.00000
5.89331
5.97179
5.83574
5.68101
0.00000
0.00000
0.00000
1.00955
1.02526
0.99854
1.02986
0.00000
0.00000
4.42953
4.47469
4.29652
4.25906
0.00000
5.94183
5.92703
5.92318
5.81751
0.00000
0.00000
0.00000
0.00000
0.00000
0.00000
0.00000
0.00000
0.00000
0.00000
