0.00000
0.00000
0.00000
0.00000
0.00000
0.00000
0.00000
0.00000
0.00000
0.00000
0.00000
0.00000
0.00000
0.00000
0.00000
0.00000
0.00000
0.00000
0.00000
0.00000
1.78221
0.41690
1.37355
1.82710
0.00000
0.00000
0.00000
0.00000
0.00000
0.00000
0.00000
0.00000
0.00000
0.00000
0.00000
0.00000
0.00000
0.00000
0.00000
0.00000
0.00000
0.00000
0.00000
4.04261
2.83097
2.30796
1.89833
0.00000
0.00000
0.00000
0.00000
0.00000
0.00000
0.00000
0.00000
0.00000
0.00000
0.00000
0.00000
0.00000
0.00000
0.00000
0.00000
0.00000
0.00000
3.52013
2.26983
0.99880
2.37530
0.00000
0.00000
0.00000
0.00000
0.00000
0.00000
0.00000
0.00000
0.00000
0.00000
0.00000
0.00000
0.00000
0.00000
0.00000
0.00000
0.00000
0.00000
0.00000
0.00000
0.00000
0.00000
0.00000
0.00000
0.00000
0.00000
0.00000
0.00000
0.00000
0.00000
0.00000
0.00000
0.00000
0.00000
0.00000
0.00000
0.00000
0.82590
0.09424
0.02606
0.00000
0.00000
0.00000
0.00000
0.00000
0.00000
0.00000
0.00000
0.00000
0.00000
0.00000
0.00000
0.00000
0.00000
0.00000
0.00000
3.22555
1.58937
1.14374
1.23728
0.00000
0.00000
0.00000
0.00000
0.00000
0.00000
0.00000
0.00000
0.00000
0.00000
0.00000
0.00000
0.00000
0.00000
3.30979
1.98587
0.95758
0.94072
0.00000
0.00000
0.00000
0.00000
0.00000
0.00000
0.00000
0.00000
0.00000
0.00000
0.00000
0.00000
0.00000
0.03843
0.12603
0.25027
0.00000
0.00000
0.00000
0.00000
0.00000
0.00000
0.00000
0.00000
0.00000
0.00000
0.00000
0.00000
0.00000
0.00000
0.00000
0.00000
0.00000
0.00000
0.00000
0.00000
0.00000
0.00000
0.00000
0.00000
0.00000
0.00000
0.00000
0.00000
2.57330
0.60948
0.05098
1.50107
0.00000
0.00000
0.00000
0.00000
0.00000
0.00000
0.00000
0.00000
0.00000
0.00000
1.49763
1.42646
0.12646
1.19945
0.00000
0.00000
0.00000
0.00000
0.00000
0.00000
0.00000
0.00000
0.00000
4.92173
2.45068
1.10583
1.08820
0.00000
0.00000
0.00000
0.00000
0.00000
0.00000
0.00000
0.00000
0.99720
0.60185
0.00000
0.07676
0.00000
0.00000
0.00000
0.00000
0.00000
0.00000
0.00000
0.01213
0.00000
0.00000
0.09345
0.00000
0.00000
0.00000
0.00000
0.00000
0.00000
0.91999
0.04533
0.66123
1.13377
0.00000
0.00000
0.00000
0.00000
0.00000
5.55528
3.94517
3.59033
4.51115
0.00000
0.00000
0.00000
0.00000
4.86542
3.51154
0.51398
1.94919
0.00000
0.00000
0.00000
0.09511
0.00000
0.90988
0.96663
0.00000
0.00000
2.81590
2.08429
1.11343
1.77764
0.00000
2.97352
1.83767
1.72635
0.06846
0.00000
0.00000
0.00000
0.00000
0.00000
0.00000
0.00000
0.00000
0.00000
0.00000
