0.00000
0.00000
0.00000
0.00000
0.00000
0.00000
0.00000
0.00000
0.00000
0.00000
0.00000
0.00000
0.00000
0.00000
0.00000
0.00000
0.00000
0.00000
0.00000
0.00000
6.87127
6.96560
6.86258
6.75514
0.00000
0.00000
0.00000
0.00000
0.00000
0.00000
0.00000
0.00000
0.00000
0.00000
0.00000
0.00000
0.00000
0.00000
0.00000
0.00000
0.00000
0.00000
0.00000
6.30347
6.39896
6.16361
6.02524
0.00000
0.00000
0.00000
0.00000
0.00000
0.00000
0.00000
0.00000
0.00000
0.00000
0.00000
0.00000
0.00000
0.00000
0.00000
0.00000
0.00000
0.00000
7.99792
8.06732
7.93473
7.72724
0.00000
0.00000
0.00000
0.00000
0.00000
0.00000
0.00000
0.00000
0.00000
0.00000
0.00000
0.00000
0.00000
0.00000
0.00000
0.00000
0.00000
0.01460
0.01729
0.01690
0.01670
0.00000
0.00000
0.00000
0.00000
0.00000
0.00000
0.00000
0.00000
0.00000
0.00000
0.00000
0.00000
0.00000
0.00000
0.00000
0.00000
1.69372
1.71175
1.72017
1.65744
0.00000
0.00000
0.00000
0.00000
0.00000
0.00000
0.00000
0.00000
0.00000
0.00000
0.00000
0.00000
0.00000
0.00000
0.00000
4.29396
4.34837
4.15311
4.07495
0.00000
0.00000
0.00000
0.00000
0.00000
0.00000
0.00000
0.00000
0.00000
0.00000
0.00000
0.00000
0.00000
0.00000
6.12112
6.25573
6.13906
6.01271
0.00000
0.00000
0.00000
0.00000
0.00000
0.00000
0.00000
0.00000
0.00000
0.00000
0.00000
0.00000
0.00000
1.57020
1.57921
1.60942
1.51739
0.00000
0.00000
0.00000
0.00000
0.00000
0.00000
0.00000
0.00000
0.00000
0.00000
0.00000
0.00000
0.00000
0.00000
0.00000
0.00000
0.00000
0.00000
0.00000
0.00000
0.00000
0.00000
0.00000
0.00000
0.00000
0.00000
0.00000
5.74660
5.79511
5.57153
5.54222
0.00000
0.00000
0.00000
0.00000
0.00000
0.00000
0.00000
0.00000
0.00000
0.00000
5.33443
5.43299
5.25169
5.18335
0.00000
0.00000
0.00000
0.00000
0.00000
0.00000
0.00000
0.00000
0.00000
6.30313
6.36249
6.28470
6.14817
0.00000
0.00000
0.00000
0.00000
0.00000
0.00000
0.00000
0.00000
3.21601
3.26956
3.13297
3.06770
0.00000
0.00000
0.00000
0.00000
0.00000
0.00000
0.00000
1.10327
1.14289
1.14979
1.13391
0.00000
0.00000
0.00000
0.00000
0.00000
0.00000
2.66645
2.68021
2.56055
2.59721
0.00000
0.00000
0.00000
0.00000
0.00000
9.76259
9.91759
9.57607
9.40202
0.00000
0.00000
0.00000
0.00000
7.37283
7.46427
7.33441
7.11630
0.00000
0.00000
0.00000
1.48278
1.50589
1.46500
1.50446
0.00000
0.00000
5.31620
5.41038
5.21547
5.15207
0.00000
8.53195
8.59679
8.53263
8.35972
0.00000
0.00000
0.00000
0.00000
0.00000
0.00000
0.00000
0.00000
0.00000
0.00000
