0.00000
0.00000
0.00000
0.00000
0.00000
0.00000
0.00000
0.00000
0.00000
0.00000
0.00000
0.00000
0.00000
0.00000
0.00000
0.00000
0.00000
0.00000
0.00000
0.00000
0.98746
1.02299
0.97125
0.98082
0.00000
0.00000
0.00000
0.00000
0.00000
0.00000
0.00000
0.00000
0.00000
0.00000
0.00000
0.00000
0.00000
0.00000
0.00000
0.00000
0.00000
0.00000
0.00000
2.44989
2.45499
2.35289
2.36992
0.00000
0.00000
0.00000
0.00000
0.00000
0.00000
0.00000
0.00000
0.00000
0.00000
0.00000
0.00000
0.00000
0.00000
0.00000
0.00000
0.00000
0.00000
1.99034
1.99435
1.93065
1.95926
0.00000
0.00000
0.00000
0.00000
0.00000
0.00000
0.00000
0.00000
0.00000
0.00000
0.00000
0.00000
0.00000
0.00000
0.00000
0.00000
0.00000
0.00000
0.00000
0.00000
0.00000
0.00000
0.00000
0.00000
0.00000
0.00000
0.00000
0.00000
0.00000
0.00000
0.00000
0.00000
0.00000
0.00000
0.00000
0.00000
0.00000
0.15990
0.16058
0.16184
0.15526
0.00000
0.00000
0.00000
0.00000
0.00000
0.00000
0.00000
0.00000
0.00000
0.00000
0.00000
0.00000
0.00000
0.00000
0.00000
1.61915
1.63522
1.55071
1.59383
0.00000
0.00000
0.00000
0.00000
0.00000
0.00000
0.00000
0.00000
0.00000
0.00000
0.00000
0.00000
0.00000
0.00000
1.43334
1.40546
1.39360
1.36840
0.00000
0.00000
0.00000
0.00000
0.00000
0.00000
0.00000
0.00000
0.00000
0.00000
0.00000
0.00000
0.00000
0.04523
0.04558
0.04736
0.04753
0.00000
0.00000
0.00000
0.00000
0.00000
0.00000
0.00000
0.00000
0.00000
0.00000
0.00000
0.00000
0.00000
0.00000
0.00000
0.00000
0.00000
0.00000
0.00000
0.00000
0.00000
0.00000
0.00000
0.00000
0.00000
0.00000
0.00000
0.88614
0.92034
0.87142
0.88734
0.00000
0.00000
0.00000
0.00000
0.00000
0.00000
0.00000
0.00000
0.00000
0.00000
0.71219
0.70711
0.67356
0.68977
0.00000
0.00000
0.00000
0.00000
0.00000
0.00000
0.00000
0.00000
0.00000
2.05952
2.00873
2.00473
1.98555
0.00000
0.00000
0.00000
0.00000
0.00000
0.00000
0.00000
0.00000
0.30069
0.29722
0.29349
0.27987
0.00000
0.00000
0.00000
0.00000
0.00000
0.00000
0.00000
0.01350
0.01440
0.01315
0.01372
0.00000
0.00000
0.00000
0.00000
0.00000
0.00000
0.56433
0.60043
0.55763
0.56503
0.00000
0.00000
0.00000
0.00000
0.00000
3.94252
3.96438
3.79598
3.85064
0.00000
0.00000
0.00000
0.00000
2.32922
2.32805
2.25161
2.28520
0.00000
0.00000
0.00000
0.45560
0.47707
0.45166
0.43278
0.00000
0.00000
1.53708
1.53660
1.48212
1.47759
0.00000
1.09166
1.05261
1.08020
1.06031
0.00000
0.00000
0.00000
0.00000
0.00000
0.00000
0.00000
0.00000
0.00000
0.00000
