0.00000
0.00000
0.00000
0.00000
0.00000
0.00000
0.00000
0.00000
0.00000
0.00000
0.00000
0.00000
0.00000
0.00000
0.00000
0.00000
0.00000
0.00000
0.00000
0.00000
2.95373
2.83477
2.87939
2.82143
0.00000
0.00000
0.00000
0.00000
0.00000
0.00000
0.00000
0.00000
0.00000
0.00000
0.00000
0.00000
0.00000
0.00000
0.00000
0.00000
0.00000
0.00000
0.00000
4.12298
3.98133
4.08438
3.97786
0.00000
0.00000
0.00000
0.00000
0.00000
0.00000
0.00000
0.00000
0.00000
0.00000
0.00000
0.00000
0.00000
0.00000
0.00000
0.00000
0.00000
0.00000
3.62328
3.67084
3.63275
3.58711
0.00000
0.00000
0.00000
0.00000
0.00000
0.00000
0.00000
0.00000
0.00000
0.00000
0.00000
0.00000
0.00000
0.00000
0.00000
0.00000
0.00000
0.00000
0.00000
0.00000
0.00000
0.00000
0.00000
0.00000
0.00000
0.00000
0.00000
0.00000
0.00000
0.00000
0.00000
0.00000
0.00000
0.00000
0.00000
0.00000
0.00000
0.57973
0.61254
0.61545
0.60134
0.00000
0.00000
0.00000
0.00000
0.00000
0.00000
0.00000
0.00000
0.00000
0.00000
0.00000
0.00000
0.00000
0.00000
0.00000
2.71755
2.62153
2.68730
2.59825
0.00000
0.00000
0.00000
0.00000
0.00000
0.00000
0.00000
0.00000
0.00000
0.00000
0.00000
0.00000
0.00000
0.00000
3.06236
3.12475
3.14899
3.05653
0.00000
0.00000
0.00000
0.00000
0.00000
0.00000
0.00000
0.00000
0.00000
0.00000
0.00000
0.00000
0.00000
0.47530
0.48792
0.45797
0.46452
0.00000
0.00000
0.00000
0.00000
0.00000
0.00000
0.00000
0.00000
0.00000
0.00000
0.00000
0.00000
0.00000
0.00000
0.00000
0.00000
0.00000
0.00000
0.00000
0.00000
0.00000
0.00000
0.00000
0.00000
0.00000
0.00000
0.00000
2.39620
2.40039
2.40576
2.39328
0.00000
0.00000
0.00000
0.00000
0.00000
0.00000
0.00000
0.00000
0.00000
0.00000
2.50378
2.57530
2.53939
2.50877
0.00000
0.00000
0.00000
0.00000
0.00000
0.00000
0.00000
0.00000
0.00000
3.56295
3.54378
3.60063
3.50641
0.00000
0.00000
0.00000
0.00000
0.00000
0.00000
0.00000
0.00000
0.98775
1.11316
1.06508
1.03948
0.00000
0.00000
0.00000
0.00000
0.00000
0.00000
0.00000
0.19140
0.18697
0.18449
0.19096
0.00000
0.00000
0.00000
0.00000
0.00000
0.00000
1.25258
1.17618
1.20519
1.19267
0.00000
0.00000
0.00000
0.00000
0.00000
6.00436
5.90565
5.95259
5.85641
0.00000
0.00000
0.00000
0.00000
4.11753
4.18934
4.20157
4.06613
0.00000
0.00000
0.00000
0.68540
0.62836
0.66275
0.64840
0.00000
0.00000
3.29337
3.26983
3.31636
3.23541
0.00000
3.73375
3.68771
3.79491
3.64200
0.00000
0.00000
0.00000
0.00000
0.00000
0.00000
0.00000
0.00000
0.00000
0.00000
