0.00000
0.00000
0.00000
0.00000
0.00000
0.00000
0.00000
0.00000
0.00000
0.00000
0.00000
0.00000
0.00000
0.00000
0.00000
0.00000
0.00000
0.00000
0.00000
0.00000
12.78728
6.72913
9.64801
8.09452
0.00000
0.00000
0.00000
0.00000
0.00000
0.00000
0.00000
0.00000
0.00000
0.00000
0.00000
0.00000
0.00000
0.00000
0.00000
0.00000
0.00000
0.00000
0.00000
10.25407
7.39187
6.28314
6.16327
0.00000
0.00000
0.00000
0.00000
0.00000
0.00000
0.00000
0.00000
0.00000
0.00000
0.00000
0.00000
0.00000
0.00000
0.00000
0.00000
0.00000
0.00000
14.07948
11.61027
9.93674
5.01291
0.00000
0.00000
0.00000
0.00000
0.00000
0.00000
0.00000
0.00000
0.00000
0.00000
0.00000
0.00000
0.00000
0.00000
0.00000
0.00000
0.00000
0.07134
0.00000
0.08931
0.36398
0.00000
0.00000
0.00000
0.00000
0.00000
0.00000
0.00000
0.00000
0.00000
0.00000
0.00000
0.00000
0.00000
0.00000
0.00000
0.00000
3.28006
2.99694
2.60882
0.63013
0.00000
0.00000
0.00000
0.00000
0.00000
0.00000
0.00000
0.00000
0.00000
0.00000
0.00000
0.00000
0.00000
0.00000
0.00000
6.06712
3.92009
4.52007
4.94985
0.00000
0.00000
0.00000
0.00000
0.00000
0.00000
0.00000
0.00000
0.00000
0.00000
0.00000
0.00000
0.00000
0.00000
11.51496
8.25146
6.68799
4.94045
0.00000
0.00000
0.00000
0.00000
0.00000
0.00000
0.00000
0.00000
0.00000
0.00000
0.00000
0.00000
0.00000
3.66010
3.63042
2.68848
0.00000
0.00000
0.00000
0.00000
0.00000
0.00000
0.00000
0.00000
0.00000
0.00000
0.00000
0.00000
0.00000
0.00000
0.00000
0.00000
0.00000
0.00000
0.00000
0.00000
0.00000
0.00000
0.00000
0.00000
0.00000
0.00000
0.00000
0.00000
12.36880
8.26526
7.27045
6.30244
0.00000
0.00000
0.00000
0.00000
0.00000
0.00000
0.00000
0.00000
0.00000
0.00000
10.13144
7.87046
4.00475
4.39525
0.00000
0.00000
0.00000
0.00000
0.00000
0.00000
0.00000
0.00000
0.00000
10.57640
8.48849
7.92718
6.33043
0.00000
0.00000
0.00000
0.00000
0.00000
0.00000
0.00000
0.00000
7.13640
5.78257
2.26570
2.56091
0.00000
0.00000
0.00000
0.00000
0.00000
0.00000
0.00000
3.00953
1.01345
1.81143
1.23046
0.00000
0.00000
0.00000
0.00000
0.00000
0.00000
4.97628
2.21264
3.21625
4.32078
0.00000
0.00000
0.00000
0.00000
0.00000
17.61996
12.00261
11.11611
7.79422
0.00000
0.00000
0.00000
0.00000
12.00148
10.06849
7.98667
5.25490
0.00000
0.00000
0.00000
3.73738
0.69212
2.35880
1.89213
0.00000
0.00000
9.79374
6.85696
5.03266
4.67433
0.00000
15.02745
10.89272
12.02412
8.31477
0.00000
0.00000
0.00000
0.00000
0.00000
0.00000
0.00000
0.00000
0.00000
0.00000
