0.00000
0.00000
0.00000
0.00000
0.00000
0.00000
0.00000
0.00000
0.00000
0.00000
0.00000
0.00000
0.00000
0.00000
0.00000
0.00000
0.00000
0.00000
0.00000
0.00000
2.12554
0.64858
2.01121
2.40964
0.00000
0.00000
0.00000
0.00000
0.00000
0.00000
0.00000
0.00000
0.00000
0.00000
0.00000
0.00000
0.00000
0.00000
0.00000
0.00000
0.00000
0.00000
0.00000
4.75021
2.98715
2.58784
2.32478
0.00000
0.00000
0.00000
0.00000
0.00000
0.00000
0.00000
0.00000
0.00000
0.00000
0.00000
0.00000
0.00000
0.00000
0.00000
0.00000
0.00000
0.00000
4.02077
2.63070
1.29163
2.65162
0.00000
0.00000
0.00000
0.00000
0.00000
0.00000
0.00000
0.00000
0.00000
0.00000
0.00000
0.00000
0.00000
0.00000
0.00000
0.00000
0.00000
0.00000
0.00000
0.00000
0.00000
0.00000
0.00000
0.00000
0.00000
0.00000
0.00000
0.00000
0.00000
0.00000
0.00000
0.00000
0.00000
0.00000
0.00000
0.00000
0.00000
1.07112
0.21044
0.05113
0.00000
0.00000
0.00000
0.00000
0.00000
0.00000
0.00000
0.00000
0.00000
0.00000
0.00000
0.00000
0.00000
0.00000
0.00000
0.00000
3.45863
1.91735
1.36077
1.44833
0.00000
0.00000
0.00000
0.00000
0.00000
0.00000
0.00000
0.00000
0.00000
0.00000
0.00000
0.00000
0.00000
0.00000
4.09811
2.58971
1.04058
1.16294
0.00000
0.00000
0.00000
0.00000
0.00000
0.00000
0.00000
0.00000
0.00000
0.00000
0.00000
0.00000
0.00000
0.09526
0.22505
0.43803
0.00000
0.00000
0.00000
0.00000
0.00000
0.00000
0.00000
0.00000
0.00000
0.00000
0.00000
0.00000
0.00000
0.00000
0.00000
0.00000
0.00000
0.00000
0.00000
0.00000
0.00000
0.00000
0.00000
0.00000
0.00000
0.00000
0.00000
0.00000
3.09512
1.04277
0.10655
1.89402
0.00000
0.00000
0.00000
0.00000
0.00000
0.00000
0.00000
0.00000
0.00000
0.00000
2.24605
1.86096
0.22573
1.62839
0.00000
0.00000
0.00000
0.00000
0.00000
0.00000
0.00000
0.00000
0.00000
5.29404
2.76009
1.65471
1.39845
0.00000
0.00000
0.00000
0.00000
0.00000
0.00000
0.00000
0.00000
1.19793
0.95435
0.00000
0.14806
0.00000
0.00000
0.00000
0.00000
0.00000
0.00000
0.00000
0.02413
0.00000
0.03267
0.17190
0.00000
0.00000
0.00000
0.00000
0.00000
0.00000
1.06466
0.08727
0.89702
1.28112
0.00000
0.00000
0.00000
0.00000
0.00000
6.10836
4.41852
4.03169
4.98134
0.00000
0.00000
0.00000
0.00000
5.49730
4.08923
0.90654
2.07488
0.00000
0.00000
0.00000
0.18264
0.00000
0.95312
0.98314
0.00000
0.00000
3.80297
2.45871
1.31834
1.99607
0.00000
4.18082
2.43443
2.49828
0.13470
0.00000
0.00000
0.00000
0.00000
0.00000
0.00000
0.00000
0.00000
0.00000
0.00000
