0.00000
0.00000
0.00000
0.00000
0.00000
0.00000
0.00000
0.00000
0.00000
0.00000
0.00000
0.00000
0.00000
0.00000
0.00000
0.00000
0.00000
0.00000
0.00000
0.00000
0.51034
0.50753
0.50803
0.49758
0.00000
0.00000
0.00000
0.00000
0.00000
0.00000
0.00000
0.00000
0.00000
0.00000
0.00000
0.00000
0.00000
0.00000
0.00000
0.00000
0.00000
0.00000
0.00000
1.71010
1.72439
1.71288
1.66469
0.00000
0.00000
0.00000
0.00000
0.00000
0.00000
0.00000
0.00000
0.00000
0.00000
0.00000
0.00000
0.00000
0.00000
0.00000
0.00000
0.00000
0.00000
1.38108
1.35030
1.36991
1.34734
0.00000
0.00000
0.00000
0.00000
0.00000
0.00000
0.00000
0.00000
0.00000
0.00000
0.00000
0.00000
0.00000
0.00000
0.00000
0.00000
0.00000
0.00000
0.00000
0.00000
0.00000
0.00000
0.00000
0.00000
0.00000
0.00000
0.00000
0.00000
0.00000
0.00000
0.00000
0.00000
0.00000
0.00000
0.00000
0.00000
0.00000
0.05753
0.05398
0.05796
0.05422
0.00000
0.00000
0.00000
0.00000
0.00000
0.00000
0.00000
0.00000
0.00000
0.00000
0.00000
0.00000
0.00000
0.00000
0.00000
1.25643
1.25012
1.25170
1.21942
0.00000
0.00000
0.00000
0.00000
0.00000
0.00000
0.00000
0.00000
0.00000
0.00000
0.00000
0.00000
0.00000
0.00000
0.71462
0.70142
0.71751
0.70295
0.00000
0.00000
0.00000
0.00000
0.00000
0.00000
0.00000
0.00000
0.00000
0.00000
0.00000
0.00000
0.00000
0.00000
0.00000
0.00000
0.00000
0.00000
0.00000
0.00000
0.00000
0.00000
0.00000
0.00000
0.00000
0.00000
0.00000
0.00000
0.00000
0.00000
0.00000
0.00000
0.00000
0.00000
0.00000
0.00000
0.00000
0.00000
0.00000
0.00000
0.00000
0.00000
0.00000
0.00000
0.46263
0.44761
0.46506
0.44543
0.00000
0.00000
0.00000
0.00000
0.00000
0.00000
0.00000
0.00000
0.00000
0.00000
0.22591
0.21811
0.21753
0.22305
0.00000
0.00000
0.00000
0.00000
0.00000
0.00000
0.00000
0.00000
0.00000
1.34335
1.31276
1.33616
1.32153
0.00000
0.00000
0.00000
0.00000
0.00000
0.00000
0.00000
0.00000
0.12308
0.11622
0.12219
0.11454
0.00000
0.00000
0.00000
0.00000
0.00000
0.00000
0.00000
0.00299
0.00300
0.00332
0.00315
0.00000
0.00000
0.00000
0.00000
0.00000
0.00000
0.39095
0.39056
0.40412
0.38774
0.00000
0.00000
0.00000
0.00000
0.00000
2.88028
2.88560
2.85991
2.83643
0.00000
0.00000
0.00000
0.00000
1.52391
1.47765
1.51227
1.49622
0.00000
0.00000
0.00000
0.32377
0.33505
0.34681
0.32728
0.00000
0.00000
0.72090
0.71333
0.72102
0.71159
0.00000
0.36075
0.35548
0.36228
0.35418
0.00000
0.00000
0.00000
0.00000
0.00000
0.00000
0.00000
0.00000
0.00000
0.00000
