0.00000
0.00000
0.00000
0.00000
0.00000
0.00000
0.00000
0.00000
0.00000
0.00000
0.00000
0.00000
0.00000
0.00000
0.00000
0.00000
0.00000
0.00000
0.00000
0.00000
2.58159
0.86666
2.75321
3.00816
0.00000
0.00000
0.00000
0.00000
0.00000
0.00000
0.00000
0.00000
0.00000
0.00000
0.00000
0.00000
0.00000
0.00000
0.00000
0.00000
0.00000
0.00000
0.00000
5.54336
3.12846
2.93258
2.77168
0.00000
0.00000
0.00000
0.00000
0.00000
0.00000
0.00000
0.00000
0.00000
0.00000
0.00000
0.00000
0.00000
0.00000
0.00000
0.00000
0.00000
0.00000
4.67294
3.09281
1.69554
2.86358
0.00000
0.00000
0.00000
0.00000
0.00000
0.00000
0.00000
0.00000
0.00000
0.00000
0.00000
0.00000
0.00000
0.00000
0.00000
0.00000
0.00000
0.00000
0.00000
0.00000
0.00000
0.00000
0.00000
0.00000
0.00000
0.00000
0.00000
0.00000
0.00000
0.00000
0.00000
0.00000
0.00000
0.00000
0.00000
0.00000
0.00000
1.31366
0.41090
0.09790
0.00000
0.00000
0.00000
0.00000
0.00000
0.00000
0.00000
0.00000
0.00000
0.00000
0.00000
0.00000
0.00000
0.00000
0.00000
0.00000
3.70966
2.25759
1.62306
1.78616
0.00000
0.00000
0.00000
0.00000
0.00000
0.00000
0.00000
0.00000
0.00000
0.00000
0.00000
0.00000
0.00000
0.00000
4.82004
3.23014
1.14938
1.42603
0.00000
0.00000
0.00000
0.00000
0.00000
0.00000
0.00000
0.00000
0.00000
0.00000
0.00000
0.00000
0.00000
0.18044
0.36901
0.70352
0.00000
0.00000
0.00000
0.00000
0.00000
0.00000
0.00000
0.00000
0.00000
0.00000
0.00000
0.00000
0.00000
0.00000
0.00000
0.00000
0.00000
0.00000
0.00000
0.00000
0.00000
0.00000
0.00000
0.00000
0.00000
0.00000
0.00000
0.00000
3.68118
1.62700
0.23795
2.26341
0.00000
0.00000
0.00000
0.00000
0.00000
0.00000
0.00000
0.00000
0.00000
0.00000
3.20587
2.36002
0.41666
2.06554
0.00000
0.00000
0.00000
0.00000
0.00000
0.00000
0.00000
0.00000
0.00000
5.58519
3.05494
2.26996
1.74784
0.00000
0.00000
0.00000
0.00000
0.00000
0.00000
0.00000
0.00000
1.45124
1.40332
0.00000
0.27506
0.00000
0.00000
0.00000
0.00000
0.00000
0.00000
0.00000
0.08996
0.00000
0.06368
0.29479
0.00000
0.00000
0.00000
0.00000
0.00000
0.00000
1.18008
0.16145
1.13937
1.50745
0.00000
0.00000
0.00000
0.00000
0.00000
6.79642
4.92959
4.44617
5.35414
0.00000
0.00000
0.00000
0.00000
6.10761
4.67921
1.47607
2.21961
0.00000
0.00000
0.00000
0.36543
0.00000
0.97921
0.99156
0.00000
0.00000
4.76467
2.80117
1.59041
2.20653
0.00000
5.41199
2.98367
3.33118
0.26940
0.00000
0.00000
0.00000
0.00000
0.00000
0.00000
0.00000
0.00000
0.00000
0.00000
