0.00000
0.00000
0.00000
0.00000
0.00000
0.00000
0.00000
0.00000
0.00000
0.00000
0.00000
0.00000
0.00000
0.00000
0.00000
0.00000
0.00000
0.00000
0.00000
0.00000
0.53409
0.24997
0.11994
0.18975
0.00000
0.00000
0.00000
0.00000
0.00000
0.00000
0.00000
0.00000
0.00000
0.00000
0.00000
0.00000
0.00000
0.00000
0.00000
0.00000
0.00000
0.00000
0.00000
0.58337
0.28924
0.16721
0.23270
0.00000
0.00000
0.00000
0.00000
0.00000
0.00000
0.00000
0.00000
0.00000
0.00000
0.00000
0.00000
0.00000
0.00000
0.00000
0.00000
0.00000
0.00000
0.57915
0.28879
0.16437
0.23766
0.00000
0.00000
0.00000
0.00000
0.00000
0.00000
0.00000
0.00000
0.00000
0.00000
0.00000
0.00000
0.00000
0.00000
0.00000
0.00000
0.00000
0.51648
0.23210
0.10439
0.17538
0.00000
0.00000
0.00000
0.00000
0.00000
0.00000
0.00000
0.00000
0.00000
0.00000
0.00000
0.00000
0.00000
0.00000
0.00000
0.00000
0.52173
0.23421
0.10521
0.17460
0.00000
0.00000
0.00000
0.00000
0.00000
0.00000
0.00000
0.00000
0.00000
0.00000
0.00000
0.00000
0.00000
0.00000
0.00000
0.57719
0.28775
0.16524
0.23452
0.00000
0.00000
0.00000
0.00000
0.00000
0.00000
0.00000
0.00000
0.00000
0.00000
0.00000
0.00000
0.00000
0.00000
0.53662
0.24608
0.11892
0.19135
0.00000
0.00000
0.00000
0.00000
0.00000
0.00000
0.00000
0.00000
0.00000
0.00000
0.00000
0.00000
0.00000
0.51482
0.22679
0.10721
0.17883
0.00000
0.00000
0.00000
0.00000
0.00000
0.00000
0.00000
0.00000
0.00000
0.00000
0.00000
0.00000
0.52010
0.22916
0.10477
0.18084
0.00000
0.00000
0.00000
0.00000
0.00000
0.00000
0.00000
0.00000
0.00000
0.00000
0.00000
0.51953
0.22996
0.11580
0.18616
0.00000
0.00000
0.00000
0.00000
0.00000
0.00000
0.00000
0.00000
0.00000
0.00000
0.51547
0.22657
0.10688
0.17813
0.00000
0.00000
0.00000
0.00000
0.00000
0.00000
0.00000
0.00000
0.00000
0.56422
0.27653
0.15826
0.22661
0.00000
0.00000
0.00000
0.00000
0.00000
0.00000
0.00000
0.00000
0.51723
0.23578
0.10425
0.17855
0.00000
0.00000
0.00000
0.00000
0.00000
0.00000
0.00000
0.51491
0.23062
0.10314
0.17531
0.00000
0.00000
0.00000
0.00000
0.00000
0.00000
0.52818
0.23574
0.11848
0.19075
0.00000
0.00000
0.00000
0.00000
0.00000
0.67763
0.38663
0.26912
0.33534
0.00000
0.00000
0.00000
0.00000
0.57251
0.27651
0.15641
0.23229
0.00000
0.00000
0.00000
0.52950
0.23856
0.11353
0.18761
0.00000
0.00000
0.52848
0.24165
0.11849
0.19053
0.00000
0.52048
0.23469
0.11033
0.17952
0.00000
0.00000
0.00000
0.00000
0.00000
0.00000
0.00000
0.00000
0.00000
0.00000
