0.00000
0.00000
0.00000
0.00000
0.00000
0.00000
0.00000
0.00000
0.00000
0.00000
0.00000
0.00000
0.00000
0.00000
0.00000
0.00000
0.00000
0.00000
0.00000
0.00000
1.48565
0.25975
0.86505
1.35208
0.00000
0.00000
0.00000
0.00000
0.00000
0.00000
0.00000
0.00000
0.00000
0.00000
0.00000
0.00000
0.00000
0.00000
0.00000
0.00000
0.00000
0.00000
0.00000
3.39140
2.61398
2.09379
1.52851
0.00000
0.00000
0.00000
0.00000
0.00000
0.00000
0.00000
0.00000
0.00000
0.00000
0.00000
0.00000
0.00000
0.00000
0.00000
0.00000
0.00000
0.00000
3.11574
1.97767
0.75250
2.02869
0.00000
0.00000
0.00000
0.00000
0.00000
0.00000
0.00000
0.00000
0.00000
0.00000
0.00000
0.00000
0.00000
0.00000
0.00000
0.00000
0.00000
0.00000
0.00000
0.00000
0.00000
0.00000
0.00000
0.00000
0.00000
0.00000
0.00000
0.00000
0.00000
0.00000
0.00000
0.00000
0.00000
0.00000
0.00000
0.00000
0.00000
0.58845
0.04913
0.00000
0.00000
0.00000
0.00000
0.00000
0.00000
0.00000
0.00000
0.00000
0.00000
0.00000
0.00000
0.00000
0.00000
0.00000
0.00000
0.00000
3.00935
1.32728
0.94688
1.11539
0.00000
0.00000
0.00000
0.00000
0.00000
0.00000
0.00000
0.00000
0.00000
0.00000
0.00000
0.00000
0.00000
0.00000
2.55366
1.46205
0.86309
0.72199
0.00000
0.00000
0.00000
0.00000
0.00000
0.00000
0.00000
0.00000
0.00000
0.00000
0.00000
0.00000
0.00000
0.01946
0.06683
0.09941
0.00000
0.00000
0.00000
0.00000
0.00000
0.00000
0.00000
0.00000
0.00000
0.00000
0.00000
0.00000
0.00000
0.00000
0.00000
0.00000
0.00000
0.00000
0.00000
0.00000
0.00000
0.00000
0.00000
0.00000
0.00000
0.00000
0.00000
0.00000
2.10949
0.33630
0.00000
1.11944
0.00000
0.00000
0.00000
0.00000
0.00000
0.00000
0.00000
0.00000
0.00000
0.00000
0.92052
0.98746
0.06707
0.80759
0.00000
0.00000
0.00000
0.00000
0.00000
0.00000
0.00000
0.00000
0.00000
4.46354
2.12180
0.67440
0.79879
0.00000
0.00000
0.00000
0.00000
0.00000
0.00000
0.00000
0.00000
0.79301
0.35148
0.00000
0.02679
0.00000
0.00000
0.00000
0.00000
0.00000
0.00000
0.00000
0.00606
0.00000
0.00000
0.04870
0.00000
0.00000
0.00000
0.00000
0.00000
0.00000
0.85097
0.00000
0.44377
0.99267
0.00000
0.00000
0.00000
0.00000
0.00000
5.04919
3.49566
3.09369
3.91497
0.00000
0.00000
0.00000
0.00000
4.20159
2.92003
0.27006
1.80240
0.00000
0.00000
0.00000
0.04840
0.00000
0.83371
0.93499
0.00000
0.00000
1.89903
1.68215
0.94669
1.50553
0.00000
1.90624
1.28023
1.07800
0.02031
0.00000
0.00000
0.00000
0.00000
0.00000
0.00000
0.00000
0.00000
0.00000
0.00000
