0.00000
0.00000
0.00000
0.00000
0.00000
0.00000
0.00000
0.00000
0.00000
0.00000
0.00000
0.00000
0.00000
0.00000
0.00000
0.00000
0.00000
0.00000
0.00000
0.00000
1.39288
1.32892
1.34848
1.32947
0.00000
0.00000
0.00000
0.00000
0.00000
0.00000
0.00000
0.00000
0.00000
0.00000
0.00000
0.00000
0.00000
0.00000
0.00000
0.00000
0.00000
0.00000
0.00000
2.83629
2.72430
2.82273
2.69654
0.00000
0.00000
0.00000
0.00000
0.00000
0.00000
0.00000
0.00000
0.00000
0.00000
0.00000
0.00000
0.00000
0.00000
0.00000
0.00000
0.00000
0.00000
2.27564
2.33852
2.28311
2.26679
0.00000
0.00000
0.00000
0.00000
0.00000
0.00000
0.00000
0.00000
0.00000
0.00000
0.00000
0.00000
0.00000
0.00000
0.00000
0.00000
0.00000
0.00000
0.00000
0.00000
0.00000
0.00000
0.00000
0.00000
0.00000
0.00000
0.00000
0.00000
0.00000
0.00000
0.00000
0.00000
0.00000
0.00000
0.00000
0.00000
0.00000
0.22043
0.24466
0.24250
0.23861
0.00000
0.00000
0.00000
0.00000
0.00000
0.00000
0.00000
0.00000
0.00000
0.00000
0.00000
0.00000
0.00000
0.00000
0.00000
1.84680
1.76898
1.81474
1.76543
0.00000
0.00000
0.00000
0.00000
0.00000
0.00000
0.00000
0.00000
0.00000
0.00000
0.00000
0.00000
0.00000
0.00000
1.79216
1.79781
1.83974
1.76424
0.00000
0.00000
0.00000
0.00000
0.00000
0.00000
0.00000
0.00000
0.00000
0.00000
0.00000
0.00000
0.00000
0.10509
0.10846
0.09962
0.10156
0.00000
0.00000
0.00000
0.00000
0.00000
0.00000
0.00000
0.00000
0.00000
0.00000
0.00000
0.00000
0.00000
0.00000
0.00000
0.00000
0.00000
0.00000
0.00000
0.00000
0.00000
0.00000
0.00000
0.00000
0.00000
0.00000
0.00000
1.17323
1.19016
1.17229
1.19916
0.00000
0.00000
0.00000
0.00000
0.00000
0.00000
0.00000
0.00000
0.00000
0.00000
1.04889
1.09130
1.05426
1.05555
0.00000
0.00000
0.00000
0.00000
0.00000
0.00000
0.00000
0.00000
0.00000
2.38748
2.38140
2.43718
2.36037
0.00000
0.00000
0.00000
0.00000
0.00000
0.00000
0.00000
0.00000
0.38518
0.44738
0.42614
0.41712
0.00000
0.00000
0.00000
0.00000
0.00000
0.00000
0.00000
0.02646
0.02604
0.02601
0.02707
0.00000
0.00000
0.00000
0.00000
0.00000
0.00000
0.71672
0.67261
0.67833
0.69266
0.00000
0.00000
0.00000
0.00000
0.00000
4.46723
4.37628
4.41980
4.33862
0.00000
0.00000
0.00000
0.00000
2.68334
2.73219
2.76071
2.66389
0.00000
0.00000
0.00000
0.51475
0.47497
0.49892
0.48297
0.00000
0.00000
1.95399
1.95067
1.96629
1.92031
0.00000
1.65965
1.63889
1.69038
1.61709
0.00000
0.00000
0.00000
0.00000
0.00000
0.00000
0.00000
0.00000
0.00000
0.00000
