0.00000
0.00000
0.00000
0.00000
0.00000
0.00000
0.00000
0.00000
0.00000
0.00000
0.00000
0.00000
0.00000
0.00000
0.00000
0.00000
0.00000
0.00000
0.00000
0.00000
3.23035
1.09522
3.52090
3.64285
0.00000
0.00000
0.00000
0.00000
0.00000
0.00000
0.00000
0.00000
0.00000
0.00000
0.00000
0.00000
0.00000
0.00000
0.00000
0.00000
0.00000
0.00000
0.00000
6.33050
3.31089
3.29585
3.22931
0.00000
0.00000
0.00000
0.00000
0.00000
0.00000
0.00000
0.00000
0.00000
0.00000
0.00000
0.00000
0.00000
0.00000
0.00000
0.00000
0.00000
0.00000
5.52335
3.68545
2.27887
3.02632
0.00000
0.00000
0.00000
0.00000
0.00000
0.00000
0.00000
0.00000
0.00000
0.00000
0.00000
0.00000
0.00000
0.00000
0.00000
0.00000
0.00000
0.00000
0.00000
0.00000
0.00000
0.00000
0.00000
0.00000
0.00000
0.00000
0.00000
0.00000
0.00000
0.00000
0.00000
0.00000
0.00000
0.00000
0.00000
0.00000
0.00000
1.53745
0.67591
0.19570
0.00000
0.00000
0.00000
0.00000
0.00000
0.00000
0.00000
0.00000
0.00000
0.00000
0.00000
0.00000
0.00000
0.00000
0.00000
0.00000
3.93289
2.54335
1.89735
2.25104
0.00000
0.00000
0.00000
0.00000
0.00000
0.00000
0.00000
0.00000
0.00000
0.00000
0.00000
0.00000
0.00000
0.00000
5.49125
3.83365
1.31263
1.75510
0.00000
0.00000
0.00000
0.00000
0.00000
0.00000
0.00000
0.00000
0.00000
0.00000
0.00000
0.00000
0.00000
0.32529
0.54079
1.01964
0.00000
0.00000
0.00000
0.00000
0.00000
0.00000
0.00000
0.00000
0.00000
0.00000
0.00000
0.00000
0.00000
0.00000
0.00000
0.00000
0.00000
0.00000
0.00000
0.00000
0.00000
0.00000
0.00000
0.00000
0.00000
0.00000
0.00000
0.00000
4.29091
2.28727
0.44501
2.57243
0.00000
0.00000
0.00000
0.00000
0.00000
0.00000
0.00000
0.00000
0.00000
0.00000
4.18864
2.79895
0.63298
2.50667
0.00000
0.00000
0.00000
0.00000
0.00000
0.00000
0.00000
0.00000
0.00000
5.79719
3.37496
2.90394
2.13767
0.00000
0.00000
0.00000
0.00000
0.00000
0.00000
0.00000
0.00000
1.75340
1.97179
0.00000
0.48028
0.00000
0.00000
0.00000
0.00000
0.00000
0.00000
0.00000
0.17324
0.00000
0.12353
0.45705
0.00000
0.00000
0.00000
0.00000
0.00000
0.00000
1.35230
0.27940
1.37784
1.81708
0.00000
0.00000
0.00000
0.00000
0.00000
7.68561
5.53272
4.87253
5.62815
0.00000
0.00000
0.00000
0.00000
6.73301
5.25589
2.19297
2.39269
0.00000
0.00000
0.00000
0.63497
0.00000
0.99415
0.99579
0.00000
0.00000
5.65089
3.11844
1.92588
2.41977
0.00000
6.57271
3.53232
4.25285
0.50051
0.00000
0.00000
0.00000
0.00000
0.00000
0.00000
0.00000
0.00000
0.00000
0.00000
