0.00000
0.00000
0.00000
0.00000
0.00000
0.00000
0.00000
0.00000
0.00000
0.00000
0.00000
0.00000
0.00000
0.00000
0.00000
0.00000
0.00000
0.00000
0.00000
0.00000
0.36626
0.36258
0.36064
0.35286
0.00000
0.00000
0.00000
0.00000
0.00000
0.00000
0.00000
0.00000
0.00000
0.00000
0.00000
0.00000
0.00000
0.00000
0.00000
0.00000
0.00000
0.00000
0.00000
1.34772
1.35769
1.34970
1.30644
0.00000
0.00000
0.00000
0.00000
0.00000
0.00000
0.00000
0.00000
0.00000
0.00000
0.00000
0.00000
0.00000
0.00000
0.00000
0.00000
0.00000
0.00000
1.10539
1.08149
1.09881
1.07483
0.00000
0.00000
0.00000
0.00000
0.00000
0.00000
0.00000
0.00000
0.00000
0.00000
0.00000
0.00000
0.00000
0.00000
0.00000
0.00000
0.00000
0.00000
0.00000
0.00000
0.00000
0.00000
0.00000
0.00000
0.00000
0.00000
0.00000
0.00000
0.00000
0.00000
0.00000
0.00000
0.00000
0.00000
0.00000
0.00000
0.00000
0.02897
0.02706
0.02897
0.02684
0.00000
0.00000
0.00000
0.00000
0.00000
0.00000
0.00000
0.00000
0.00000
0.00000
0.00000
0.00000
0.00000
0.00000
0.00000
1.06430
1.05401
1.06180
1.03180
0.00000
0.00000
0.00000
0.00000
0.00000
0.00000
0.00000
0.00000
0.00000
0.00000
0.00000
0.00000
0.00000
0.00000
0.45021
0.44198
0.45244
0.44119
0.00000
0.00000
0.00000
0.00000
0.00000
0.00000
0.00000
0.00000
0.00000
0.00000
0.00000
0.00000
0.00000
0.00000
0.00000
0.00000
0.00000
0.00000
0.00000
0.00000
0.00000
0.00000
0.00000
0.00000
0.00000
0.00000
0.00000
0.00000
0.00000
0.00000
0.00000
0.00000
0.00000
0.00000
0.00000
0.00000
0.00000
0.00000
0.00000
0.00000
0.00000
0.00000
0.00000
0.00000
0.29101
0.28050
0.29189
0.27820
0.00000
0.00000
0.00000
0.00000
0.00000
0.00000
0.00000
0.00000
0.00000
0.00000
0.11666
0.11243
0.11207
0.11534
0.00000
0.00000
0.00000
0.00000
0.00000
0.00000
0.00000
0.00000
0.00000
1.04457
1.01771
1.03716
1.02035
0.00000
0.00000
0.00000
0.00000
0.00000
0.00000
0.00000
0.00000
0.07253
0.06840
0.07208
0.06747
0.00000
0.00000
0.00000
0.00000
0.00000
0.00000
0.00000
0.00150
0.00150
0.00166
0.00158
0.00000
0.00000
0.00000
0.00000
0.00000
0.00000
0.29977
0.29913
0.31228
0.29951
0.00000
0.00000
0.00000
0.00000
0.00000
2.42585
2.42812
2.40500
2.38093
0.00000
0.00000
0.00000
0.00000
1.14746
1.10897
1.13516
1.12053
0.00000
0.00000
0.00000
0.24704
0.25491
0.26553
0.25077
0.00000
0.00000
0.43899
0.43540
0.43943
0.43295
0.00000
0.18670
0.18327
0.18739
0.18287
0.00000
0.00000
0.00000
0.00000
0.00000
0.00000
0.00000
0.00000
0.00000
0.00000
