0.00000
0.00000
0.00000
0.00000
0.00000
0.00000
0.00000
0.00000
0.00000
0.00000
0.00000
0.00000
0.00000
0.00000
0.00000
0.00000
0.00000
0.00000
0.00000
0.00000
1.41383
0.82817
0.51278
0.74375
0.00000
0.00000
0.00000
0.00000
0.00000
0.00000
0.00000
0.00000
0.00000
0.00000
0.00000
0.00000
0.00000
0.00000
0.00000
0.00000
0.00000
0.00000
0.00000
1.54351
0.93090
0.64821
0.87036
0.00000
0.00000
0.00000
0.00000
0.00000
0.00000
0.00000
0.00000
0.00000
0.00000
0.00000
0.00000
0.00000
0.00000
0.00000
0.00000
0.00000
0.00000
1.49945
0.91408
0.59859
0.83642
0.00000
0.00000
0.00000
0.00000
0.00000
0.00000
0.00000
0.00000
0.00000
0.00000
0.00000
0.00000
0.00000
0.00000
0.00000
0.00000
0.00000
1.35569
0.76843
0.45283
0.68923
0.00000
0.00000
0.00000
0.00000
0.00000
0.00000
0.00000
0.00000
0.00000
0.00000
0.00000
0.00000
0.00000
0.00000
0.00000
0.00000
1.36156
0.76315
0.46073
0.70470
0.00000
0.00000
0.00000
0.00000
0.00000
0.00000
0.00000
0.00000
0.00000
0.00000
0.00000
0.00000
0.00000
0.00000
0.00000
1.48448
0.88708
0.58557
0.81050
0.00000
0.00000
0.00000
0.00000
0.00000
0.00000
0.00000
0.00000
0.00000
0.00000
0.00000
0.00000
0.00000
0.00000
1.43605
0.84397
0.55106
0.76681
0.00000
0.00000
0.00000
0.00000
0.00000
0.00000
0.00000
0.00000
0.00000
0.00000
0.00000
0.00000
0.00000
1.33772
0.73770
0.45716
0.68260
0.00000
0.00000
0.00000
0.00000
0.00000
0.00000
0.00000
0.00000
0.00000
0.00000
0.00000
0.00000
1.35786
0.75593
0.44883
0.67594
0.00000
0.00000
0.00000
0.00000
0.00000
0.00000
0.00000
0.00000
0.00000
0.00000
0.00000
1.40047
0.81418
0.50531
0.73395
0.00000
0.00000
0.00000
0.00000
0.00000
0.00000
0.00000
0.00000
0.00000
0.00000
1.38238
0.78654
0.48358
0.70857
0.00000
0.00000
0.00000
0.00000
0.00000
0.00000
0.00000
0.00000
0.00000
1.50723
0.91434
0.61074
0.83109
0.00000
0.00000
0.00000
0.00000
0.00000
0.00000
0.00000
0.00000
1.36098
0.77110
0.46138
0.69904
0.00000
0.00000
0.00000
0.00000
0.00000
0.00000
0.00000
1.33410
0.73944
0.45729
0.68151
0.00000
0.00000
0.00000
0.00000
0.00000
0.00000
1.40568
0.80300
0.50040
0.73669
0.00000
0.00000
0.00000
0.00000
0.00000
1.66105
1.06228
0.75315
0.98189
0.00000
0.00000
0.00000
0.00000
1.52151
0.92802
0.62297
0.85023
0.00000
0.00000
0.00000
1.37505
0.78079
0.48034
0.71125
0.00000
0.00000
1.46258
0.85653
0.55030
0.78036
0.00000
1.40916
0.81966
0.51078
0.74240
0.00000
0.00000
0.00000
0.00000
0.00000
0.00000
0.00000
0.00000
0.00000
0.00000
