0.00000
0.00000
0.00000
0.00000
0.00000
0.00000
0.00000
0.00000
0.00000
0.00000
0.00000
0.00000
0.00000
0.00000
0.00000
0.00000
0.00000
0.00000
0.00000
0.00000
1.85379
1.77399
1.80042
1.76677
0.00000
0.00000
0.00000
0.00000
0.00000
0.00000
0.00000
0.00000
0.00000
0.00000
0.00000
0.00000
0.00000
0.00000
0.00000
0.00000
0.00000
0.00000
0.00000
3.23390
3.11211
3.21314
3.09083
0.00000
0.00000
0.00000
0.00000
0.00000
0.00000
0.00000
0.00000
0.00000
0.00000
0.00000
0.00000
0.00000
0.00000
0.00000
0.00000
0.00000
0.00000
2.63541
2.69690
2.64113
2.62127
0.00000
0.00000
0.00000
0.00000
0.00000
0.00000
0.00000
0.00000
0.00000
0.00000
0.00000
0.00000
0.00000
0.00000
0.00000
0.00000
0.00000
0.00000
0.00000
0.00000
0.00000
0.00000
0.00000
0.00000
0.00000
0.00000
0.00000
0.00000
0.00000
0.00000
0.00000
0.00000
0.00000
0.00000
0.00000
0.00000
0.00000
0.31361
0.34247
0.34131
0.33531
0.00000
0.00000
0.00000
0.00000
0.00000
0.00000
0.00000
0.00000
0.00000
0.00000
0.00000
0.00000
0.00000
0.00000
0.00000
2.09804
2.01461
2.06873
2.00370
0.00000
0.00000
0.00000
0.00000
0.00000
0.00000
0.00000
0.00000
0.00000
0.00000
0.00000
0.00000
0.00000
0.00000
2.20890
2.22770
2.26981
2.18495
0.00000
0.00000
0.00000
0.00000
0.00000
0.00000
0.00000
0.00000
0.00000
0.00000
0.00000
0.00000
0.00000
0.19199
0.19733
0.18295
0.18607
0.00000
0.00000
0.00000
0.00000
0.00000
0.00000
0.00000
0.00000
0.00000
0.00000
0.00000
0.00000
0.00000
0.00000
0.00000
0.00000
0.00000
0.00000
0.00000
0.00000
0.00000
0.00000
0.00000
0.00000
0.00000
0.00000
0.00000
1.52530
1.54021
1.52538
1.54756
0.00000
0.00000
0.00000
0.00000
0.00000
0.00000
0.00000
0.00000
0.00000
0.00000
1.47169
1.52613
1.48316
1.48015
0.00000
0.00000
0.00000
0.00000
0.00000
0.00000
0.00000
0.00000
0.00000
2.77602
2.76541
2.82419
2.74166
0.00000
0.00000
0.00000
0.00000
0.00000
0.00000
0.00000
0.00000
0.53194
0.61338
0.58413
0.57089
0.00000
0.00000
0.00000
0.00000
0.00000
0.00000
0.00000
0.05774
0.05720
0.05570
0.05807
0.00000
0.00000
0.00000
0.00000
0.00000
0.00000
0.86572
0.81036
0.82399
0.83000
0.00000
0.00000
0.00000
0.00000
0.00000
4.95534
4.86135
4.90237
4.82085
0.00000
0.00000
0.00000
0.00000
3.11257
3.17096
3.20008
3.08434
0.00000
0.00000
0.00000
0.55350
0.50982
0.53589
0.51970
0.00000
0.00000
2.40185
2.39372
2.41832
2.36220
0.00000
2.32321
2.29362
2.36619
2.26522
0.00000
0.00000
0.00000
0.00000
0.00000
0.00000
0.00000
0.00000
0.00000
0.00000
