0.00000
0.00000
0.00000
0.00000
0.00000
0.00000
0.00000
0.00000
0.00000
0.00000
0.00000
0.00000
0.00000
0.00000
0.00000
0.00000
0.00000
0.00000
0.00000
0.00000
2.37105
2.27182
2.30710
2.25965
0.00000
0.00000
0.00000
0.00000
0.00000
0.00000
0.00000
0.00000
0.00000
0.00000
0.00000
0.00000
0.00000
0.00000
0.00000
0.00000
0.00000
0.00000
0.00000
3.67054
3.53845
3.64116
3.52594
0.00000
0.00000
0.00000
0.00000
0.00000
0.00000
0.00000
0.00000
0.00000
0.00000
0.00000
0.00000
0.00000
0.00000
0.00000
0.00000
0.00000
0.00000
3.07116
3.12753
3.07762
3.04857
0.00000
0.00000
0.00000
0.00000
0.00000
0.00000
0.00000
0.00000
0.00000
0.00000
0.00000
0.00000
0.00000
0.00000
0.00000
0.00000
0.00000
0.00000
0.00000
0.00000
0.00000
0.00000
0.00000
0.00000
0.00000
0.00000
0.00000
0.00000
0.00000
0.00000
0.00000
0.00000
0.00000
0.00000
0.00000
0.00000
0.00000
0.43412
0.46515
0.46665
0.45654
0.00000
0.00000
0.00000
0.00000
0.00000
0.00000
0.00000
0.00000
0.00000
0.00000
0.00000
0.00000
0.00000
0.00000
0.00000
2.40087
2.31037
2.37243
2.29281
0.00000
0.00000
0.00000
0.00000
0.00000
0.00000
0.00000
0.00000
0.00000
0.00000
0.00000
0.00000
0.00000
0.00000
2.63233
2.67035
2.70701
2.61591
0.00000
0.00000
0.00000
0.00000
0.00000
0.00000
0.00000
0.00000
0.00000
0.00000
0.00000
0.00000
0.00000
0.31661
0.32524
0.30316
0.30796
0.00000
0.00000
0.00000
0.00000
0.00000
0.00000
0.00000
0.00000
0.00000
0.00000
0.00000
0.00000
0.00000
0.00000
0.00000
0.00000
0.00000
0.00000
0.00000
0.00000
0.00000
0.00000
0.00000
0.00000
0.00000
0.00000
0.00000
1.94532
1.95713
1.94887
1.95822
0.00000
0.00000
0.00000
0.00000
0.00000
0.00000
0.00000
0.00000
0.00000
0.00000
1.98881
2.05254
2.01205
1.99468
0.00000
0.00000
0.00000
0.00000
0.00000
0.00000
0.00000
0.00000
0.00000
3.16859
3.15283
3.21260
3.12392
0.00000
0.00000
0.00000
0.00000
0.00000
0.00000
0.00000
0.00000
0.72910
0.83203
0.79333
0.77516
0.00000
0.00000
0.00000
0.00000
0.00000
0.00000
0.00000
0.11356
0.11121
0.10989
0.11377
0.00000
0.00000
0.00000
0.00000
0.00000
0.00000
1.03661
0.97097
0.99140
0.98938
0.00000
0.00000
0.00000
0.00000
0.00000
5.45438
5.35841
5.39882
5.31471
0.00000
0.00000
0.00000
0.00000
3.59134
3.65783
3.68108
3.55225
0.00000
0.00000
0.00000
0.61021
0.56073
0.59050
0.57475
0.00000
0.00000
2.85149
2.83628
2.87130
2.80371
0.00000
3.01366
2.97503
3.06791
2.93962
0.00000
0.00000
0.00000
0.00000
0.00000
0.00000
0.00000
0.00000
0.00000
0.00000
