-14.775544
-9.757766
-13.997683
-12.584752
-16.775495
-11.769072
-12.632513
-11.163282
-12.525737
-10.974790
-12.004380
-11.056203
-12.967926
-15.681170
-10.906637
-13.163724
-13.246449
-10.934237
-11.624544
-18.201443
-11.981143
-11.572279
-10.824895
-13.997683
-9.167172
-11.226519
-12.190065
-14.967876
-14.004331
-8.724982
-10.794418
-9.764661
-8.180388
-13.997683
-10.777133
-12.967926
-10.972932
-13.246449
-9.362970
-10.196929
-11.438830
-9.126619
-12.974740
-11.747876
-10.392561
-9.099019
-9.322418
-9.454453
-13.873552
-8.421279
-10.974790
-9.209979
-12.910006
-14.400688
-12.004380
-10.156376
-11.572279
-8.684430
-12.967926
-12.934188
-9.322472
-12.967926
-10.974790
-10.475285
-9.960459
-12.525737
-10.173524
-9.816926
-17.423582
-18.201443
-10.934237
-9.445694
-9.961454
-8.656830
-15.163675
-11.572279
-12.004380
-11.839863
-12.525737
-16.775495
-16.393824
-13.431362
-11.880416
-12.584752
-12.584752
-15.681170
-8.139836
-16.775495
-16.589623
-15.951635
-13.997683
-10.846683
-10.043184
-12.525737
-13.624494
-15.430279
-14.525687
-8.777878
-9.406692
-8.112236
-16.775495
-11.056203
-10.996641
-11.624544
-13.163724
-12.477905
-10.369323
-13.163724
-14.069350
-11.203282
-14.360136
-12.385864
-12.004380
-15.681170
-11.981143
-8.830142
-9.731335
-11.634629
-10.012724
-12.068908
-10.906637
-15.050442
-14.998178
-11.981143
-13.163724
-18.201443
-10.095448
-15.681170
-17.681120
-10.934237
-15.997634
-9.374736
-10.934237
-12.886768
-11.624544
-13.246449
-19.107068
-13.246449
-12.530170
-16.672347
-12.674698
-18.201443
-11.961829
-11.981143
-11.624544
-11.769072
-9.839332
-9.519265
-11.769072
-15.246399
-10.452047
-8.974671
-15.194971
-11.769072
-15.997634
-10.196929
-12.886768
-17.423582
-11.226519
-15.997634
-7.947122
-11.747876
-12.794369
-10.794418
-15.246399
-12.552518
-14.864729
-10.846683
-11.203282
-10.996641
-15.873502
-12.190065
-19.107068
-9.960459
-12.385864
-10.156376
-13.880366
-11.839863
-9.099019
-12.190065
-8.389311
-9.764661
-14.525687
-5.653699
-10.369323
-10.312317
-9.406692
-10.196929
-9.445694
-14.530120
-19.107068
-15.951635
-10.156376
-13.634580
-11.438830
-10.846683
-12.593070
-4.436675
-7.638076
-10.012724
-12.190065
-14.967876
-16.393824
-16.857261
-17.681120
-8.953474
-16.672347
-12.385864
-10.032245
-11.747876
-6.251188
-15.306314
-13.469082
-9.322472
-11.203282
-11.634629
-9.630608
-8.421279
-11.839863
-11.816876
-15.387728
-7.402528
-12.530170
-12.788869
-9.126619
-12.530170
-14.220317
-13.873552
-10.670287
-10.369323
-14.422540
-9.816926
-9.454453
-14.069350
-14.069350
-14.967876
-12.846634
-11.880416
-10.173524
-16.393824
-14.190016
-15.050442
-11.406642
-8.656830
-14.967876
-13.622827
-12.880352
-10.996641
-9.126619
-11.079150
-11.167122
-17.681120
-9.454453
-9.039065
-10.072797
-8.628831
-10.173524
-9.374736
-10.154211
-10.722551
-16.069301
-17.495249
-10.196929
-7.599073
-17.423582
-13.431362
-11.374687
-14.272581
-7.022524
-14.525687
-12.530170
-10.360079
-10.012724
-9.126619
-10.369323
-9.712022
-14.385814
-12.095399
-13.438781
-9.395663
-11.634629
-9.816926
-10.846683
-15.951635
-10.280362
-15.903803
-11.747876
-13.431362
-14.069350
-12.996592
-13.747826
-11.438830
-13.431362
-9.731335
-8.830142
-15.431313
-11.445645
-16.589623
-15.246399
-9.591462
-12.871593
-10.996641
-12.196880
-11.438830
-15.246399
-8.758564
-9.764661
-13.242824
-7.877596
-13.873552
-12.800635
-16.589623
-10.173524
-10.012724
-14.525687
-17.299450
-10.095448
-9.406692
-8.287830
-6.203427
-15.173774
-16.589623
-5.605937
-9.374736
-8.596875
-11.203282
-15.060528
-15.997634
-11.634629
-13.624494
-7.218323
-13.438623
-8.684430
-15.163675
-10.095448
-17.423582
-8.052282
-9.816926
-8.830142
-12.886768
-9.374736
-15.615963
-9.731335
-16.672347
-14.503060
-8.119375
-7.949964
-5.117893
-8.975261
-5.230143
-10.917055
-7.405656
-8.368566
-7.653650
-6.793304
-15.622940
-9.674987
-4.524514
-10.772018
-5.834429
-3.611053
-15.924666
-12.156327
-4.661310
-1.256254
-8.836825
-6.203427
-13.738216
-11.406642
-9.342725
-11.346603
-7.947122
-12.996592
-8.252015
-9.827839
-8.287830
-10.006087
-10.312317
-7.560293
-11.689574
-6.723657
-14.422540
-6.919520
-8.598675
-10.636961
-13.438781
-8.829051
-7.086510
-4.247120
-12.196880
-12.846634
-13.839814
-11.445645
-9.261363
-4.893681
-15.811762
-12.196880
-12.846634
-7.402528
-17.299450
-14.220317
-14.385814
-5.966018
-16.857261
-3.046502
-9.395663
-13.622827
-13.747826
-15.173774
-16.857261
-17.495249
-6.983588
-10.801066
-9.725848
-15.615963
-14.190016
-7.407303
-7.262613
-3.873809
-13.047702
-16.467456
-8.921199
-13.485706
