0
6.579418
1.6292
4.300333
1.930605
5.149995
5.12111
6.442049
1.287982
4.132943
5.090218
5.994539
0.788801
1.33218
5.339065
1.188755
2.077539
3.844156
2.669333
1.295755
1.308171
3.282396
6.101142
1.86869
4.74698
6.268989
2.301516
2.368128
6.000898
6.024237
5.666058
3.754546
6.222775
1.827457
4.960168
1.609376
6.266391
3.164513
6.652709
4.51264
2.573702
4.69169
5.725823
2.89876
6.252905
6.027148
5.799794
5.765909
1.974446
5.321857
5.999778
5.776889
6.134481
4.381538
5.29497
5.937872
3.987563
5.236888
1.107821
5.909436
4.540766
1.92834
6.341877
6.628273
4.756712
1.550573
1.90555
3.874691
2.499914
3.489151
4.179916
5.093187
5.976149
6.103206
3.627074
5.74776
5.599844
5.693065
2.099932
4.077605
1.927449
2.608093
4.589236
6.290084
5.503443
2.540317
5.505852
3.599105
3.504748
2.94486
1.739898
4.033794
5.503118
2.26842
3.765801
5.8197
3.369856
5.690995
5.235136
6.307313
3.716918
6.437999
3.2903
3.35117
2.794851
3.996468
2.99187
2.772563
3.677902
3.352504
4.877524
3.765513
5.789868
2.102105
1.903166
3.479575
2.43872
4.003756
4.328633
5.22419
5.579987
3.705287
6.482521
3.05261
1.618545
2.444305
4.291952
1.770178
3.456509
4.61421
1.626023
3.339626
4.803363
5.755525
3.037508
2.638059
3.128945
2.889836
3.935367
3.260199
6.591826
2.870731
4.364819
2.723798
3.511091
6.515619
6.249318
6.046952
5.333019
3.355767
5.896278
6.08848
6.186764
5.93739
2.01168
4.686616
3.008874
2.570204
6.560682
1.850842
5.846621
2.946456
6.649708
5.86805
2.730814
5.524155
3.899052
4.189084
2.895418
3.815409
3.851234
2.450355
3.318753
5.790011
3.699247
5.731065
4.920027
5.752827
6.194753
2.473161
5.40128
6.143218
5.222107
5.813547
3.667847
5.925711
6.290579
5.44998
5.934645
6.030749
3.013856
3.684563
5.395701
5.240051
3.469287
3.929887
4.889216
6.088396
5.6196
5.524609
2.57838
3.985062
2.819646
4.091381
4.304619
4.363478
4.404301
3.631438
6.37959
3.01778
6.135578
4.442105
5.842735
6.640904
3.172123
3.927154
5.879734
6.273666
5.849433
4.968432
5.753152
4.979802
4.123766
5.626827
5.424044
4.223674
5.853409
2.503739
4.597074
4.295298
4.540634
4.668446
6.521428
3.742893
3.829101
4.082961
4.137442
5.377297
3.368478
3.625778
2.289869
4.110993
5.781503
6.262833
3.869632
4.308162
6.083432
3.702037
5.178028
5.732993
6.03006
2.995418
6.179967
4.974048
5.249756
5.974909
2.61289
3.998433
5.808839
5.054366
5.101234
4.906385
5.889744
6.130905
2.60762
3.810335
3.534099
5.126922
4.606517
5.179383
4.252603
6.126002
4.471742
4.954527
4.51711
5.186035
3.69486
5.344962
3.802893
3.939198
3.949601
4.121617
4.161217
3.836522
4.720873
4.506344
3.208709
3.263974
3.841099
4.274156
2.805539
3.283425
3.372216
3.426227
4.571164
4.186189
5.090138
3.524896
3.822863
4.502662
4.509241
4.045522
4.657376
3.349788
3.78872
4.121263
4.562086
4.604466
6.25902
3.490481
4.585022
4.695658
3.402826
4.896754
4.970558
3.621193
4.703106
5.25439
5.625221
5.711601
3.285304
4.169128
5.490612
4.158744
4.847246
3.496419
4.532941
2.529079
4.071004
4.788777
5.08465
5.095583
5.556471
4.146028
4.507096
2.776626
4.672782
4.376201
4.742155
4.300906
3.644617
2.879638
2.874595
4.388184
5.795509
4.912242
6.647614
6.645014
6.485094
6.484249
6.473188
6.468195
6.463646
6.429543
6.425412
6.414444
6.388926
6.29702
6.277385
6.266685
6.25362
6.198541
6.149474
6.145289
6.129845
6.076694
6.004246
5.997963
5.97218
5.959318
5.908574
5.841692
5.815009
5.762434
5.680618
5.669937
5.553596
5.537894
5.519764
5.262181
5.091566
5.08294
5.076987
5.0519
5.043413
5.037959
4.988633
4.932164
4.920866
4.81934
4.787386
4.737043
4.696878
4.652816
4.625588
4.441864
4.420825
4.362304
4.253835
4.244419
4.193983
4.147355
4.086253
4.071277
4.070263
3.982687
3.828209
3.788765
3.6198
3.545526
3.541155
3.495145
3.319305
2.928073
2.88058
2.376789
0.226008
0.097902
-0.261742
-0.442489
-0.472579
-0.652289
-0.789521