46
47
48
49
50
51
52
53
54
55
56
57
58
60
87
88
89
90
91
92
93
435
436
437
438
439
440
441
442
443
444
445
474
475
476
477
478
479
822
824
828
830
860
861
862
863
864
1217
1247
1248
1249
1251
1271
1278
1282
1287
1288
1596
1604
1608
1634
1636
1991
1993
1994
1995
2017
2019
2020
2021
2022
2023
2364
2366
2378
2380
2381
2382
2383
2384
2402
2403
2404
2405
2406
2407
2408
2409
2410
2746
2747
2749
2751
2769
2770
2771
2772
2773
2774
2788
2789
2790
2791
2792
2793
2794
2795
3016
3018
3019
3020
3060
3124
3125
3126
3127
3128
3133
3134
3135
3136
3137
3138
3139
3140
3141
3142
3154
3155
3156
3157
3158
3159
3160
3161
3174
3175
3176
3177
3178
3179
3180
3181
3182
3183
3184
3403
3405
3406
3407
3408
3409
3447
3486
3489
3505
3506
3507
3508
3509
3510
3511
3512
3513
3514
3515
3520
3523
3524
3525
3526
3527
3528
3529
3530
3531
3532
3533
3538
3539
3540
3541
3542
3543
3544
3545
3546
3565
3566
3567
3568
3569
3570
3571
3572
3635
3637
3638
3767
3768
3788
3789
3790
3791
3792
3793
3794
3795
3796
3834
3893
3895
3896
3897
3898
3900
3907
3912
3914
3916
3918
3926
3928
3929
3930
3931
3932
3954
3955
3956
3957
3958
4154
4155
4175
4176
4177
4178
4179
4305
4313
4315
4317
4343
4345
4692
4700
4704
4732
5079
5087
5119
5853
5855
5856
6498
6500
6501
6504
6505
6506
6508
6538
6539
6540
6885
6887
6891
6893
6894
6897
6923
6924
6925
6926
6927
7280
7310
7311
7312
7334
7341
7345
7350
7351
7659
7667
7671
7697
7699
8058
8080
8082
8083
8084
8085
8086
8427
8429
8433
8443
8444
8445
8446
8447
8465
8466
8467
8468
8469
8470
8471
8472
8473
8692
8694
8695
8696
8736
8809
8810
8812
8814
8832
8833
8834
8835
8836
8837
8841
8850
8851
8852
8853
8854
8855
8856
8857
8858
9079
9080
9081
9082
9083
9084
9085
9123
9124
9187
9188
9189
9190
9191
9196
9197
9198
9199
9200
9201
9202
9203
9204
9205
9217
9218
9219
9220
9221
9222
9223
9224
9237
9238
9239
9240
9241
9242
9243
9244
9245
9246
9247
9311
9313
9314
9465
9466
9467
9468
9469
9470
9471
9549
9552
9568
9569
9570
9571
9572
9573
9574
9575
9576
9577
9578
9583
9586
9587
9588
9589
9590
9591
9592
9593
9594
9595
9596
9601
9602
9603
9604
9605
9606
9607
9608
9609
9628
9629
9630
9631
9632
9633
9634
9635
9852
9853
9854
9855
9856
9956
9958
9959
9960
9961
9963
9970
9975
9977
9979
9981
9991
9992
9993
9995
10017
10018
10019
10020
10021
10368
10376
10378
10380
10406
10408
10755
10763
10767
10795
