2.803
2.616
2.150
2.265
2.630
2.869
2.393
2.890
2.478
2.947
3.204
3.510
3.752
3.895
3.940
3.581
3.419
3.023
3.010
2.566
2.666
2.614
2.495
2.171
1.867
1.827
1.514
1.502
1.438
1.750
2.030
2.024
2.507
2.805
3.162
3.208
3.087
2.449
2.955
3.000
2.667
2.526
2.087
1.963
1.610
1.481
1.110
1.026
0.317
0.642
0.314
0.494
0.800
0.931
0.658
0.774
0.446
0.919
0.840
1.274
1.189
1.832
2.016
2.416
2.724
2.996
3.282
3.526
3.819
3.579
4.093
3.829
4.218
4.486
4.214
4.101
3.780
3.459
3.298
2.975
3.096
2.792
2.453
2.252
1.917
1.672
1.343
1.173
0.705
0.927
0.684
0.981
1.155
1.176
1.446
1.610
1.915
2.094
2.246
1.949
1.689
2.107
2.118
1.590
2.005
2.275
2.074
1.761
2.328
2.517
2.011
2.279
2.727
3.067
3.163
2.828
2.735
2.216
2.656
2.912
2.754
2.435
2.975
3.188
3.086
2.774
2.744
2.566
2.928
3.063
2.860
2.380
2.499
2.789
3.006
2.462
2.895
2.486
2.922
3.161
3.450
3.687
3.862
3.919
3.572
3.440
3.065
3.095
2.668
2.846
2.818
2.714
2.441
2.161
2.171
1.886
1.815
1.750
2.010
2.260
2.182
2.685
2.934
3.296
3.316
3.195
2.669
2.959
3.070
2.762
2.625
2.228
2.098
1.736
1.682
1.353
1.355
0.695
1.099
0.731
0.888
1.175
1.114
0.707
0.943
0.478
1.047
0.989
1.335
1.310
1.860
2.065
2.423
2.741
2.949
3.246
3.468
3.739
3.411
3.950
3.685
4.072
4.334
4.104
4.041
3.705
3.436
3.244
2.920
2.917
2.674
2.317
2.196
1.832
1.632
1.271
1.126
0.636
0.883
0.532
0.944
1.112
1.327
1.488
1.575
1.907
2.146
2.151
1.804
1.704
2.024
1.902
1.440
1.844
2.081
1.827
1.579
2.088
2.264
1.759
2.043
2.475
2.817
2.857
2.554
2.362
1.866
2.344
2.568
2.327
2.108
2.619
2.798
2.631
2.309
2.245
2.117
2.421
3.314
3.084
2.603
2.716
2.918
3.088
2.505
2.855
2.435
2.803
3.048
3.232
3.563
3.766
3.761
3.444
3.370
3.011
3.109
2.719
2.952
2.984
2.746
2.583
2.465
2.265
2.063
2.095
1.869
2.215
2.340
2.335
2.630
2.910
3.261
3.185
3.027
2.575
2.749
2.882
2.588
2.546
2.098
2.168
1.813
1.898
1.624
1.718
1.097
1.574
1.189
1.369
1.655
1.584
1.180
1.309
0.788
1.214
1.222
1.437
1.221
1.829
1.892
2.263
2.531
2.696
3.006
3.220
3.484
3.139
3.660
3.425
3.805
4.066
3.851
3.802
3.470
3.213
3.004
2.682
2.622
2.360
2.039
1.919
1.534
1.510
1.121
1.110
0.743
1.059
0.838
1.277
1.478
1.756
1.930
1.912
2.246
2.406
2.374
2.024
1.997
2.235
1.994
1.601
1.960
2.125
1.803
1.608
2.059
2.126
1.572
1.905
2.300
2.615
2.595
2.298
2.048
1.617
2.042
2.225
1.907
1.748
2.204
2.341
2.112
1.816
1.755
1.729
2.001
3.504
3.238
2.783
2.805
2.960
3.081
2.468
2.624
2.250
2.445
2.652
2.767
3.085
3.341
3.331
3.055
3.057
2.776
2.988
2.673
2.969
3.027
2.875
2.776
2.663
2.635
2.461
2.350
2.176
2.321
2.516
2.399
2.724
2.880
3.221
3.097
3.079
2.795
2.759
2.805
2.546
2.446
2.140
2.148
1.897
2.006
1.834
1.987
1.411
1.984
1.611
1.839
2.123
2.024
1.635
1.666
1.097
1.405
1.409
1.425
1.466
1.724
1.944
2.027
2.298
2.420
2.725
3.006
3.303
3.100
3.602
3.479
3.890
4.113
3.876
3.812
3.445
3.241
2.925
2.584
2.419
2.039
1.786
1.615
1.300
1.256
0.998
1.132
0.930
1.245
1.198
1.613
1.816
2.158
2.343
2.182
2.470
2.529
2.386
2.078
2.095
2.158
1.834
1.626
1.867
1.826
1.471
1.460
1.716
1.615
1.055
1.343
1.718
1.970
1.855
1.559
1.304
0.891
1.358
1.535
1.226
1.178
1.616
1.755
1.561
1.214
1.121
0.995
1.300
3.476
3.174
2.794
2.536
2.860
3.012
2.459
2.859
2.346
2.646
3.011
3.070
3.484
3.719
3.566
3.247
3.190
2.749
2.892
2.506
2.690
2.750
2.474
2.341
2.342
2.096
1.957
1.989
1.711
2.011
2.054
2.234
2.321
2.595
2.939
2.830
2.666
2.271
2.365
2.514
2.233
2.219
1.772
1.926
1.567
1.822
1.563
1.855
1.180
1.897
1.594
1.858
2.169
2.244
1.867
1.859
1.049
1.474
1.227
1.366
0.971
1.586
1.539
1.920
2.170
2.262
2.561
2.759
3.034
2.631
3.139
2.922
3.271
3.535
3.364
3.362
3.020
2.822
2.606
2.283
2.108
1.881
1.574
1.580
1.285
1.325
0.970
1.257
0.930
1.486
1.465
1.921
2.203
2.444
2.678
2.613
2.910
3.015
3.033
2.689
2.605
2.829
2.586
2.183
2.493
2.595
2.257
2.029
2.403
2.414
1.817
1.958
2.449
2.689
2.654
2.348
2.087
1.735
2.066
2.191
1.873
1.703
2.080
2.130
1.822
1.693
1.648
1.680
1.934
3.331
3.020
2.669
2.343
2.647
2.781
2.234
2.620
2.079
2.377
2.767
2.806
3.247
3.474
3.277
2.956
2.911
2.464
2.616
2.237
2.442
2.523
2.227
2.134
2.210
1.949
1.862
1.880
1.567
1.816
1.806
1.990
2.048
2.312
2.650
2.493
2.289
1.941
1.934
2.121
1.921
1.929
1.487
1.688
1.347
1.648
1.470
1.786
1.234
1.976
1.695
1.983
2.313
2.366
2.032
1.901
1.118
1.418
1.166
1.184
0.778
1.308
1.239
1.601
1.783
1.801
2.090
2.222
2.489
2.126
2.636
2.453
2.812
3.063
2.889
2.871
2.520
2.331
2.116
1.745
1.554
1.367
1.133
1.254
0.987
1.092
0.732
1.102
0.924
1.482
1.585
2.003
2.324
2.546
2.800
2.701
2.948
3.022
3.090
2.760
2.619
2.839
2.609
2.231
2.473
2.565
2.228
2.005
2.326
2.352
1.758
1.813
2.332
2.531
2.552
2.248
1.983
1.636
1.936
2.007
1.708
1.518
1.866
1.895
1.578
1.476
1.501
1.616
1.923
3.078
2.760
2.412
2.044
2.340
2.461
1.919
2.299
1.746
2.053
2.451
2.559
2.976
3.150
2.999
2.660
2.575
2.124
2.267
1.897
2.086
2.169
1.847
1.766
1.928
1.667
1.631
1.685
1.294
1.529
1.414
1.631
1.648
1.930
2.259
2.101
1.908
1.565
1.483
1.696
1.528
1.555
1.075
1.371
1.052
1.382
1.305
1.631
1.239
1.959
1.723
2.030
2.375
2.390
2.053
1.852
1.143
1.286
1.045
0.929
0.555
0.977
0.834
1.271
1.383
1.416
1.662
1.744
1.983
1.586
2.102
1.908
2.294
2.538
2.338
2.329
2.009
1.832
1.572
1.217
1.085
0.977
0.814
1.016
0.642
0.808
0.431
0.891
0.857
1.380
1.587
1.959
2.300
2.528
2.775
2.635
2.840
2.880
2.965
2.650
2.474
2.678
2.551
2.108
2.296
2.498
2.260
1.831
2.242
2.427
1.852
1.817
2.376
2.492
2.606
2.336
2.099
1.760
1.985
2.054
1.767
1.527
1.818
1.860
1.421
1.598
1.709
1.857
2.191
3.336
2.954
2.669
2.176
2.454
2.486
2.101
2.361
1.756
1.941
2.399
2.323
2.844
3.015
2.739
2.410
2.398
1.930
2.087
1.806
2.010
2.122
1.743
1.718
2.047
1.869
1.789
2.050
1.596
1.752
1.338
1.577
1.450
1.656
1.932
1.654
1.424
1.084
1.026
1.226
1.170
1.354
0.925
1.443
1.347
1.748
1.852
2.213
1.960
2.613
2.469
2.764
3.103
3.176
2.851
2.617
1.955
2.026
1.734
1.507
1.140
1.102
0.726
1.033
1.091
1.128
1.352
1.431
1.653
1.251
1.779
1.543
1.896
2.166
1.975
1.946
1.617
1.391
1.202
0.877
0.811
0.724
0.576
0.782
0.409
1.015
0.926
1.469
1.662
2.091
2.367
2.717
3.064
3.291
3.556
3.355
3.520
3.501
3.560
3.269
3.062
3.191
3.062
2.700
2.758
2.913
2.637
2.340
2.597
2.683
2.172
2.002
2.526
2.512
2.709
2.515
2.320
1.994
2.080
2.184
1.913
1.599
1.882
1.967
1.510
1.830
1.996
2.174
2.488
2.735
2.386
2.054
1.617
1.903
1.987
1.521
1.884
1.307
1.654
2.076
2.159
2.594
2.732
2.562
2.212
2.100
1.628
1.742
1.380
1.584
1.685
1.341
1.267
1.499
1.275
1.273
1.389
0.936
1.142
0.896
1.119
1.135
1.399
1.720
1.453
1.249
0.916
0.868
1.057
0.934
1.026
0.553
0.909
0.681
1.079
1.187
1.538
1.397
2.013
1.880
2.194
2.546
2.526
2.192
1.934
1.321
1.305
1.059
0.810
0.486
0.634
0.317
0.873
0.930
1.060
1.279
1.400
1.632
1.354
1.855
1.621
2.046
2.289
2.004
1.909
1.579
1.306
1.120
0.836
0.970
0.776
0.464
0.667
0.244
0.600
0.291
0.830
0.983
1.419
1.719
2.037
2.390
2.622
2.859
2.676
2.836
2.836
2.934
2.640
2.424
2.604
2.508
2.090
2.204
2.410
2.188
1.759
2.125
2.319
1.785
1.664
2.225
2.343
2.527
2.318
2.136
1.755
1.926
2.062
1.811
1.455
1.773
1.929
1.530
1.728
1.890
1.989
2.380
2.019
1.710
1.369
1.069
1.421
1.609
1.160
1.711
1.291
1.767
2.058
2.299
2.606
2.703
2.675
2.305
2.150
1.675
1.692
1.251
1.336
1.327
1.101
0.931
0.959
0.691
0.638
0.645
0.381
0.554
0.648
0.772
0.932
1.297
1.614
1.491
1.325
0.821
1.201
1.290
1.018
1.010
0.339
0.626
0.263
0.349
0.265
0.615
0.715
1.113
1.150
1.431
1.764
1.794
1.427
1.163
0.767
0.637
0.280
0.425
0.343
0.733
0.413
1.096
1.247
1.507
1.664
1.880
2.132
1.842
2.334
2.039
2.456
2.697
2.399
2.286
1.950
1.667
1.589
1.324
1.590
1.353
0.864
1.067
0.706
0.805
0.679
0.674
0.662
0.990
1.240
1.419
1.747
1.806
2.111
1.997
2.122
2.082
2.325
2.067
1.782
2.008
2.059
1.620
1.605
1.959
1.941
1.370
1.842
2.104
1.769
1.605
2.183
2.436
2.686
2.520
2.528
2.049
2.225
2.462
2.470
1.929
2.368
2.626
2.387
2.548
2.692
2.535
3.045
2.761
2.378
2.209
1.642
2.189
2.319
2.028
2.474
1.948
2.296
2.675
2.824
3.214
3.373
3.272
2.905
2.761
2.300
2.256
1.919
1.818
1.777
1.462
1.066
1.257
0.941
0.744
1.148
0.838
1.241
1.025
1.462
1.424
1.848
2.139
1.951
1.816
1.170
1.653
1.813
1.635
1.624
0.904
1.339
1.014
1.295
1.111
1.452
1.005
1.706
1.499
1.794
2.133
2.200
1.872
1.698
0.962
1.218
0.914
1.009
0.456
1.189
1.018
1.560
1.810
1.993
2.253
2.390
2.603
2.199
2.725
2.413
2.767
3.038
2.801
2.698
2.324
2.111
2.062
1.822
1.841
1.672
1.405
1.337
0.989
1.015
0.599
0.996
0.728
1.343
1.469
1.854
2.183
2.356
2.634
2.548
2.776
2.851
2.957
2.634
2.442
2.692
2.600
2.123
2.332
2.571
2.380
1.902
2.370
2.581
2.008
2.005
2.575
2.820
2.974
2.743
2.589
2.113
2.390
2.579
2.410
1.967
2.404
2.605
2.316
2.329
2.431
2.417
2.841
3.311
2.979
2.673
2.291
2.751
2.910
2.393
2.835
2.321
2.660
3.033
3.185
3.571
3.738
3.640
3.275
3.170
2.718
2.823
2.434
2.521
2.503
2.206
1.855
1.909
1.589
1.381
1.660
1.342
1.801
1.761
2.113
2.134
2.477
2.811
2.658
2.448
1.940
2.139
2.314
2.127
2.131
1.557
1.821
1.440
1.686
1.392
1.700
1.041
1.753
1.486
1.749
2.063
2.182
1.861
1.777
0.986
1.412
1.112
1.328
0.832
1.555
1.415
1.923
2.161
2.311
2.559
2.674
2.868
2.378
2.887
2.602
2.948
3.221
3.046
3.038
2.644
2.510
2.335
2.106
2.088
1.970
1.676
1.667
1.321
1.356
0.944
1.273
0.887
1.502
1.504
1.931
2.229
2.385
2.672
2.638
2.911
3.024
3.113
2.777
2.590
2.874
2.772
2.289
2.562
2.786
2.578
2.124
2.610
2.808
2.207
2.274
2.827
3.091
3.221
2.954
2.775
2.310
2.614
2.805
2.606
2.200
2.648
2.831
2.454
2.474
2.542
2.556
2.942
3.561
3.277
2.885
2.657
3.042
3.214
2.688
3.129
2.628
2.971
3.331
3.497
3.868
4.043
3.959
3.596
3.495
3.051
3.157
2.764
2.886
2.915
2.649
2.384
2.384
2.122
1.917
2.009
1.756
2.149
2.226
2.397
2.540
2.849
3.196
3.090
2.891
2.424
2.596
2.764
2.515
2.495
1.975
2.139
1.754
1.935
1.607
1.848
1.113
1.757
1.473
1.695
1.977
2.131
1.787
1.827
1.038
1.573
1.302
1.593
1.150
1.867
1.805
2.253
2.504
2.646
2.913
3.034
3.251
2.761
3.256
3.015
3.343
3.617
3.470
3.484
3.093
2.973
2.765
2.477
2.390
2.273
1.996
1.978
1.636
1.638
1.247
1.491
1.026
1.625
1.518
1.965
2.227
2.374
2.610
2.668
2.978
3.125
3.193
2.849
2.675
2.984
2.871
2.391
2.714
2.927
2.709
2.283
2.780
2.959
2.352
2.482
3.013
3.292
3.394
3.100
2.875
2.455
2.780
2.953
2.665
2.381
2.806
2.920
2.592
2.495
2.508
2.577
2.871
3.706
3.434
3.015
2.871
3.255
3.442
2.911
3.355
2.869
3.230
3.568
3.762
4.107
4.286
4.226
3.866
3.761
3.328
3.422
3.024
3.143
3.155
2.918
2.694
2.554
2.335
2.102
2.173
1.963
2.353
2.507
2.609
2.829
3.136
3.488
3.419
3.244
2.742
2.981
3.125
2.832
2.788
2.290
2.392
2.008
2.118
1.768
1.928
1.170
1.711
1.425
1.600
1.842
1.999
1.665
1.823
1.083
1.682
1.448
1.804
1.417
2.124
2.124
2.544
2.810
2.992
3.284
3.471
3.704
3.211
3.689
3.430
3.751
4.028
3.907
3.927
3.528
3.413
3.222
2.924
2.833
2.680
2.345
2.266
1.926
1.880
1.507
1.645
1.131
1.701
1.495
1.942
2.163
2.297
2.472
2.626
2.954
3.143
3.183
2.832
2.685
3.015
2.867
2.413
2.765
2.978
2.711
2.375
2.859
2.998
2.396
2.614
3.099
3.393
3.438
3.145
2.914
2.468
2.858
3.052
2.763
2.512
2.978
3.124
2.863
2.644
2.616
2.617
2.901
3.947
3.688
3.271
3.130
3.547
3.741
3.227
3.686
3.203
3.570
3.909
4.103
4.448
4.625
4.565
4.204
4.094
3.656
3.740
3.337
3.430
3.430
3.188
2.916
2.776
2.537
2.285
2.391
2.192
2.603
2.774
2.899
3.116
3.441
3.790
3.716
3.527
3.002
3.266
3.422
3.138
3.100
2.567
2.696
2.305
2.389
2.018
2.139
1.358
1.824
1.531
1.670
1.890
2.032
1.692
2.004
1.351
1.971
1.732
2.117
1.719
2.455
2.425
2.875
3.133
3.309
3.596
3.782
4.022
3.600
4.117
3.857
4.201
4.474
4.292
4.267
3.893
3.701
3.534
3.232
3.183
2.997
2.662
2.598
2.258
2.223
1.840
1.955
1.431
1.942
1.637
2.070
2.225
2.373
2.437
2.701
3.026
3.285
3.291
2.943
2.834
3.160
3.011
2.575
2.941
3.160
2.867
2.594
3.077
3.203
2.616
2.880
3.336
3.641
3.664
3.376
3.144
2.678
3.107
3.311
3.027
2.792
3.273
3.428
3.183
2.928
2.880
2.854
3.122
3.696
3.504
3.047
3.097
3.493
3.719
3.226
3.699
3.271
3.683
3.977
4.229
4.521
4.684
4.683
4.318
4.188
3.757
3.803
3.381
3.453
3.426
3.215
2.915
2.677
2.488
2.201
2.307
2.158
2.565
2.819
2.872
3.181
3.517
3.869
3.814
3.644
3.058
3.422
3.562
3.263
3.200
2.659
2.740
2.349
2.328
1.949
1.896
1.119
1.397
1.051
1.131
1.307
1.477
1.264
1.626
1.217
1.796
1.674
2.092
1.796
2.550
2.553
3.021
3.291
3.493
3.779
3.972
4.220
3.817
4.340
4.063
4.414
4.686
4.489
4.449
4.073
3.868
3.717
3.413
3.409
3.201
2.867
2.774
2.428
2.345
1.955
1.943
1.411
1.759
1.417
1.770
1.851
1.887
1.953
2.328
2.650
2.919
3.007
2.679
2.511
2.910
2.850
2.349
2.786
3.038
2.807
2.518
3.051
3.238
2.706
2.954
3.424
3.756
3.843
3.528
3.381
2.875
3.312
3.547
3.310
3.034
3.555
3.738
3.503
3.221
3.153
3.108
3.356
