2.671
2.430
2.074
1.982
2.447
2.701
2.372
2.911
2.530
3.008
3.290
3.605
3.829
3.927
4.011
3.620
3.434
3.006
2.936
2.490
2.458
2.358
2.195
1.824
1.494
1.371
1.010
1.126
1.096
1.455
1.769
1.877
2.324
2.690
3.034
3.009
2.900
2.167
2.792
2.891
2.581
2.475
1.926
1.878
1.510
1.318
0.916
0.871
0.374
0.684
0.351
0.536
0.706
0.930
0.894
1.042
0.627
1.132
0.921
1.367
1.582
1.914
1.942
2.478
2.750
3.024
3.266
3.470
3.734
3.424
3.926
3.604
4.006
4.253
3.989
3.909
3.547
3.269
3.127
2.896
3.071
2.812
2.432
2.363
2.024
1.833
1.545
1.358
0.881
1.182
0.947
1.281
1.400
1.299
1.539
1.854
2.172
2.320
2.549
2.252
1.992
2.397
2.409
1.880
2.280
2.543
2.400
1.984
2.571
2.792
2.319
2.491
3.006
3.334
3.513
3.181
3.098
2.580
2.948
3.212
3.104
2.673
3.202
3.428
3.282
3.119
3.130
2.949
3.370
3.819
3.792
3.373
3.104
3.338
3.451
2.857
3.121
2.577
2.754
3.148
3.207
3.630
3.825
3.705
3.356
3.350
2.946
3.157
2.811
3.103
3.220
2.886
2.818
3.039
2.763
2.747
2.791
2.398
2.590
2.501
2.632
2.669
2.820
3.155
2.920
2.716
2.374
2.281
2.497
2.355
2.468
2.113
2.360
2.101
2.399
2.297
2.584
1.961
2.628
2.315
2.534
2.814
2.863
2.459
2.502
1.923
2.095
1.854
1.842
1.532
1.777
1.837
1.976
2.195
2.073
2.426
2.499
2.531
2.672
2.822
3.055
3.042
2.720
2.539
2.129
1.959
1.604
1.641
1.275
1.533
1.758
1.551
1.589
1.357
1.542
1.352
1.653
1.579
2.046
2.087
2.530
2.756
3.067
3.256
3.204
3.476
3.546
3.537
3.223
3.121
3.274
3.058
2.715
2.895
2.947
2.614
2.440
2.759
2.682
2.121
2.219
2.705
2.897
2.762
2.447
2.141
1.859
2.201
2.225
1.885
1.810
2.144
2.100
1.781
1.640
1.563
1.635
1.913
2.876
2.657
2.175
2.241
2.614
2.841
2.365
2.834
2.433
2.896
3.154
3.474
3.693
3.837
3.941
3.548
3.395
2.978
2.981
2.546
2.641
2.583
2.449
2.140
1.843
1.808
1.493
1.475
1.424
1.722
2.003
1.986
2.487
2.791
3.154
3.184
3.064
2.429
2.951
2.976
2.639
2.507
2.091
1.936
1.567
1.444
1.073
1.031
0.312
0.632
0.293
0.496
0.791
0.939
0.705
0.812
0.379
0.947
0.784
1.223
1.502
1.792
2.006
2.381
2.693
2.976
3.257
3.506
3.806
3.570
4.074
3.793
4.181
4.443
4.202
4.109
3.769
3.443
3.272
2.956
3.076
2.774
2.435
2.229
1.903
1.631
1.332
1.123
0.638
0.976
0.714
1.043
1.207
1.202
1.483
1.678
1.979
2.141
2.305
2.012
1.753
2.167
2.142
1.640
2.070
2.324
2.078
1.750
2.335
2.528
2.025
2.245
2.758
3.087
3.199
2.858
2.754
2.220
2.662
2.931
2.788
2.429
2.960
3.188
3.060
2.821
2.788
2.559
2.954
3.445
3.384
2.981
2.623
2.894
3.007
2.457
2.763
2.173
2.405
2.833
2.879
3.336
3.500
3.366
2.987
2.954
2.515
2.687
2.338
2.583
2.687
2.335
2.242
2.517
2.249
2.246
2.344
1.910
2.110
1.933
2.120
2.118
2.319
2.635
2.392
2.159
1.801
1.762
1.960
1.849
1.973
1.536
1.897
1.625
1.964
1.916
2.243
1.677
2.253
1.970
2.188
2.464
2.577
2.218
2.296
1.687
1.865
1.510
1.513
1.062
1.360
1.294
1.561
1.768
1.797
2.102
2.282
2.351
2.253
2.494
2.669
2.594
2.291
2.161
1.764
1.695
1.389
1.244
0.956
1.263
1.446
1.155
1.198
0.895
1.189
1.026
1.405
1.373
1.815
1.886
2.320
2.582
2.843
3.084
2.989
3.249
3.311
3.306
2.995
2.883
3.035
2.842
2.482
2.653
2.740
2.431
2.196
2.520
2.537
1.939
1.989
2.526
2.716
2.730
2.411
2.147
1.797
2.098
2.180
1.870
1.664
1.989
2.004
1.631
1.641
1.676
1.816
2.148
3.143
2.889
2.385
2.508
2.802
3.013
2.474
2.884
2.485
2.916
3.158
3.473
3.685
3.858
3.967
3.588
3.460
3.060
3.108
2.692
2.858
2.824
2.701
2.441
2.166
2.172
1.883
1.815
1.760
2.015
2.268
2.183
2.699
2.958
3.323
3.319
3.161
2.650
2.933
3.033
2.724
2.641
2.241
2.110
1.749
1.686
1.363
1.369
0.714
1.112
0.725
0.889
1.181
1.126
0.677
0.975
0.411
1.044
0.987
1.334
1.612
1.864
2.039
2.410
2.694
2.907
3.203
3.427
3.703
3.383
3.899
3.626
4.031
4.286
4.065
4.024
3.681
3.404
3.152
2.875
2.863
2.627
2.272
2.152
1.818
1.630
1.280
1.112
0.583
0.917
0.564
0.974
1.132
1.345
1.491
1.613
1.948
2.184
2.181
1.835
1.743
2.057
1.937
1.459
1.881
2.115
1.846
1.603
2.127
2.296
1.788
2.098
2.525
2.859
2.870
2.560
2.360
1.853
2.337
2.568
2.345
2.102
2.616
2.796
2.648
2.346
2.275
2.074
2.431
2.963
2.904
2.498
2.129
2.491
2.631
2.136
2.517
1.928
2.175
2.602
2.664
3.113
3.271
3.150
2.766
2.722
2.280
2.431
2.045
2.184
2.238
1.899
1.709
1.934
1.646
1.603
1.756
1.344
1.606
1.467
1.751
1.759
2.074
2.384
2.185
1.962
1.560
1.586
1.775
1.626
1.734
1.129
1.511
1.158
1.482
1.367
1.713
1.259
1.948
1.693
1.940
2.232
2.316
1.959
1.965
1.394
1.474
1.036
1.187
0.546
1.113
0.995
1.333
1.560
1.623
1.936
2.158
2.248
2.077
2.358
2.510
2.448
2.160
2.081
1.670
1.657
1.370
1.124
0.905
1.189
1.334
0.992
0.985
0.686
0.953
0.688
1.165
1.089
1.592
1.646
2.098
2.356
2.560
2.826
2.794
3.012
3.076
3.174
2.890
2.672
2.918
2.799
2.392
2.538
2.704
2.425
2.081
2.457
2.548
1.956
1.951
2.505
2.631
2.771
2.498
2.272
1.872
2.146
2.288
2.018
1.684
2.022
2.160
1.764
1.867
1.948
2.079
2.432
3.390
3.112
2.608
2.683
2.926
3.093
2.508
2.843
2.431
2.793
3.039
3.261
3.548
3.754
3.822
3.472
3.383
2.998
3.113
2.736
2.903
2.932
2.679
2.529
2.420
2.226
2.012
2.047
1.826
2.163
2.306
2.328
2.593
2.876
3.232
3.145
2.980
2.537
2.716
2.833
2.536
2.501
2.118
2.133
1.755
1.895
1.610
1.731
1.131
1.587
1.178
1.373
1.667
1.597
1.145
1.313
0.730
1.210
1.222
1.432
1.526
1.802
1.854
2.205
2.475
2.665
2.962
3.180
3.450
3.124
3.638
3.375
3.778
4.033
3.820
3.788
3.444
3.181
2.909
2.635
2.588
2.367
2.011
1.918
1.564
1.502
1.121
1.094
0.673
1.049
0.846
1.284
1.482
1.767
1.940
1.936
2.274
2.425
2.389
2.037
2.013
2.243
2.009
1.626
1.970
2.126
1.800
1.591
2.064
2.125
1.569
1.896
2.319
2.634
2.618
2.309
2.055
1.610
2.044
2.234
1.929
1.752
2.211
2.345
2.133
1.860
1.781
1.683
2.008
2.547
2.530
2.106
1.857
2.244
2.389
1.896
2.312
1.760
2.123
2.523
2.671
3.072
3.190
3.132
2.728
2.616
2.152
2.218
1.823
1.955
2.010
1.680
1.520
1.593
1.281
1.193
1.298
0.944
1.335
1.258
1.524
1.555
1.871
2.192
2.040
1.830
1.374
1.604
1.737
1.525
1.536
0.939
1.268
0.909
1.160
0.862
1.186
0.696
1.315
1.173
1.416
1.705
1.860
1.579
1.424
0.967
1.056
0.639
0.968
0.301
0.993
0.820
1.332
1.617
1.799
2.128
2.395
2.554
2.161
2.475
2.565
2.469
2.229
2.213
1.866
1.842
1.670
1.269
1.319
1.568
1.584
1.257
1.138
0.761
0.862
0.469
0.937
0.655
1.233
1.328
1.654
1.951
2.040
2.363
2.317
2.546
2.587
2.780
2.504
2.215
2.532
2.541
2.056
2.212
2.497
2.313
1.835
2.300
2.483
1.911
1.905
2.463
2.682
2.827
2.583
2.409
1.949
2.227
2.417
2.220
1.786
2.207
2.406
2.094
2.131
2.239
2.310
2.710
3.571
3.263
2.786
2.781
2.959
3.084
2.472
2.654
2.290
2.486
2.684
2.828
3.113
3.375
3.416
3.127
3.114
2.811
3.007
2.676
2.952
3.007
2.833
2.747
2.644
2.606
2.427
2.325
2.158
2.302
2.498
2.383
2.705
2.873
3.221
3.101
3.082
2.779
2.782
2.822
2.552
2.470
2.113
2.139
1.881
1.991
1.838
1.999
1.437
2.002
1.610
1.855
2.149
2.041
1.605
1.680
1.069
1.403
1.409
1.415
1.609
1.703
1.940
2.041
2.306
2.452
2.759
3.033
3.326
3.123
3.616
3.487
3.904
4.126
3.901
3.849
3.467
3.259
2.942
2.601
2.441
2.056
1.811
1.637
1.321
1.300
0.981
1.107
0.878
1.248
1.223
1.636
1.803
2.179
2.321
2.186
2.469
2.544
2.397
2.081
2.096
2.165
1.858
1.654
1.876
1.841
1.499
1.489
1.745
1.640
1.086
1.374
1.766
2.019
1.900
1.593
1.334
0.919
1.386
1.569
1.272
1.212
1.651
1.788
1.601
1.271
1.165
0.962
1.316
1.846
1.800
1.386
1.126
1.518
1.701
1.279
1.794
1.365
1.830
2.141
2.409
2.702
2.772
2.806
2.420
2.230
1.797
1.742
1.330
1.344
1.345
1.089
0.938
1.048
0.792
0.680
0.702
0.377
0.585
0.702
0.859
1.078
1.436
1.775
1.703
1.586
0.917
1.508
1.604
1.318
1.198
0.597
0.661
0.268
0.424
0.284
0.610
0.354
0.806
0.869
1.107
1.448
1.566
1.172
1.043
0.674
0.656
0.345
0.501
0.264
0.738
0.708
1.266
1.557
1.844
2.121
2.437
2.657
2.079
2.423
2.431
2.333
2.202
2.294
2.022
2.043
1.956
1.475
1.693
1.893
1.725
1.186
1.226
0.964
0.817
0.437
0.724
0.430
0.960
1.080
1.324
1.623
1.589
1.959
1.925
2.114
2.084
2.355
2.126
1.787
2.068
2.145
1.708
1.689
2.036
2.015
1.421
1.927
2.186
1.848
1.688
2.268
2.513
2.758
2.587
2.514
2.022
2.279
2.519
2.421
1.924
2.376
2.628
2.422
2.381
2.480
2.464
2.903
3.470
3.159
2.740
2.502
2.825
2.977
2.416
2.798
2.294
2.602
2.967
3.093
3.490
3.681
3.631
3.235
3.163
2.711
2.853
2.481
2.659
2.713
2.433
2.330
2.302
2.078
1.918
1.947
1.682
1.972
2.049
2.188
2.315
2.588
2.937
2.829
2.657
2.269
2.375
2.502
2.214
2.200
1.831
1.893
1.529
1.767
1.518
1.809
1.171
1.867
1.541
1.832
2.138
2.206
1.819
1.797
1.015
1.410
1.136
1.307
1.241
1.538
1.536
1.887
2.143
2.278
2.578
2.763
3.041
2.631
3.142
2.880
3.255
3.515
3.349
3.360
3.006
2.813
2.487
2.238
2.111
1.888
1.589
1.593
1.264
1.267
0.909
1.176
0.850
1.432
1.446
1.894
2.178
2.406
2.659
2.601
2.895
2.995
3.008
2.665
2.575
2.792
2.593
2.168
2.468
2.614
2.285
1.973
2.429
2.432
1.834
1.978
2.484
2.717
2.680
2.361
2.099
1.745
2.072
2.203
1.886
1.707
2.085
2.125
1.806
1.738
1.659
1.671
1.933
2.472
2.487
2.068
1.864
2.341
2.538
2.161
2.680
2.238
2.682
3.006
3.263
3.573
3.659
3.687
3.291
3.118
2.673
2.631
2.220
2.180
2.135
1.895
1.535
1.476
1.160
1.005
1.183
0.866
1.323
1.504
1.706
1.937
2.309
2.645
2.532
2.403
1.717
2.268
2.397
2.156
2.066
1.405
1.558
1.156
1.190
0.813
1.012
0.423
0.744
0.542
0.757
1.083
1.236
0.970
0.977
0.564
0.978
0.646
1.081
0.808
1.504
1.468
2.030
2.339
2.579
2.901
3.164
3.355
2.881
3.190
3.245
3.118
2.919
2.901
2.634
2.573
2.476
2.048
2.088
2.359
2.402
1.984
1.859
1.526
1.376
0.862
1.054
0.549
1.088
0.936
1.243
1.447
1.437
1.802
1.887
2.189
2.286
2.489
2.219
1.906
2.315
2.353
1.851
2.141
2.424
2.244
1.814
2.375
2.524
1.931
2.139
2.644
2.946
3.033
2.743
2.534
2.087
2.439
2.670
2.454
2.094
2.606
2.803
2.595
2.380
2.381
2.298
2.719
3.353
3.028
2.643
2.325
2.627
2.758
2.203
2.570
2.041
2.331
2.719
2.856
3.236
3.425
3.355
2.946
2.883
2.425
2.579
2.215
2.417
2.497
2.194
2.128
2.192
1.949
1.846
1.863
1.560
1.793
1.805
1.960
2.043
2.304
2.646
2.503
2.282
1.928
1.943
2.115
1.901
1.906
1.536
1.664
1.324
1.613
1.456
1.773
1.255
1.987
1.684
1.999
2.328
2.367
2.005
1.882
1.151
1.392
1.054
1.143
0.977
1.274
1.227
1.581
1.805
1.837
2.122
2.237
2.509
2.117
2.647
2.447
2.811
3.062
2.908
2.907
2.544
2.350
2.041
1.744
1.561
1.385
1.165
1.285
0.959
1.040
0.650
1.045
0.886
1.446
1.570
1.982
2.302
2.530
2.781
2.688
2.936
3.000
3.057
2.733
2.585
2.793
2.646
2.204
2.452
2.577
2.259
1.933
2.355
2.374
1.779
1.838
2.367
2.552
2.579
2.262
2.008
1.646
1.945
2.033
1.736
1.524
1.879
1.895
1.564
1.529
1.519
1.625
1.940
2.375
2.463
2.035
2.105
2.441
2.683
2.207
2.674
2.269
2.742
2.999
3.326
3.560
3.674
3.768
3.406
3.243
2.845
2.822
2.387
2.482
2.434
2.288
2.001
1.782
1.603
1.304
1.372
1.251
1.574
1.854
1.829
2.323
2.615
2.974
2.974
2.838
2.204
2.714
2.784
2.468
2.334
1.863
1.769
1.411
1.289
0.934
0.843
0.288
0.530
0.312
0.386
0.675
0.759
0.535
0.743
0.342
0.809
0.611
1.053
1.074
1.605
1.844
2.213
2.558
2.796
3.076
3.316
3.545
3.187
3.586
3.628
3.547
3.383
3.419
3.069
3.065
2.834
2.475
2.366
2.613
2.653
2.254
2.040
1.655
1.463
0.954
0.966
0.445
0.860
0.704
1.003
1.069
1.092
1.334
1.565
1.881
2.047
2.239
1.924
1.681
2.105
2.121
1.615
1.920
2.187
1.989
1.602
2.179
2.323
1.750
2.018
2.483
2.802
2.882
2.571
2.398
1.958
2.321
2.567
2.373
2.029
2.563
2.768
2.634
2.345
2.330
2.182
2.617
3.169
2.821
2.452
2.071
2.375
2.488
1.932
2.281
1.732
2.018
2.417
2.540
2.932
3.117
3.037
2.625
2.564
2.106
2.264
1.908
2.101
2.190
1.860
1.809
1.965
1.716
1.686
1.711
1.331
1.550
1.458
1.637
1.686
1.957
2.290
2.130
1.926
1.580
1.518
1.726
1.534
1.564
1.165
1.392
1.077
1.415
1.369
1.696
1.316
2.027
1.773
2.105
2.450
2.448
2.107
1.897
1.248
1.325
0.962
0.940
0.685
0.959
0.853
1.257
1.423
1.454
1.701
1.764
2.007
1.579
2.103
1.881
2.273
2.517
2.340
2.359
2.024
1.868
1.494
1.220
1.088
0.991
0.860
0.975
0.640
0.775
0.375
0.878
0.913
1.400
1.624
1.991
2.329
2.567
2.810
2.671
2.881
2.908
2.975
2.667
2.482
2.669
2.547
2.119
2.304
2.487
2.235
1.794
2.221
2.384
1.807
1.791
2.340
2.507
2.654
2.372
2.133
1.795
2.018
2.090
1.791
1.536
1.842
1.882
1.435
1.660
1.734
1.878
2.218
2.557
2.682
2.212
2.425
2.694
2.945
2.414
2.759
2.362
2.750
2.981
3.279
3.510
3.674
3.764
3.440
3.332
2.976
3.043
2.644
2.842
2.779
2.695
2.402
2.159
2.078
1.781
1.770
1.702
1.952
2.230
2.128
2.693
2.900
3.256
3.208
3.121
2.644
2.903
2.976
2.659
2.556
2.158
2.065
1.752
1.612
1.242
1.149
0.708
0.668
0.338
0.251
0.543
0.551
0.304
0.623
0.322
0.904
0.980
1.311
1.410
1.748
2.060
2.268
2.611
2.803
3.064
3.300
3.569
3.278
3.699
3.780
3.744
3.584
3.593
3.202
3.243
2.949
2.637
2.489
2.707
2.702
2.303
2.055
1.654
1.472
1.016
1.005
0.587
0.816
0.485
0.784
0.825
0.865
1.077
1.320
1.642
1.894
2.017
1.694
1.511
1.929
1.884
1.390
1.794
1.986
1.688
1.454
1.923
2.055
1.506
1.815
2.245
2.577
2.653
2.327
2.191
1.749
2.125
2.383
2.220
1.887
2.433
2.646
2.551
2.238
2.215
2.013
2.455
3.380
2.979
2.672
2.168
2.450
2.478
2.092
2.346
1.737
1.940
2.408
2.319
2.841
3.015
2.774
2.375
2.379
1.920
2.067
1.792
1.990
2.105
1.728
1.728
2.039
1.878
1.822
2.042
1.592
1.742
1.338
1.551
1.462
1.654
1.938
1.658
1.412
1.068
1.016
1.208
1.155
1.342
0.961
1.426
1.338
1.726
1.877
2.218
2.050
2.683
2.541
2.857
3.205
3.266
2.931
2.671
2.083
2.068
1.626
1.542
0.885
1.137
0.716
1.014
1.076
1.119
1.355
1.428
1.631
1.184
1.676
1.376
1.744
2.007
1.856
1.908
1.511
1.392
1.043
0.842
0.809
0.711
0.611
0.803
0.372
1.078
0.975
1.532
1.744
2.156
2.431
2.778
3.120
3.361
3.610
3.425
3.597
3.574
3.626
3.340
3.124
3.249
3.130
2.771
2.816
2.957
2.703
2.374
2.664
2.742
2.230
2.076
2.592
2.558
2.764
2.558
2.357
2.038
2.124
2.223
1.939
1.622
1.914
1.977
1.511
1.888
2.021
2.205
2.502
2.781
2.945
2.454
2.809
3.011
3.262
2.757
3.118
2.810
3.254
3.418
3.740
3.931
4.069
4.244
3.945
3.798
3.431
3.464
3.035
3.244
3.181
3.142
2.859
2.579
2.589
2.284
2.221
2.212
2.400
2.671
2.498
3.151
3.390
3.748
3.769
3.719
3.143
3.580
3.605
3.271
3.104
2.700
2.477
2.158
1.972
1.649
1.495
1.195
1.105
0.751
0.608
0.843
0.512
0.307
0.836
0.761
1.236
1.452
1.730
1.999
2.326
2.671
2.893
3.275
3.511
3.761
4.006
4.322
3.946
4.407
4.437
4.395
4.275
4.321
3.948
3.989
3.727
3.373
3.287
3.499
3.447
3.065
2.780
2.392
2.133
1.680
1.525
1.177
1.012
0.533
0.797
0.642
0.887
0.855
1.218
1.541
1.841
1.867
1.515
1.475
1.840
1.677
1.260
1.781
2.012
1.743
1.674
2.143
2.290
1.929
2.249
2.605
2.961
2.962
2.570
2.476
2.129
2.555
2.840
2.686
2.503
3.024
3.216
3.140
2.776
2.662
2.341
2.731
2.790
2.410
2.071
1.623
1.906
1.981
1.534
1.882
1.301
1.647
2.077
2.158
2.583
2.719
2.605
2.180
2.090
1.607
1.712
1.364
1.551
1.660
1.317
1.279
1.512
1.292
1.282
1.404
0.964
1.146
0.920
1.083
1.107
1.378
1.707
1.468
1.248
0.910
0.878
1.053
0.928
0.999
0.625
0.894
0.711
1.083
1.193
1.516
1.321
1.961
1.801
2.138
2.496
2.473
2.149
1.864
1.317
1.240
0.835
0.739
0.263
0.660
0.271
0.859
0.909
1.055
1.275
1.403
1.642
1.366
1.853
1.623
2.064
2.298
2.009
1.937
1.587
1.318
1.064
0.823
0.960
0.769
0.438
0.644
0.239
0.571
0.290
0.793
0.962
1.371
1.681
1.982
2.332
2.553
2.791
2.625
2.788
2.783
2.884
2.600
2.370
2.553
2.478
2.054
2.168
2.374
2.173
1.695
2.108
2.282
1.739
1.639
2.181
2.261
2.451
2.229
2.050
1.647
1.838
2.002
1.762
1.373
1.716
1.884
1.522
1.720
1.850
1.951
2.323
2.598
2.718
2.234
2.470
2.673
2.872
2.319
2.664
2.318
2.709
2.902
3.184
3.403
3.582
3.689
3.394
3.294
2.948
2.998
2.585
2.828
2.803
2.727
2.517
2.324
2.306
2.061
1.962
1.902
2.072
2.296
2.106
2.702
2.910
3.267
3.256
3.215
2.700
3.015
3.061
2.735
2.597
2.194
2.016
1.714
1.613
1.337
1.315
0.936
1.159
0.750
0.824
1.122
0.870
0.489
0.763
0.435
0.927
1.058
1.267
1.525
1.802
2.125
2.272
2.648
2.827
3.059
3.277
3.572
3.322
3.746
3.840
3.831
3.699
3.712
3.322
3.376
3.055
2.769
2.572
2.790
2.763
2.363
2.105
1.695
1.463
1.122
0.998
0.649
0.634
0.304
0.682
0.752
1.070
1.194
1.311
1.640
1.845
1.831
1.505
1.410
1.709
1.576
1.118
1.513
1.727
1.414
1.262
1.717
1.791
1.268
1.638
2.013
2.347
2.366
2.019
1.865
1.470
1.883
2.149
1.986
1.721
2.259
2.463
2.386
2.044
1.994
1.707
2.122
2.073
1.738
1.385
1.074
1.442
1.628
1.193
1.716
1.300
1.772
2.071
2.342
2.609
2.706
2.745
2.319
2.184
1.715
1.711
1.278
1.337
1.330
1.090
0.894
0.949
0.683
0.641
0.635
0.382
0.554
0.684
0.784
0.977
1.344
1.658
1.488
1.309
0.837
1.159
1.261
1.025
1.053
0.397
0.639
0.267
0.347
0.282
0.628
0.704
1.130
1.148
1.446
1.800
1.820
1.456
1.185
0.772
0.666
0.295
0.429
0.311
0.733
0.430
1.121
1.257
1.506
1.678
1.856
2.106
1.845
2.336
2.028
2.455
2.689
2.402
2.294
1.969
1.632
1.518
1.290
1.575
1.338
0.874
1.094
0.711
0.805
0.686
0.688
0.742
1.007
1.264
1.445
1.766
1.829
2.131
2.033
2.157
2.119
2.342
2.095
1.809
2.027
2.080
1.636
1.641
1.977
1.960
1.373
1.866
2.127
1.787
1.630
2.212
2.460
2.714
2.547
2.537
2.061
2.234
2.480
2.481
1.942
2.373
2.626
2.385
2.578
2.716
2.600
3.057
3.301
3.349
2.923
2.961
3.014
3.101
2.481
2.616
2.254
2.432
2.638
2.787
3.078
3.303
3.338
3.079
3.067
2.789
2.993
2.700
3.048
3.167
3.018
3.043
3.050
2.991
2.887
2.740
2.520
2.559
2.723
2.522
2.854
2.901
3.234
3.083
3.104
2.837
2.768
2.827
2.573
2.425
2.210
2.225
2.095
2.215
2.140
2.292
1.772
2.121
1.711
1.731
2.021
1.730
1.430
1.746
1.325
1.667
1.783
1.609
1.802
1.809
2.023
1.994
2.341
2.426
2.607
2.772
3.016
2.974
3.326
3.494
3.546
3.391
3.346
2.947
2.920
2.619
2.392
2.098
2.316
2.357
1.959
1.798
1.426
1.256
1.143
1.274
1.208
1.432
1.296
1.587
1.522
1.943
1.965
2.005
2.301
2.470
2.316
2.010
2.107
2.166
1.834
1.663
1.824
1.775
1.436
1.448
1.668
1.540
0.994
1.287
1.668
1.930
1.815
1.507
1.254
0.823
1.312
1.509
1.222
1.142
1.599
1.747
1.607
1.246
1.151
0.910
1.339
2.809
2.431
2.237
1.680
2.240
2.369
2.063
2.491
1.974
2.313
2.694
2.859
3.224
3.389
3.346
2.924
2.828
2.355
2.317
1.967
1.863
1.816
1.492
1.092
1.260
0.956
0.741
1.134
0.827
1.262
1.071
1.501
1.492
1.919
2.218
2.007
1.871
1.205
1.705
1.862
1.693
1.693
0.966
1.403
1.047
1.299
1.101
1.422
1.027
1.670
1.490
1.806
2.147
2.211
1.885
1.707
1.019
1.232
0.836
1.023
0.784
1.205
1.034
1.577
1.812
1.968
2.227
2.374
2.602
2.196
2.715
2.373
2.743
3.007
2.816
2.762
2.379
2.160
1.978
1.801
1.805
1.643
1.383
1.353
0.990
1.036
0.646
0.993
0.731
1.342
1.471
1.860
2.183
2.372
2.637
2.566
2.804
2.874
2.967
2.649
2.465
2.703
2.610
2.138
2.365
2.580
2.385
1.884
2.382
2.589
2.005
2.030
2.593
2.825
2.986
2.741
2.576
2.102
2.383
2.577
2.401
1.959
2.392
2.588
2.287
2.346
2.422
2.417
2.822
3.191
3.257
2.806
2.808
3.049
3.225
2.624
2.955
2.522
2.852
3.128
3.369
3.653
3.831
3.871
3.539
3.457
3.082
3.195
2.818
3.043
3.075
2.877
2.760
2.705
2.501
2.326
2.314
2.101
2.322
2.531
2.430
2.788
3.005
3.352
3.263
3.134
2.713
2.857
2.979
2.685
2.634
2.254
2.247
1.937
1.995
1.763
1.869
1.196
1.667
1.292
1.342
1.618
1.517
1.177
1.472
0.868
1.358
1.312
1.517
1.467
1.841
2.102
2.287
2.605
2.751
3.018
3.241
3.455
3.252
3.628
3.751
3.715
3.511
3.480
3.074
3.090
2.786
2.519
2.299
2.539
2.605
2.195
2.005
1.609
1.516
1.089
1.212
0.782
1.216
1.006
1.460
1.562
1.845
1.933
2.103
2.439
2.600
2.574
2.244
2.177
2.431
2.224
1.817
2.141
2.283
1.986
1.753
2.184
2.261
1.674
1.952
2.415
2.724
2.749
2.450
2.208
1.780
2.188
2.420
2.168
1.898
2.416
2.601
2.429
2.117
1.975
1.784
2.084
3.360
3.014
2.672
2.308
2.756
2.913
2.396
2.818
2.313
2.646
3.021
3.190
3.551
3.722
3.681
3.263
3.173
2.707
2.813
2.434
2.528
2.510
2.195
1.856
1.915
1.601
1.400
1.662
1.351
1.812
1.767
2.108
2.153
2.495
2.834
2.651
2.436
1.930
2.137
2.299
2.126
2.140
1.583
1.819
1.431
1.676
1.387
1.698
1.075
1.770
1.479
1.765
2.079
2.195
1.854
1.779
1.026
1.408
1.069
1.316
1.180
1.540
1.422
1.909
2.156
2.307
2.554
2.673
2.871
2.385
2.893
2.575
2.935
3.203
3.038
3.052
2.645
2.511
2.226
2.082
2.070
1.961
1.674
1.657
1.317
1.339
0.972
1.248
0.851
1.487
1.506
1.932
2.228
2.398
2.674
2.653
2.928
3.033
3.112
2.782
2.602
2.872
2.773
2.295
2.577
2.780
2.572
2.092
2.606
2.796
2.195
2.283
2.830
3.089
3.220
2.944
2.758
2.292
2.596
2.792
2.596
2.180
2.624
2.807
2.427
2.499
2.540
2.539
2.926
3.343
3.396
2.951
2.889
3.179
3.365
2.774
3.138
2.679
3.007
3.317
3.546
3.851
4.023
4.037
3.686
3.602
3.200
3.312
2.918
3.111
3.143
2.906
2.755
2.753
2.468
2.288
2.350
2.088
2.377
2.534
2.537
2.818
3.071
3.415
3.321
3.136
2.698
2.847
3.005
2.728
2.702
2.268
2.331
1.980
2.087
1.809
1.915
1.211
1.544
1.202
1.249
1.527
1.582
1.268
1.585
0.960
1.517
1.384
1.643
1.450
1.937
2.111
2.363
2.673
2.806
3.091
3.318
3.487
3.295
3.644
3.771
3.719
3.477
3.425
3.016
2.997
2.699
2.455
2.231
2.501
2.617
2.214
2.063
1.695
1.626
1.180
1.389
0.895
1.431
1.205
1.655
1.770
1.946
2.082
2.298
2.628
2.861
2.862
2.534
2.407
2.707
2.536
2.105
2.430
2.593
2.309
2.021
2.476
2.571
1.973
2.213
2.702
3.001
3.035
2.737
2.506
2.072
2.450
2.671
2.412
2.119
2.619
2.796
2.583
2.324
2.293
2.203
2.586
3.613
3.312
2.900
2.669
3.061
3.231
2.705
3.126
2.630
2.969
3.331
3.515
3.861
4.040
4.011
3.598
3.510
3.051
3.159
2.777
2.892
2.919
2.635
2.399
2.391
2.130
1.922
2.013
1.761
2.154
2.239
2.406
2.556
2.871
3.221
3.114
2.897
2.440
2.598
2.766
2.520
2.506
2.038
2.150
1.756
1.940
1.614
1.866
1.174
1.791
1.483
1.727
2.002
2.155
1.798
1.845
1.069
1.584
1.320
1.598
1.529
1.865
1.821
2.249
2.501
2.648
2.916
3.031
3.254
2.767
3.254
2.972
3.294
3.568
3.456
3.495
3.071
2.977
2.652
2.454
2.374
2.264
2.000
1.978
1.642
1.634
1.282
1.489
1.016
1.624
1.533
1.983
2.243
2.404
2.635
2.701
3.012
3.152
3.211
2.871
2.705
2.999
2.891
2.416
2.730
2.939
2.719
2.268
2.791
2.962
2.353
2.501
3.032
3.305
3.413
3.109
2.887
2.456
2.780
2.965
2.680
2.377
2.802
2.906
2.565
2.533
2.518
2.558
2.877
3.358
3.406
2.967
2.868
3.252
3.454
2.885
3.274
2.794
3.112
3.456
3.658
3.997
4.160
4.144
3.776
3.690
3.265
3.373
2.968
3.122
3.132
2.871
2.583
2.549
2.242
2.053
2.207
1.916
2.326
2.464
2.590
2.797
3.083
3.419
3.295
3.078
2.628
2.782
2.946
2.720
2.721
2.206
2.373
1.988
2.084
1.730
1.850
1.168
1.525
1.235
1.400
1.661
1.784
1.531
1.719
1.128
1.655
1.410
1.755
1.411
2.004
2.063
2.396
2.692
2.811
3.112
3.341
3.465
3.279
3.599
3.727
3.656
3.378
3.286
2.901
2.842
2.557
2.341
2.124
2.420
2.575
2.195
2.087
1.761
1.719
1.282
1.565
1.053
1.649
1.443
1.865
2.048
2.129
2.317
2.538
2.863
3.045
3.133
2.813
2.601
2.962
2.838
2.388
2.705
2.884
2.618
2.271
2.744
2.857
2.250
2.444
2.958
3.243
3.294
2.990
2.762
2.334
2.686
2.895
2.626
2.314
2.790
2.953
2.678
2.500
2.487
2.454
2.839
3.751
3.471
3.030
2.870
3.263
3.446
2.916
3.339
2.856
3.211
3.554
3.762
4.086
4.268
4.260
3.853
3.760
3.307
3.411
3.027
3.132
3.143
2.882
2.671
2.552
2.322
2.077
2.167
1.952
2.345
2.496
2.606
2.821
3.136
3.491
3.406
3.214
2.720
2.959
3.096
2.805
2.776
2.323
2.386
1.989
2.114
1.764
1.947
1.217
1.761
1.433
1.653
1.888
2.047
1.698
1.853
1.097
1.693
1.461
1.799
1.793
2.106
2.107
2.518
2.780
2.967
3.257
3.456
3.707
3.217
3.683
3.408
3.722
3.996
3.895
3.947
3.531
3.406
3.120
2.898
2.829
2.657
2.319
2.244
1.909
1.861
1.510
1.635
1.106
1.703
1.517
1.977
2.191
2.348
2.515
2.671
3.007
3.184
3.206
2.857
2.728
3.034
2.890
2.441
2.779
2.988
2.713
2.355
2.865
2.997
2.391
2.603
3.111
3.400
3.449
3.144
2.908
2.455
2.845
3.044
2.762
2.492
2.956
3.095
2.820
2.663
2.614
2.566
2.892
3.417
3.420
2.989
2.754
3.165
3.349
2.840
3.264
2.748
3.078
3.456
3.623
4.004
4.149
4.104
3.715
3.621
3.171
3.251
2.847
2.941
2.955
2.651
2.346
2.440
2.108
1.964
2.165
1.817
2.231
2.215
2.505
2.575
2.910
3.233
3.051
2.836
2.351
2.561
2.723
2.553
2.579
1.948
2.242
1.845
2.050
1.730
1.979
1.313
1.734
1.464
1.649
1.881
2.061
1.873
1.987
1.417
1.763
1.459
1.757
1.236
1.943
1.859
2.297
2.576
2.691
3.010
3.245
3.331
3.115
3.390
3.521
3.403
3.120
2.988
2.650
2.550
2.314
2.090
1.926
2.242
2.408
2.075
2.004
1.669
1.713
1.250
1.644
1.203
1.808
1.711
2.150
2.389
2.405
2.676
2.849
3.157
3.282
3.370
3.057
2.847
3.169
3.071
2.604
2.897
3.087
2.837
2.435
2.926
3.052
2.440
2.591
3.122
3.391
3.451
3.143
2.915
2.487
2.826
3.022
2.746
2.424
2.872
3.012
2.693
2.587
2.591
2.609
2.979
3.972
3.701
3.267
3.124
3.549
3.742
3.231
3.669
3.193
3.560
3.900
4.114
4.433
4.611
4.610
4.200
4.101
3.646
3.736
3.348
3.422
3.417
3.158
2.898
2.764
2.521
2.251
2.374
2.178
2.589
2.771
2.889
3.119
3.451
3.805
3.712
3.518
2.990
3.270
3.410
3.130
3.103
2.612
2.693
2.289
2.375
2.001
2.132
1.371
1.834
1.490
1.657
1.882
2.024
1.686
2.007
1.320
1.962
1.726
2.101
2.120
2.444
2.427
2.865
3.124
3.308
3.595
3.783
4.027
3.613
4.128
3.826
4.192
4.459
4.288
4.284
3.898
3.703
3.430
3.220
3.172
2.992
2.662
2.596
2.261
2.211
1.859
1.940
1.383
1.933
1.638
2.074
2.228
2.377
2.438
2.721
3.049
3.290
3.302
2.954
2.849
3.168
3.028
2.573
2.953
3.171
2.870
2.584
3.093
3.214
2.627
2.888
3.369
3.672
3.697
3.399
3.162
2.684
3.118
3.329
3.056
2.803
3.284
3.435
3.162
2.979
2.905
2.819
3.139
3.686
3.662
3.243
2.920
3.347
3.506
3.020
3.439
2.881
3.208
3.617
3.732
4.156
4.294
4.207
3.808
3.723
3.259
3.339
2.953
3.048
3.067
2.735
2.360
2.533
2.197
1.966
2.364
2.009
2.409
2.284
2.639
2.629
2.969
3.268
3.025
2.793
2.378
2.489
2.663
2.572
2.641
1.985
2.392
2.008
2.284
2.000
2.256
1.661
2.044
1.841
2.061
2.307
2.495
2.261
2.333
1.784
2.087
1.728
1.995
1.389
2.090
1.888
2.373
2.615
2.699
3.022
3.217
3.271
3.086
3.292
3.440
3.275
2.985
2.789
2.500
2.350
2.135
1.976
1.821
2.151
2.342
2.085
2.080
1.742
1.910
1.471
1.915
1.567
2.160
2.075
2.520
2.746
2.784
3.105
3.219
3.531
3.631
3.737
3.423
3.213
3.528
3.427
2.964
3.227
3.432
3.179
2.765
3.246
3.382
2.768
2.872
3.421
3.662
3.741
3.428
3.185
2.779
3.111
3.280
2.991
2.682
3.084
3.208
2.828
2.800
2.801
2.855
3.196
3.752
3.531
3.055
3.093
3.495
3.724
3.241
3.696
3.274
3.704
3.983
4.280
4.519
4.683
4.763
4.363
4.232
3.799
3.838
3.411
3.491
3.438
3.226
2.927
2.661
2.503
2.201
2.284
2.184
2.560
2.842
2.865
3.225
3.574
3.929
3.846
3.673
3.079
3.463
3.589
3.298
3.251
2.737
2.781
2.382
2.318
1.928
1.894
1.134
1.403
1.019
1.143
1.313
1.497
1.319
1.645
1.182
1.810
1.660
2.087
2.273
2.587
2.598
3.063
3.331
3.538
3.821
4.012
4.260
3.852
4.373
4.054
4.422
4.689
4.507
4.492
4.101
3.899
3.651
3.440
3.434
3.239
2.913
2.824
2.481
2.379
2.029
1.941
1.375
1.780
1.437
1.801
1.887
1.919
1.997
2.372
2.703
2.948
3.047
2.720
2.552
2.944
2.893
2.376
2.820
3.072
2.838
2.530
3.086
3.272
2.736
2.998
3.472
3.801
3.894
3.576
3.414
2.897
3.337
3.577
3.346
3.051
3.571
3.751
3.522
3.278
3.193
3.080
3.384
3.948
3.906
3.499
3.113
3.560
3.701
3.176
3.511
2.923
3.166
3.594
3.633
4.096
4.261
4.119
3.739
3.707
3.262
3.415
3.061
3.205
3.221
2.875
2.525
2.754
2.427
2.224
2.606
2.229
2.621
2.418
2.805
2.754
3.033
3.326
3.017
2.763
2.398
2.405
2.605
2.562
2.696
2.112
2.591
2.228
2.526
2.273
2.595
1.997
2.500
2.296
2.497
2.754
2.904
2.570
2.696
2.071
2.390
2.021
2.171
1.628
2.109
1.973
2.309
2.504
2.472
2.797
2.910
2.936
2.930
3.098
3.288
3.088
2.789
2.502
2.269
2.059
1.792
1.817
1.508
1.830
2.062
1.867
1.955
1.640
1.940
1.644
2.049
1.838
2.414
2.338
2.796
3.026
3.199
3.427
3.494
3.814
3.946
3.981
3.659
3.506
3.762
3.599
3.180
3.414
3.545
3.251
2.918
3.315
3.386
2.781
2.820
3.370
3.534
3.603
3.287
3.026
2.673
2.964
3.048
2.743
2.510
2.835
2.866
2.455
2.525
2.556
2.685
3.010
