0.00000
0.00000
0.00000
0.00000
0.00000
0.00000
0.00000
0.00000
0.00000
0.00000
0.00000
0.00000
0.00000
0.00000
0.00000
0.00000
0.00000
0.00000
0.00000
0.00000
1.18001
0.58056
0.32123
0.49413
0.00000
0.00000
0.00000
0.00000
0.00000
0.00000
0.00000
0.00000
0.00000
0.00000
0.00000
0.00000
0.00000
0.00000
0.00000
0.00000
0.00000
0.00000
0.00000
1.23545
0.64519
0.30609
0.49686
0.00000
0.00000
0.00000
0.00000
0.00000
0.00000
0.00000
0.00000
0.00000
0.00000
0.00000
0.00000
0.00000
0.00000
0.00000
0.00000
0.00000
0.00000
1.17834
0.62542
0.28640
0.48120
0.00000
0.00000
0.00000
0.00000
0.00000
0.00000
0.00000
0.00000
0.00000
0.00000
0.00000
0.00000
0.00000
0.00000
0.00000
0.00000
0.00000
1.24450
0.64322
0.31544
0.48170
0.00000
0.00000
0.00000
0.00000
0.00000
0.00000
0.00000
0.00000
0.00000
0.00000
0.00000
0.00000
0.00000
0.00000
0.00000
0.00000
1.19698
0.61035
0.30578
0.48573
0.00000
0.00000
0.00000
0.00000
0.00000
0.00000
0.00000
0.00000
0.00000
0.00000
0.00000
0.00000
0.00000
0.00000
0.00000
1.25480
0.66190
0.32599
0.49449
0.00000
0.00000
0.00000
0.00000
0.00000
0.00000
0.00000
0.00000
0.00000
0.00000
0.00000
0.00000
0.00000
0.00000
1.22881
0.64248
0.30391
0.48254
0.00000
0.00000
0.00000
0.00000
0.00000
0.00000
0.00000
0.00000
0.00000
0.00000
0.00000
0.00000
0.00000
1.20886
0.62162
0.32632
0.51029
0.00000
0.00000
0.00000
0.00000
0.00000
0.00000
0.00000
0.00000
0.00000
0.00000
0.00000
0.00000
1.23993
0.65092
0.31969
0.49942
0.00000
0.00000
0.00000
0.00000
0.00000
0.00000
0.00000
0.00000
0.00000
0.00000
0.00000
1.25334
0.65417
0.30662
0.49484
0.00000
0.00000
0.00000
0.00000
0.00000
0.00000
0.00000
0.00000
0.00000
0.00000
1.24532
0.63797
0.33350
0.49748
0.00000
0.00000
0.00000
0.00000
0.00000
0.00000
0.00000
0.00000
0.00000
1.24336
0.62223
0.32973
0.48732
0.00000
0.00000
0.00000
0.00000
0.00000
0.00000
0.00000
0.00000
1.25980
0.61462
0.33624
0.52623
0.00000
0.00000
0.00000
0.00000
0.00000
0.00000
0.00000
1.18181
0.59340
0.32619
0.45066
0.00000
0.00000
0.00000
0.00000
0.00000
0.00000
1.22398
0.62284
0.32620
0.48616
0.00000
0.00000
0.00000
0.00000
0.00000
1.19713
0.60349
0.33579
0.48987
0.00000
0.00000
0.00000
0.00000
1.20275
0.60929
0.30338
0.50023
0.00000
0.00000
0.00000
1.20491
0.62032
0.32696
0.46630
0.00000
0.00000
1.26331
0.61729
0.35287
0.47687
0.00000
1.23437
0.64466
0.32742
0.50899
0.00000
0.00000
0.00000
0.00000
0.00000
0.00000
0.00000
0.00000
0.00000
0.00000
