2.851
2.624
2.187
2.221
2.624
2.878
2.500
3.007
2.623
3.103
3.370
3.699
3.950
4.021
4.108
3.739
3.555
3.148
3.111
2.655
2.676
2.591
2.472
2.099
1.754
1.701
1.349
1.387
1.378
1.705
2.013
2.045
2.559
2.893
3.246
3.261
3.157
2.451
3.067
3.115
2.779
2.642
2.152
2.046
1.689
1.484
1.098
0.999
0.319
0.597
0.321
0.537
0.762
0.963
0.808
0.968
0.708
1.088
0.954
1.416
1.352
2.002
2.159
2.598
2.906
3.192
3.453
3.687
3.974
3.727
4.220
3.930
4.300
4.561
4.294
4.215
3.870
3.561
3.397
3.132
3.299
2.999
2.650
2.466
2.162
1.885
1.595
1.392
0.969
1.167
0.910
1.201
1.323
1.288
1.539
1.791
2.094
2.265
2.450
2.150
1.909
2.327
2.347
1.809
2.239
2.506
2.359
1.989
2.568
2.788
2.347
2.525
3.023
3.360
3.535
3.189
3.144
2.614
3.000
3.267
3.176
2.746
3.286
3.522
3.407
3.188
3.194
3.002
3.420
3.916
3.828
3.442
3.122
3.345
3.419
2.862
3.099
2.537
2.697
3.098
3.169
3.608
3.824
3.611
3.266
3.297
2.883
3.102
2.770
3.077
3.201
2.859
2.804
3.065
2.786
2.739
2.868
2.440
2.608
2.473
2.605
2.611
2.750
3.081
2.823
2.609
2.277
2.172
2.387
2.277
2.407
2.074
2.346
2.123
2.430
2.367
2.667
1.991
2.563
2.292
2.461
2.732
2.850
2.524
2.609
1.893
2.193
1.924
1.883
1.554
1.740
1.775
1.878
2.097
2.002
2.324
2.438
2.487
2.590
2.757
2.982
2.967
2.662
2.479
2.074
1.914
1.560
1.570
1.216
1.485
1.692
1.434
1.514
1.272
1.532
1.375
1.715
1.727
2.156
2.210
2.640
2.873
3.135
3.331
3.288
3.566
3.634
3.589
3.277
3.192
3.319
3.099
2.770
2.925
2.985
2.658
2.496
2.773
2.730
2.154
2.215
2.718
2.892
2.842
2.513
2.233
1.940
2.227
2.272
1.954
1.799
2.118
2.095
1.775
1.693
1.675
1.786
2.092
2.869
2.647
2.162
2.313
2.650
2.898
2.453
2.918
2.534
3.002
3.260
3.588
3.832
3.927
4.024
3.649
3.486
3.079
3.084
2.638
2.715
2.658
2.530
2.204
1.900
1.857
1.532
1.528
1.486
1.797
2.081
2.068
2.575
2.882
3.242
3.266
3.145
2.504
3.024
3.067
2.726
2.596
2.153
2.027
1.666
1.521
1.151
1.053
0.364
0.636
0.314
0.474
0.768
0.899
0.629
0.773
0.486
0.932
0.880
1.325
1.275
1.894
2.094
2.478
2.795
3.071
3.351
3.593
3.888
3.591
4.108
3.817
4.192
4.450
4.231
4.179
3.846
3.523
3.332
3.042
3.128
2.865
2.529
2.320
1.997
1.735
1.446
1.238
0.749
0.926
0.660
0.964
1.120
1.159
1.415
1.591
1.896
2.090
2.225
1.928
1.690
2.093
2.100
1.567
1.993
2.258
2.109
1.746
2.322
2.540
2.082
2.297
2.784
3.124
3.236
2.905
2.792
2.263
2.721
2.979
2.832
2.496
3.036
3.252
3.144
2.846
2.806
2.593
2.977
3.518
3.407
3.032
2.639
2.923
2.995
2.495
2.794
2.202
2.436
2.848
2.923
3.359
3.540
3.367
2.999
2.991
2.538
2.699
2.354
2.591
2.688
2.331
2.222
2.513
2.234
2.225
2.370
1.930
2.121
1.921
2.133
2.104
2.328
2.634
2.385
2.134
1.777
1.741
1.945
1.856
1.983
1.524
1.911
1.651
1.987
1.935
2.274
1.690
2.263
2.008
2.196
2.463
2.593
2.285
2.340
1.622
1.920
1.549
1.559
1.076
1.385
1.277
1.580
1.781
1.796
2.108
2.251
2.317
2.272
2.476
2.654
2.561
2.264
2.134
1.731
1.660
1.359
1.210
0.927
1.249
1.441
1.175
1.232
0.910
1.250
1.008
1.470
1.486
1.919
1.991
2.421
2.681
2.878
3.098
3.085
3.357
3.427
3.408
3.097
2.992
3.140
2.944
2.583
2.748
2.841
2.533
2.298
2.598
2.600
2.024
2.022
2.550
2.686
2.728
2.407
2.151
1.823
2.089
2.152
1.834
1.632
1.937
1.961
1.594
1.624
1.674
1.820
2.155
3.151
2.916
2.414
2.577
2.853
3.066
2.534
2.941
2.548
2.982
3.218
3.545
3.787
3.917
4.004
3.650
3.515
3.130
3.183
2.758
2.922
2.891
2.786
2.512
2.230
2.223
1.953
1.879
1.841
2.091
2.344
2.247
2.752
3.038
3.400
3.349
3.188
2.681
2.967
3.073
2.757
2.693
2.240
2.186
1.816
1.749
1.405
1.408
0.780
1.097
0.728
0.858
1.144
1.109
0.678
1.016
0.564
1.094
1.054
1.400
1.330
1.939
2.083
2.446
2.742
2.956
3.249
3.471
3.746
3.440
3.947
3.684
4.080
4.331
4.089
4.062
3.714
3.447
3.184
2.919
2.922
2.677
2.323
2.191
1.855
1.707
1.338
1.179
0.648
0.969
0.628
1.019
1.135
1.337
1.451
1.608
1.939
2.199
2.195
1.852
1.777
2.095
1.970
1.501
1.931
2.163
1.884
1.673
2.188
2.352
1.796
2.115
2.535
2.855
2.864
2.558
2.356
1.853
2.339
2.568
2.348
2.102
2.614
2.800
2.639
2.331
2.260
2.077
2.428
3.005
2.884
2.518
2.123
2.492
2.595
2.137
2.533
1.955
2.197
2.630
2.721
3.166
3.297
3.145
2.762
2.746
2.292
2.426
2.045
2.181
2.231
1.891
1.701
1.932
1.631
1.582
1.768
1.351
1.599
1.454
1.751
1.742
2.062
2.376
2.153
1.911
1.551
1.531
1.729
1.615
1.728
1.123
1.505
1.158
1.479
1.361
1.714
1.245
1.927
1.733
1.949
2.245
2.384
2.060
1.974
1.349
1.485
1.046
1.189
0.547
1.141
0.984
1.337
1.549
1.599
1.915
2.122
2.200
2.061
2.299
2.459
2.379
2.093
2.000
1.591
1.554
1.283
1.040
0.820
1.124
1.283
0.977
1.003
0.676
1.022
0.676
1.182
1.101
1.601
1.713
2.124
2.420
2.613
2.879
2.796
3.024
3.073
3.173
2.893
2.682
2.925
2.842
2.395
2.552
2.759
2.477
2.087
2.499
2.589
2.002
1.994
2.544
2.708
2.811
2.530
2.314
1.912
2.180
2.323
2.046
1.720
2.075
2.193
1.805
1.889
1.976
2.118
2.466
3.374
3.114
2.615
2.700
2.936
3.106
2.526
2.863
2.446
2.812
3.060
3.285
3.617
3.781
3.803
3.470
3.390
3.012
3.137
2.752
2.915
2.949
2.702
2.540
2.435
2.233
2.018
2.057
1.849
2.186
2.329
2.345
2.625
2.902
3.256
3.164
2.996
2.566
2.738
2.863
2.562
2.527
2.092
2.156
1.780
1.910
1.622
1.743
1.129
1.570
1.185
1.360
1.651
1.591
1.161
1.333
0.807
1.225
1.228
1.445
1.212
1.829
1.889
2.231
2.512
2.699
2.994
3.207
3.475
3.147
3.661
3.410
3.788
4.037
3.823
3.808
3.465
3.208
2.923
2.662
2.612
2.377
2.044
1.933
1.549
1.523
1.129
1.117
0.669
1.065
0.861
1.294
1.489
1.766
1.940
1.927
2.266
2.427
2.382
2.037
2.019
2.252
2.006
1.629
1.976
2.122
1.795
1.603
2.057
2.126
1.570
1.895
2.307
2.623
2.618
2.307
2.069
1.606
2.051
2.240
1.940
1.754
2.210
2.356
2.130
1.851
1.777
1.700
2.021
2.607
2.535
2.135
1.871
2.244
2.353
1.894
2.305
1.761
2.116
2.514
2.699
3.078
3.172
3.102
2.709
2.622
2.154
2.212
1.823
1.955
2.007
1.679
1.522
1.613
1.289
1.207
1.331
0.965
1.347
1.251
1.525
1.541
1.860
2.186
2.051
1.821
1.371
1.595
1.736
1.532
1.530
0.941
1.262
0.909
1.171
0.875
1.196
0.677
1.316
1.194
1.407
1.699
1.869
1.575
1.433
0.929
1.070
0.654
0.963
0.303
0.989
0.815
1.324
1.611
1.794
2.123
2.390
2.550
2.176
2.465
2.563
2.464
2.233
2.213
1.868
1.838
1.671
1.266
1.303
1.565
1.582
1.253
1.136
0.767
0.853
0.470
0.961
0.669
1.238
1.337
1.655
1.952
2.041
2.368
2.316
2.560
2.586
2.777
2.502
2.224
2.537
2.538
2.053
2.222
2.500
2.326
1.836
2.312
2.492
1.915
1.915
2.471
2.702
2.832
2.594
2.427
1.962
2.232
2.424
2.237
1.798
2.216
2.406
2.112
2.141
2.246
2.327
2.715
3.548
3.253
2.781
2.799
2.960
3.088
2.481
2.652
2.282
2.482
2.681
2.838
3.162
3.389
3.393
3.113
3.100
2.797
3.022
2.683
2.951
3.014
2.846
2.748
2.654
2.609
2.425
2.329
2.170
2.311
2.506
2.387
2.725
2.886
3.230
3.092
3.072
2.792
2.771
2.823
2.546
2.453
2.124
2.146
1.886
1.996
1.829
1.999
1.443
1.976
1.605
1.832
2.123
2.034
1.618
1.683
1.103
1.406
1.408
1.415
1.433
1.711
1.951
2.013
2.296
2.430
2.735
3.009
3.304
3.096
3.596
3.470
3.889
4.100
3.856
3.828
3.450
3.250
2.925
2.584
2.421
2.045
1.793
1.617
1.303
1.303
0.981
1.117
0.864
1.247
1.222
1.631
1.822
2.173
2.339
2.191
2.480
2.543
2.398
2.091
2.108
2.175
1.866
1.655
1.883
1.848
1.509
1.496
1.746
1.647
1.096
1.374
1.757
2.014
1.897
1.593
1.339
0.916
1.387
1.570
1.276
1.205
1.642
1.787
1.583
1.255
1.155
0.974
1.326
1.898
1.804
1.414
1.141
1.529
1.684
1.287
1.799
1.372
1.836
2.148
2.434
2.705
2.760
2.787
2.414
2.247
1.816
1.754
1.335
1.362
1.355
1.108
0.952
1.041
0.803
0.719
0.747
0.387
0.597
0.710
0.870
1.088
1.449
1.790
1.731
1.598
0.936
1.513
1.622
1.348
1.213
0.624
0.670
0.266
0.429
0.272
0.610
0.347
0.784
0.839
1.068
1.404
1.538
1.137
1.020
0.641
0.654
0.330
0.505
0.276
0.744
0.737
1.280
1.571
1.857
2.134
2.450
2.668
2.109
2.430
2.445
2.348
2.221
2.306
2.035
2.053
1.967
1.486
1.691
1.898
1.740
1.233
1.241
0.980
0.824
0.483
0.719
0.434
0.942
1.084
1.302
1.602
1.560
1.934
1.907
2.115
2.072
2.338
2.106
1.780
2.065
2.134
1.698
1.696
2.031
2.008
1.418
1.920
2.179
1.833
1.674
2.257
2.502
2.745
2.576
2.517
2.024
2.271
2.515
2.424
1.922
2.381
2.619
2.428
2.377
2.473
2.469
2.896
3.461
3.149
2.737
2.504
2.829
2.980
2.431
2.817
2.305
2.619
2.986
3.116
3.540
3.705
3.601
3.247
3.170
2.718
2.884
2.491
2.656
2.716
2.437
2.332
2.305
2.066
1.906
1.944
1.689
1.980
2.052
2.186
2.329
2.596
2.944
2.826
2.652
2.279
2.377
2.513
2.222
2.211
1.783
1.902
1.535
1.772
1.516
1.814
1.168
1.839
1.529
1.797
2.105
2.196
1.829
1.805
0.983
1.423
1.152
1.316
0.958
1.552
1.552
1.899
2.166
2.271
2.569
2.752
3.032
2.635
3.152
2.887
3.256
3.508
3.324
3.351
2.996
2.811
2.479
2.247
2.101
1.878
1.578
1.579
1.270
1.286
0.934
1.198
0.831
1.443
1.451
1.899
2.173
2.402
2.654
2.589
2.891
2.996
3.002
2.660
2.580
2.794
2.597
2.165
2.467
2.614
2.289
1.980
2.426
2.437
1.840
1.976
2.477
2.715
2.680
2.358
2.117
1.741
2.076
2.214
1.899
1.711
2.076
2.133
1.813
1.721
1.657
1.685
1.945
2.536
2.478
2.092
1.864
2.340
2.524
2.152
2.662
2.228
2.671
2.997
3.274
3.563
3.637
3.647
3.267
3.117
2.673
2.624
2.215
2.183
2.134
1.894
1.552
1.499
1.161
1.007
1.206
0.876
1.326
1.496
1.703
1.925
2.299
2.636
2.539
2.392
1.721
2.255
2.392
2.161
2.055
1.408
1.550
1.140
1.195
0.832
1.023
0.399
0.737
0.559
0.752
1.067
1.235
0.967
0.981
0.515
0.992
0.661
1.090
0.797
1.496
1.469
2.018
2.328
2.568
2.889
3.159
3.346
2.889
3.175
3.237
3.108
2.920
2.896
2.631
2.564
2.471
2.040
2.074
2.352
2.392
1.986
1.857
1.524
1.386
0.885
1.051
0.566
1.085
0.935
1.238
1.446
1.444
1.807
1.881
2.180
2.281
2.482
2.208
1.908
2.311
2.340
1.852
2.133
2.414
2.261
1.811
2.377
2.535
1.937
2.142
2.650
2.951
3.044
2.749
2.543
2.093
2.439
2.672
2.471
2.102
2.610
2.800
2.611
2.380
2.376
2.302
2.711
3.351
3.025
2.649
2.332
2.647
2.778
2.239
2.617
2.090
2.378
2.766
2.860
3.299
3.479
3.311
2.949
2.918
2.458
2.632
2.246
2.427
2.508
2.203
2.120
2.193
1.925
1.818
1.854
1.564
1.807
1.808
1.985
2.068
2.329
2.670
2.473
2.244
1.907
1.917
2.095
1.903
1.937
1.478
1.687
1.336
1.626
1.450
1.777
1.245
1.951
1.664
1.954
2.284
2.354
2.012
1.888
1.097
1.416
1.073
1.173
0.775
1.312
1.243
1.588
1.783
1.805
2.093
2.211
2.479
2.101
2.628
2.423
2.790
3.029
2.856
2.872
2.507
2.324
2.007
1.719
1.538
1.357
1.133
1.251
0.991
1.089
0.703
1.090
0.868
1.467
1.583
1.993
2.306
2.528
2.781
2.691
2.946
3.017
3.076
2.751
2.614
2.824
2.634
2.229
2.474
2.565
2.250
1.975
2.338
2.364
1.772
1.819
2.346
2.550
2.563
2.243
2.009
1.634
1.932
2.037
1.743
1.515
1.871
1.905
1.571
1.514
1.516
1.631
1.949
2.440
2.465
2.048
2.119
2.447
2.664
2.195
2.652
2.256
2.728
2.983
3.327
3.542
3.684
3.713
3.376
3.235
2.840
2.811
2.371
2.479
2.426
2.286
2.013
1.762
1.610
1.315
1.415
1.255
1.584
1.855
1.825
2.304
2.600
2.958
2.969
2.821
2.198
2.694
2.774
2.468
2.319
1.864
1.756
1.389
1.276
0.949
0.838
0.264
0.518
0.340
0.378
0.663
0.753
0.558
0.747
0.279
0.809
0.603
1.044
1.052
1.589
1.840
2.195
2.541
2.789
3.084
3.329
3.545
3.186
3.564
3.615
3.532
3.377
3.410
3.061
3.053
2.830
2.463
2.354
2.610
2.662
2.264
2.057
1.674
1.451
0.978
0.949
0.446
0.856
0.708
0.979
1.058
1.094
1.308
1.549
1.858
2.043
2.214
1.899
1.684
2.099
2.108
1.599
1.909
2.175
2.038
1.585
2.162
2.362
1.784
2.048
2.515
2.833
2.915
2.603
2.424
1.980
2.341
2.587
2.400
2.053
2.582
2.779
2.632
2.352
2.328
2.193
2.613
3.120
2.779
2.432
2.053
2.350
2.463
1.938
2.306
1.756
2.053
2.459
2.603
3.034
3.156
3.050
2.650
2.576
2.108
2.281
1.900
2.077
2.168
1.825
1.756
1.923
1.656
1.637
1.685
1.315
1.536
1.413
1.630
1.666
1.944
2.272
2.096
1.876
1.539
1.488
1.698
1.519
1.563
1.082
1.371
1.047
1.375
1.314
1.657
1.288
1.968
1.746
2.053
2.402
2.439
2.110
1.893
1.184
1.338
0.941
0.952
0.558
0.981
0.844
1.280
1.407
1.434
1.676
1.738
1.976
1.562
2.080
1.864
2.259
2.491
2.292
2.324
1.997
1.835
1.458
1.195
1.071
0.975
0.841
1.008
0.673
0.831
0.434
0.929
0.896
1.427
1.649
2.009
2.345
2.568
2.816
2.684
2.893
2.927
3.006
2.700
2.517
2.712
2.606
2.160
2.354
2.537
2.319
1.853
2.288
2.475
1.909
1.868
2.421
2.520
2.632
2.349
2.131
1.775
2.000
2.084
1.789
1.528
1.827
1.866
1.421
1.641
1.729
1.879
2.221
2.616
2.679
2.231
2.435
2.688
2.925
2.441
2.845
2.453
2.825
3.053
3.342
3.585
3.791
3.792
3.497
3.420
3.066
3.115
2.673
2.838
2.773
2.694
2.404
2.139
2.080
1.789
1.807
1.698
1.952
2.232
2.123
2.718
2.973
3.333
3.277
3.196
2.653
2.960
3.052
2.747
2.645
2.262
2.113
1.734
1.598
1.227
1.141
0.706
0.642
0.295
0.256
0.544
0.551
0.325
0.601
0.395
0.895
0.964
1.328
1.495
1.833
2.138
2.319
2.668
2.847
3.105
3.333
3.588
3.346
3.741
3.841
3.808
3.648
3.643
3.247
3.280
2.969
2.683
2.504
2.729
2.740
2.338
2.100
1.695
1.536
1.133
1.109
0.689
0.800
0.474
0.758
0.810
0.865
1.072
1.299
1.613
1.863
1.984
1.663
1.484
1.913
1.900
1.386
1.799
2.047
1.735
1.534
1.982
2.087
1.534
1.870
2.275
2.604
2.667
2.340
2.189
1.739
2.132
2.386
2.218
1.904
2.444
2.644
2.529
2.217
2.176
1.976
2.405
3.390
2.991
2.705
2.178
2.490
2.514
2.154
2.394
1.781
1.953
2.413
2.390
2.917
3.056
2.807
2.425
2.439
1.969
2.130
1.840
2.007
2.119
1.728
1.699
2.032
1.822
1.744
2.010
1.596
1.772
1.335
1.588
1.487
1.683
1.948
1.669
1.394
1.071
1.030
1.224
1.199
1.396
0.948
1.468
1.373
1.763
1.827
2.192
1.956
2.569
2.444
2.731
3.075
3.172
2.843
2.610
1.947
2.063
1.596
1.519
1.114
1.111
0.779
1.034
1.165
1.205
1.428
1.467
1.677
1.251
1.760
1.438
1.778
2.039
1.887
1.934
1.557
1.383
1.082
0.892
0.831
0.764
0.600
0.798
0.439
1.046
0.946
1.508
1.683
2.134
2.423
2.759
3.102
3.282
3.564
3.397
3.562
3.540
3.602
3.321
3.103
3.231
3.129
2.755
2.800
2.963
2.717
2.367
2.660
2.763
2.259
2.080
2.603
2.588
2.797
2.601
2.428
2.082
2.167
2.290
2.018
1.681
1.969
2.067
1.607
1.964
2.111
2.299
2.609
2.926
3.032
2.554
2.901
3.086
3.303
2.802
3.136
2.839
3.266
3.426
3.755
3.929
4.108
4.203
3.942
3.822
3.465
3.505
3.080
3.314
3.256
3.220
2.947
2.659
2.682
2.387
2.350
2.295
2.488
2.754
2.570
3.207
3.431
3.788
3.787
3.753
3.204
3.598
3.636
3.311
3.139
2.746
2.531
2.207
2.039
1.722
1.575
1.291
1.165
0.823
0.691
0.885
0.548
0.427
0.949
0.939
1.308
1.512
1.774
2.030
2.350
2.693
2.891
3.282
3.511
3.756
3.995
4.305
3.967
4.409
4.457
4.419
4.305
4.341
3.965
4.004
3.723
3.390
3.279
3.494
3.447
3.064
2.778
2.382
2.110
1.738
1.548
1.185
1.059
0.597
0.873
0.695
0.976
0.873
1.274
1.587
1.894
1.892
1.537
1.536
1.872
1.702
1.288
1.783
2.010
1.723
1.678
2.122
2.259
1.884
2.235
2.560
2.915
3.014
2.596
2.519
2.177
2.560
2.868
2.737
2.483
3.028
3.247
3.138
2.791
2.683
2.371
2.747
2.805
2.415
2.103
1.617
1.932
1.997
1.572
1.910
1.334
1.663
2.101
2.195
2.657
2.736
2.600
2.185
2.093
1.607
1.737
1.378
1.551
1.669
1.309
1.236
1.479
1.247
1.263
1.391
0.953
1.161
0.881
1.097
1.110
1.373
1.696
1.463
1.210
0.888
0.868
1.048
0.955
1.001
0.539
0.913
0.741
1.125
1.222
1.577
1.400
2.018
1.867
2.182
2.540
2.544
2.220
1.940
1.334
1.328
0.915
0.815
0.490
0.682
0.269
0.872
0.986
1.135
1.333
1.434
1.653
1.357
1.833
1.589
2.014
2.253
1.947
1.897
1.560
1.291
1.029
0.859
1.024
0.858
0.503
0.678
0.337
0.627
0.352
0.866
1.026
1.446
1.755
2.059
2.406
2.629
2.867
2.696
2.858
2.855
2.952
2.669
2.445
2.620
2.549
2.123
2.242
2.436
2.246
1.770
2.167
2.369
1.851
1.719
2.280
2.411
2.603
2.390
2.226
1.835
1.995
2.147
1.889
1.514
1.835
1.996
1.584
1.831
1.978
2.125
2.476
2.791
2.871
2.399
2.675
2.857
3.053
2.494
2.765
2.415
2.777
2.959
3.250
3.468
3.683
3.708
3.443
3.371
3.047
3.132
2.747
3.041
3.002
2.943
2.708
2.469
2.468
2.205
2.155
2.067
2.256
2.499
2.312
2.875
3.041
3.390
3.322
3.297
2.874
3.072
3.129
2.818
2.698
2.316
2.193
1.918
1.798
1.500
1.425
1.094
1.168
0.747
0.822
1.122
0.913
0.519
0.836
0.689
1.090
1.242
1.475
1.662
1.889
2.198
2.325
2.711
2.895
3.128
3.346
3.635
3.396
3.809
3.909
3.893
3.768
3.778
3.388
3.446
3.110
2.828
2.638
2.856
2.829
2.431
2.169
1.758
1.519
1.174
1.132
0.809
0.811
0.439
0.757
0.781
1.092
1.233
1.307
1.638
1.902
1.871
1.548
1.480
1.790
1.597
1.199
1.622
1.792
1.443
1.370
1.762
1.830
1.323
1.709
2.058
2.395
2.409
2.063
1.899
1.526
1.943
2.211
2.067
1.794
2.332
2.534
2.454
2.118
2.036
1.737
2.115
2.066
1.732
1.402
1.080
1.439
1.620
1.190
1.714
1.292
1.766
2.069
2.357
2.649
2.696
2.728
2.327
2.168
1.712
1.714
1.272
1.334
1.330
1.081
0.895
0.957
0.650
0.621
0.643
0.394
0.562
0.644
0.774
0.960
1.328
1.643
1.477
1.297
0.812
1.159
1.267
1.033
1.053
0.326
0.634
0.272
0.350
0.278
0.637
0.712
1.115
1.154
1.428
1.776
1.817
1.441
1.181
0.770
0.666
0.297
0.432
0.356
0.726
0.466
1.152
1.288
1.539
1.691
1.881
2.128
1.884
2.349
2.055
2.462
2.697
2.387
2.303
1.957
1.649
1.528
1.328
1.628
1.385
0.902
1.122
0.747
0.795
0.672
0.684
0.767
1.000
1.257
1.437
1.758
1.827
2.125
2.020
2.152
2.100
2.334
2.085
1.811
2.023
2.073
1.630
1.638
1.967
1.954
1.371
1.858
2.118
1.786
1.613
2.197
2.445
2.698
2.538
2.535
2.059
2.219
2.469
2.476
1.931
2.369
2.629
2.447
2.560
2.702
2.595
3.052
3.339
3.345
2.936
2.968
3.006
3.078
2.470
2.604
2.246
2.428
2.624
2.785
3.089
3.353
3.293
3.058
3.066
2.785
2.986
2.690
3.043
3.161
3.025
3.040
3.034
2.982
2.885
2.766
2.515
2.561
2.727
2.524
2.841
2.905
3.225
3.066
3.094
2.822
2.756
2.823
2.575
2.423
2.212
2.214
2.085
2.204
2.130
2.270
1.804
2.137
1.723
1.773
2.065
1.788
1.486
1.788
1.427
1.656
1.775
1.600
1.795
1.804
2.015
1.969
2.333
2.409
2.602
2.765
2.996
2.975
3.309
3.493
3.532
3.386
3.340
2.941
2.920
2.601
2.379
2.087
2.310
2.344
1.947
1.783
1.412
1.251
1.134
1.273
1.200
1.425
1.345
1.638
1.575
1.996
2.014
2.047
2.340
2.521
2.350
2.042
2.101
2.156
1.857
1.648
1.808
1.769
1.424
1.443
1.656
1.528
0.978
1.291
1.653
1.916
1.816
1.502
1.252
0.814
1.299
1.502
1.231
1.137
1.595
1.744
1.600
1.249
1.153
0.916
1.337
2.789
2.405
2.231
1.659
2.229
2.354
2.050
2.492
1.977
2.321
2.701
2.891
3.287
3.397
3.335
2.933
2.816
2.346
2.324
1.966
1.848
1.802
1.478
1.081
1.246
0.923
0.731
1.122
0.826
1.254
1.072
1.499
1.491
1.913
2.213
2.003
1.862
1.213
1.699
1.864
1.697
1.702
0.928
1.401
1.026
1.283
1.081
1.428
0.988
1.647
1.446
1.737
2.078
2.164
1.842
1.667
0.915
1.209
0.813
1.011
0.454
1.208
1.051
1.593
1.846
2.008
2.264
2.411
2.638
2.221
2.741
2.401
2.757
3.019
2.807
2.764
2.373
2.169
1.984
1.840
1.860
1.685
1.415
1.375
1.007
1.032
0.641
0.993
0.688
1.316
1.445
1.827
2.145
2.323
2.596
2.522
2.764
2.839
2.932
2.615
2.431
2.675
2.591
2.111
2.340
2.557
2.377
1.873
2.372
2.585
2.017
2.026
2.592
2.844
2.997
2.750
2.608
2.125
2.403
2.600
2.439
1.984
2.425
2.634
2.343
2.371
2.454
2.451
2.859
3.281
3.289
2.862
2.845
3.065
3.223
2.637
2.949
2.519
2.841
3.114
3.359
3.652
3.868
3.819
3.509
3.455
3.079
3.196
2.820
3.059
3.091
2.896
2.788
2.717
2.527
2.366
2.386
2.134
2.349
2.544
2.456
2.782
2.999
3.346
3.239
3.118
2.717
2.833
2.966
2.682
2.629
2.264
2.257
1.946
2.014
1.793
1.903
1.234
1.694
1.324
1.371
1.641
1.567
1.256
1.518
0.915
1.389
1.355
1.519
1.464
1.835
2.096
2.263
2.580
2.720
2.986
3.204
3.410
3.240
3.593
3.728
3.693
3.495
3.455
3.048
3.061
2.744
2.493
2.259
2.502
2.573
2.164
1.977
1.584
1.510
1.140
1.226
0.818
1.248
1.062
1.509
1.620
1.902
1.981
2.142
2.477
2.648
2.602
2.271
2.224
2.466
2.242
1.835
2.158
2.294
1.996
1.761
2.183
2.251
1.662
1.945
2.396
2.701
2.731
2.431
2.198
1.752
2.155
2.387
2.147
1.870
2.382
2.560
2.382
2.084
1.960
1.775
2.060
3.346
2.988
2.651
2.291
2.744
2.899
2.393
2.820
2.307
2.645
3.023
3.211
3.608
3.726
3.660
3.260
3.164
2.700
2.828
2.430
2.513
2.499
2.183
1.846
1.898
1.573
1.386
1.652
1.348
1.806
1.765
2.088
2.154
2.496
2.835
2.650
2.424
1.938
2.142
2.308
2.132
2.145
1.536
1.813
1.424
1.661
1.375
1.692
1.062
1.736
1.466
1.727
2.041
2.176
1.855
1.770
0.965
1.408
1.072
1.312
0.829
1.540
1.439
1.909
2.168
2.318
2.573
2.688
2.884
2.406
2.934
2.602
2.950
3.214
3.029
3.056
2.647
2.522
2.235
2.109
2.103
1.962
1.676
1.658
1.315
1.342
0.960
1.255
0.827
1.483
1.505
1.925
2.216
2.379
2.660
2.633
2.913
3.019
3.097
2.767
2.592
2.864
2.768
2.284
2.567
2.771
2.572
2.092
2.602
2.803
2.207
2.278
2.826
3.089
3.224
2.944
2.778
2.307
2.606
2.804
2.617
2.193
2.638
2.833
2.455
2.502
2.553
2.562
2.950
3.419
3.414
2.986
2.919
3.191
3.359
2.787
3.134
2.680
3.005
3.310
3.552
3.860
4.067
3.999
3.668
3.609
3.207
3.318
2.925
3.128
3.157
2.925
2.782
2.751
2.486
2.317
2.411
2.115
2.398
2.540
2.557
2.816
3.071
3.417
3.310
3.131
2.708
2.840
3.007
2.738
2.705
2.285
2.339
1.989
2.099
1.842
1.929
1.219
1.541
1.214
1.259
1.528
1.599
1.323
1.597
0.954
1.535
1.416
1.645
1.440
1.938
2.112
2.353
2.665
2.794
3.080
3.302
3.468
3.304
3.631
3.766
3.713
3.479
3.420
3.012
2.985
2.698
2.447
2.214
2.489
2.606
2.206
2.054
1.690
1.632
1.218
1.399
0.920
1.447
1.227
1.672
1.791
1.973
2.088
2.306
2.635
2.878
2.870
2.541
2.428
2.723
2.540
2.107
2.434
2.597
2.309
2.021
2.473
2.563
1.964
2.213
2.689
2.987
3.029
2.725
2.498
2.060
2.433
2.656
2.411
2.109
2.606
2.777
2.569
2.309
2.273
2.192
2.561
3.604
3.300
2.892
2.667
3.053
3.220
2.702
3.123
2.618
2.958
3.323
3.522
3.907
4.036
3.978
3.585
3.493
3.035
3.170
2.770
2.879
2.913
2.632
2.412
2.397
2.128
1.927
2.017
1.773
2.158
2.237
2.394
2.558
2.863
3.212
3.093
2.875
2.459
2.594
2.758
2.509
2.497
1.982
2.145
1.755
1.936
1.618
1.867
1.174
1.776
1.489
1.709
1.986
2.150
1.811
1.851
1.043
1.589
1.328
1.591
1.165
1.859
1.821
2.235
2.497
2.656
2.920
3.032
3.250
2.764
3.282
2.985
3.299
3.566
3.433
3.484
3.075
2.974
2.646
2.461
2.383
2.272
2.009
1.960
1.620
1.626
1.271
1.491
0.996
1.624
1.541
1.985
2.240
2.401
2.636
2.690
3.007
3.146
3.201
2.860
2.704
2.996
2.884
2.406
2.721
2.928
2.711
2.265
2.781
2.958
2.353
2.488
3.015
3.291
3.400
3.098
2.900
2.455
2.775
2.968
2.697
2.378
2.808
2.925
2.582
2.526
2.521
2.577
2.893
3.428
3.415
2.994
2.884
3.255
3.423
2.882
3.260
2.784
3.104
3.443
3.678
4.002
4.197
4.106
3.754
3.693
3.265
3.367
2.966
3.132
3.142
2.880
2.611
2.583
2.254
2.073
2.244
1.937
2.344
2.465
2.599
2.785
3.074
3.413
3.294
3.069
2.635
2.774
2.946
2.725
2.715
2.210
2.367
1.988
2.095
1.755
1.854
1.154
1.513
1.232
1.393
1.644
1.790
1.587
1.731
1.061
1.662
1.433
1.743
1.392
1.996
2.057
2.384
2.684
2.803
3.105
3.331
3.455
3.292
3.590
3.723
3.651
3.383
3.290
2.903
2.835
2.567
2.335
2.116
2.417
2.573
2.193
2.080
1.757
1.719
1.286
1.559
1.067
1.649
1.454
1.875
2.061
2.142
2.320
2.541
2.863
3.049
3.128
2.808
2.615
2.965
2.827
2.372
2.693
2.876
2.607
2.257
2.730
2.843
2.235
2.440
2.942
3.228
3.290
2.982
2.759
2.325
2.672
2.885
2.636
2.308
2.785
2.946
2.691
2.498
2.483
2.456
2.830
3.758
3.476
3.036
2.893
3.279
3.461
2.937
3.361
2.872
3.230
3.574
3.796
4.158
4.291
4.258
3.870
3.773
3.324
3.447
3.050
3.149
3.165
2.911
2.708
2.578
2.346
2.105
2.190
1.988
2.376
2.529
2.619
2.857
3.162
3.516
3.421
3.232
2.759
2.981
3.125
2.829
2.801
2.301
2.410
2.018
2.131
1.788
1.957
1.244
1.741
1.419
1.625
1.857
2.025
1.703
1.858
1.098
1.707
1.477
1.815
1.444
2.128
2.142
2.538
2.811
2.994
3.282
3.472
3.705
3.210
3.709
3.415
3.721
3.986
3.870
3.938
3.524
3.421
3.114
2.911
2.835
2.676
2.343
2.260
1.922
1.880
1.535
1.654
1.125
1.711
1.527
1.975
2.188
2.334
2.509
2.660
2.989
3.179
3.208
2.859
2.726
3.041
2.900
2.449
2.791
2.999
2.721
2.377
2.880
3.017
2.416
2.623
3.123
3.416
3.465
3.158
2.937
2.474
2.867
3.070
2.794
2.515
2.983
3.132
2.859
2.673
2.628
2.595
2.916
3.494
3.437
3.030
2.770
3.185
3.332
2.858
3.269
2.761
3.084
3.462
3.661
4.027
4.182
4.083
3.705
3.637
3.181
3.259
2.863
2.957
2.966
2.660
2.361
2.460
2.114
1.969
2.203
1.843
2.247
2.218
2.527
2.572
2.912
3.237
3.066
2.829
2.358
2.546
2.716
2.560
2.579
1.956
2.255
1.858
2.072
1.760
2.000
1.316
1.735
1.477
1.656
1.873
2.065
1.928
2.025
1.339
1.798
1.485
1.770
1.242
1.951
1.857
2.294
2.572
2.684
3.005
3.238
3.319
3.128
3.372
3.512
3.387
3.111
2.972
2.637
2.522
2.307
2.070
1.905
2.229
2.400
2.075
2.006
1.674
1.732
1.303
1.675
1.253
1.841
1.755
2.185
2.416
2.426
2.672
2.879
3.201
3.307
3.397
3.083
2.887
3.202
3.087
2.627
2.926
3.114
2.849
2.458
2.940
3.060
2.446
2.602
3.125
3.393
3.464
3.152
2.933
2.495
2.828
3.026
2.769
2.429
2.873
3.008
2.703
2.594
2.598
2.630
2.986
3.996
3.719
3.289
3.148
3.568
3.756
3.253
3.691
3.205
3.570
3.915
4.138
4.501
4.630
4.597
4.206
4.105
3.652
3.763
3.363
3.432
3.436
3.176
2.924
2.795
2.542
2.284
2.404
2.212
2.622
2.790
2.905
3.139
3.463
3.815
3.715
3.511
3.013
3.263
3.411
3.134
3.111
2.569
2.711
2.312
2.398
2.035
2.164
1.435
1.847
1.515
1.670
1.889
2.036
1.720
2.048
1.364
1.994
1.755
2.127
1.741
2.458
2.441
2.868
3.135
3.310
3.594
3.776
4.016
3.603
4.129
3.825
4.178
4.440
4.255
4.269
3.880
3.699
3.414
3.216
3.169
2.988
2.661
2.593
2.254
2.224
1.878
1.971
1.415
1.961
1.672
2.103
2.248
2.397
2.461
2.732
3.060
3.310
3.319
2.972
2.874
3.193
3.050
2.603
2.973
3.189
2.889
2.607
3.111
3.239
2.653
2.905
3.380
3.685
3.710
3.408
3.186
2.702
3.137
3.346
3.078
2.818
3.296
3.457
3.182
2.978
2.908
2.845
3.160
3.755
3.660
3.282
2.941
3.371
3.495
3.043
3.456
2.906
3.226
3.633
3.789
4.193
4.309
4.206
3.815
3.755
3.285
3.359
2.978
3.073
3.087
2.754
2.381
2.555
2.206
1.981
2.380
2.036
2.428
2.302
2.667
2.640
2.983
3.287
3.060
2.807
2.402
2.506
2.684
2.601
2.660
2.007
2.410
2.030
2.303
2.021
2.270
1.647
2.046
1.846
2.068
2.294
2.496
2.304
2.353
1.686
2.109
1.751
2.012
1.407
2.100
1.902
2.389
2.633
2.715
3.039
3.233
3.286
3.127
3.305
3.459
3.292
3.009
2.810
2.521
2.357
2.162
1.987
1.832
2.168
2.362
2.109
2.102
1.773
1.927
1.508
1.945
1.601
2.180
2.089
2.531
2.753
2.800
3.088
3.219
3.548
3.639
3.745
3.426
3.234
3.546
3.433
2.972
3.249
3.450
3.190
2.779
3.261
3.393
2.778
2.894
3.435
3.681
3.767
3.449
3.219
2.798
3.128
3.312
3.032
2.704
3.106
3.227
2.862
2.830
2.827
2.887
3.216
3.777
3.543
3.077
3.105
3.507
3.731
3.254
3.711
3.279
3.706
3.995
4.287
4.579
4.696
4.740
4.360
4.225
3.799
3.849
3.415
3.487
3.444
3.263
2.959
2.678
2.545
2.222
2.298
2.210
2.578
2.852
2.874
3.256
3.594
3.948
3.863
3.669
3.116
3.448
3.586
3.300
3.261
2.700
2.782
2.398
2.328
1.948
1.919
1.169
1.411
1.053
1.187
1.349
1.539
1.373
1.686
1.228
1.840
1.674
2.100
1.869
2.588
2.607
3.055
3.330
3.523
3.805
3.990
4.233
3.826
4.351
4.038
4.390
4.654
4.461
4.468
4.073
3.888
3.620
3.423
3.407
3.214
2.889
2.802
2.459
2.378
2.035
1.960
1.387
1.815
1.478
1.845
1.931
1.962
2.053
2.416
2.740
2.992
3.088
2.763
2.595
2.983
2.929
2.419
2.851
3.099
2.865
2.555
3.106
3.297
2.760
3.004
3.481
3.809
3.903
3.592
3.433
2.913
3.349
3.586
3.366
3.052
3.570
3.769
3.506
3.282
3.199
3.098
3.396
4.008
3.871
3.531
3.114
3.566
3.669
3.202
3.536
2.953
3.195
3.618
3.712
4.154
4.304
4.140
3.763
3.755
3.301
3.447
3.092
3.202
3.214
2.862
2.525
2.765
2.426
2.225
2.631
2.253
2.623
2.409
2.806
2.734
3.075
3.359
3.074
2.799
2.439
2.441
2.644
2.606
2.729
2.101
2.596
2.235
2.534
2.292
2.618
1.995
2.496
2.266
2.440
2.697
2.843
2.571
2.659
1.942
2.390
2.046
2.182
1.638
2.127
1.993
2.344
2.542
2.514
2.840
2.957
2.983
2.999
3.145
3.327
3.113
2.822
2.527
2.298
2.068
1.857
1.853
1.553
1.882
2.113
1.913
1.992
1.674
1.974
1.633
2.067
1.839
2.406
2.322
2.770
3.000
3.160
3.372
3.460
3.792
3.940
3.960
3.639
3.488
3.763
3.595
3.166
3.416
3.553
3.255
2.920
3.323
3.392
2.785
2.842
3.384
3.574
3.629
3.307
3.058
2.689
2.982
3.084
2.774
2.536
2.867
2.896
2.506
2.556
2.581
2.703
3.024
