48
58
60
86
88
177
179
185
217
284
286
302
304
306
308
314
315
316
317
318
342
343
344
345
346
443
475
477
542
543
544
560
561
562
563
564
565
566
567
568
570
571
572
573
574
575
576
601
602
603
604
605
606
701
731
733
802
820
821
822
823
824
825
826
827
828
829
830
831
832
833
834
860
861
862
863
864
865
866
867
987
989
991
1080
1081
1082
1083
1084
1085
1086
1087
1088
1089
1090
1119
1120
1121
1122
1123
1124
1125
1221
1243
1244
1245
1246
1247
1249
1338
1339
1340
1341
1342
1343
1344
1345
1346
1347
1348
1376
1377
1378
1379
1380
1381
1382
1383
1384
1393
1456
1457
1461
1462
1463
1477
1478
1479
1480
1481
1482
1483
1498
1499
1500
1501
1502
1503
1504
1505
1506
1507
1598
1599
1600
1601
1602
1603
1638
1639
1640
1641
1642
1709
1710
1712
1713
1714
1715
1716
1717
1718
1719
1738
1739
1740
1741
1742
1743
1744
1753
1754
1755
1756
1757
1758
1759
1760
1761
1762
1763
1859
1860
1898
1965
1967
1971
1972
1973
1974
1975
1976
1977
1995
1996
1997
1998
1999
2000
2014
2015
2016
2017
2018
2019
2156
2215
2216
2217
2218
2219
2221
2222
2223
2224
2225
2226
2227
2228
2229
2230
2231
2232
2233
2234
2235
2236
2237
2253
2254
2255
2256
2257
2258
2259
2271
2272
2273
2274
2275
2276
2277
2278
2279
2472
2473
2474
2475
2476
2477
2478
2479
2480
2481
2482
2483
2488
2489
2493
2494
2495
2496
2497
2511
2513
2712
2728
2729
2730
2731
2732
2733
2734
2735
2736
2737
2738
2739
2740
2741
2742
2745
2746
2747
2749
2750
2751
2752
2753
2754
2755
2756
2757
2766
2767
2768
2769
2770
2771
2791
2793
2794
2795
2797
2924
2948
2955
2964
2965
2970
2989
2990
2991
2992
2993
2994
2995
2996
2997
2998
2999
3009
3010
3011
3012
3013
3014
3015
3016
3017
3018
3022
3023
3024
3025
3026
3027
3028
3029
3051
3052
3053
3054
3055
3056
3249
3250
3251
3252
3253
3254
3267
3269
3270
3271
3272
3273
3274
3275
3276
3279
3280
3281
3282
3283
3285
3311
3313
3442
3509
3529
3531
3532
3533
3534
3539
3541
3543
3569
3571
3668
3700
3789
3797
3801
3827
3829
3920
3926
3958
4178
4179
4184
4434
4436
4442
