3.226
2.958
2.677
2.296
2.750
2.880
2.404
2.841
2.298
2.654
3.050
3.198
3.604
3.717
3.618
3.219
3.129
2.660
2.757
2.406
2.441
2.440
2.096
1.754
1.971
1.612
1.419
1.724
1.384
1.809
1.647
2.050
2.040
2.403
2.716
2.537
2.340
1.759
2.101
2.249
2.043
2.068
1.417
1.790
1.413
1.703
1.449
1.785
1.188
1.674
1.577
1.790
2.036
2.260
2.044
1.975
1.283
1.574
1.175
1.435
0.833
1.555
1.350
1.869
2.100
2.279
2.562
2.832
3.054
2.885
3.280
2.959
3.302
3.473
3.049
3.047
2.726
2.583
2.711
2.419
2.094
1.965
1.668
1.630
1.263
1.376
1.006
1.387
1.061
1.695
1.753
2.155
2.452
2.491
2.881
2.855
3.113
3.181
3.301
2.987
2.781
3.059
2.984
2.508
2.724
2.953
2.743
2.196
2.745
2.944
2.351
2.372
2.945
3.184
3.328
3.076
2.869
2.442
2.720
2.911
2.642
2.281
2.696
2.797
2.403
2.470
2.489
2.606
2.940
3.270
3.455
2.983
2.960
3.293
3.478
2.919
3.311
2.860
3.199
3.484
3.722
4.018
4.198
4.184
3.848
3.783
3.361
3.462
3.091
3.209
3.210
2.965
2.709
2.603
2.386
2.145
2.231
2.052
2.420
2.574
2.632
2.919
3.209
3.560
3.503
3.326
2.964
3.070
3.217
2.914
2.868
2.380
2.449
2.066
2.153
1.818
1.873
1.166
1.486
1.135
1.248
1.504
1.647
1.375
1.641
0.955
1.613
1.456
1.792
1.559
2.145
2.239
2.591
2.881
3.088
3.411
3.670
3.905
3.534
3.957
3.597
3.940
4.146
3.782
3.868
3.486
3.477
3.642
3.333
3.034
2.812
2.451
2.314
1.947
1.866
1.522
1.560
1.034
1.545
1.289
1.720
1.880
1.999
2.171
2.371
2.698
2.907
2.865
2.524
2.479
2.748
2.543
2.139
2.477
2.642
2.330
2.111
2.547
2.627
2.048
2.328
2.788
3.096
3.108
2.808
2.582
2.092
2.549
2.774
2.499
2.262
2.759
2.911
2.684
2.425
2.339
2.242
2.566
2.742
2.547
2.213
1.996
2.428
2.603
2.153
2.630
2.098
2.453
2.836
3.004
3.393
3.512
3.428
3.035
2.944
2.482
2.589
2.228
2.257
2.237
1.964
1.638
1.637
1.313
1.106
1.292
1.019
1.445
1.559
1.761
1.949
2.259
2.592
2.478
2.285
1.784
2.028
2.179
1.914
1.914
1.351
1.573
1.163
1.286
0.939
1.229
0.620
1.218
1.105
1.363
1.688
1.849
1.513
1.419
0.845
1.125
0.775
1.128
0.642
1.339
1.219
1.695
1.950
2.153
2.439
2.719
2.957
2.750
3.178
2.879
3.279
3.479
3.086
3.026
2.657
2.561
2.650
2.358
2.033
1.862
1.561
1.459
1.112
1.146
0.779
1.115
0.668
1.296
1.314
1.663
1.946
1.971
2.332
2.339
2.599
2.639
2.844
2.540
2.274
2.605
2.604
2.109
2.315
2.600
2.468
1.871
2.479
2.693
2.102
2.123
2.697
2.941
3.091
2.843
2.672
2.208
2.487
2.685
2.483
2.056
2.488
2.671
2.308
2.387
2.453
2.517
2.907
3.259
3.361
2.876
2.909
3.148
3.304
2.712
3.062
2.613
2.888
3.201
3.363
3.714
3.913
3.848
3.518
3.496
3.116
3.284
2.916
3.134
3.154
2.942
2.761
2.651
2.467
2.254
2.284
2.105
2.400
2.573
2.520
2.869
3.100
3.452
3.323
3.224
2.944
2.892
3.030
2.757
2.736
2.352
2.344
2.011
2.086
1.827
1.932
1.232
1.708
1.351
1.462
1.754
1.776
1.399
1.576
0.900
1.440
1.400
1.618
1.532
1.961
2.160
2.299
2.569
2.719
3.046
3.256
3.463
3.048
3.412
3.030
3.369
3.600
3.304
3.378
2.962
3.032
3.295
2.969
2.735
2.391
2.066
1.939
1.584
1.615
1.289
1.320
0.855
1.324
1.118
1.568
1.752
2.007
2.197
2.225
2.553
2.722
2.682
2.341
2.302
2.551
2.337
1.930
2.260
2.419
2.117
1.871
2.308
2.395
1.808
2.032
2.516
2.783
2.749
2.435
2.182
1.761
2.166
2.347
2.020
1.846
2.287
2.375
2.118
1.894
1.803
1.791
2.099
2.559
2.392
2.029
1.868
2.265
2.450
1.975
2.468
2.013
2.461
2.769
3.039
3.335
3.438
3.437
3.063
2.922
2.484
2.497
2.117
2.149
2.125
1.892
1.622
1.525
1.294
1.080
1.167
0.940
1.320
1.517
1.596
1.905
2.232
2.587
2.559
2.433
1.893
2.293
2.374
2.044
1.947
1.423
1.437
1.033
1.106
0.761
0.949
0.342
0.682
0.540
0.759
1.058
1.250
0.954
0.963
0.538
0.876
0.532
0.905
0.615
1.306
1.378
1.850
2.147
2.425
2.642
2.992
3.277
3.050
3.550
3.247
3.652
3.867
3.515
3.456
3.044
3.004
3.011
2.749
2.417
2.213
1.847
1.705
1.389
1.167
0.857
0.883
0.438
1.048
0.932
1.238
1.458
1.415
1.796
1.883
2.184
2.256
2.474
2.189
1.896
2.293
2.325
1.835
2.068
2.351
2.228
1.629
2.241
2.480
1.969
2.002
2.584
2.867
3.069
2.834
2.725
2.234
2.513
2.749
2.634
2.149
2.644
2.861
2.587
2.563
2.611
2.583
3.010
3.355
3.438
2.986
2.893
3.113
3.228
2.611
2.881
2.414
2.645
2.958
3.109
3.468
3.668
3.583
3.241
3.252
2.863
3.096
2.754
3.026
3.087
2.838
2.727
2.727
2.529
2.380
2.379
2.170
2.370
2.485
2.494
2.707
2.853
3.188
3.001
2.873
2.596
2.483
2.661
2.438
2.471
2.179
2.236
1.924
2.099
1.908
2.110
1.432
2.033
1.684
1.886
2.180
2.189
1.824
1.876
1.160
1.567
1.476
1.542
1.447
1.753
1.885
1.989
2.206
2.293
2.614
2.778
2.966
2.592
2.899
2.522
2.856
3.070
2.732
2.810
2.418
2.463
2.777
2.454
2.244
1.922
1.623
1.584
1.308
1.395
1.121
1.303
0.977
1.475
1.424
1.874
2.105
2.387
2.622
2.546
2.840
2.933
2.870
2.538
2.506
2.649
2.409
2.065
2.333
2.393
2.058
1.870
2.214
2.216
1.623
1.800
2.295
2.554
2.533
2.217
1.967
1.558
1.936
2.119
1.801
1.602
2.036
2.050
1.736
1.645
1.599
1.605
1.934
2.440
2.387
1.955
2.034
2.368
2.609
2.159
2.646
2.252
2.719
2.982
3.295
3.542
3.653
3.697
3.345
3.203
2.793
2.785
2.376
2.436
2.360
2.237
1.941
1.598
1.526
1.226
1.231
1.199
1.497
1.788
1.767
2.288
2.589
2.950
2.965
2.853
2.334
2.717
2.776
2.436
2.311
1.851
1.753
1.375
1.223
0.867
0.806
0.253
0.585
0.326
0.426
0.708
0.833
0.619
0.723
0.313
0.739
0.611
1.062
1.022
1.601
1.794
2.185
2.501
2.787
3.019
3.361
3.648
3.366
3.879
3.568
3.960
4.183
3.843
3.841
3.391
3.414
3.416
3.150
2.824
2.591
2.254
2.035
1.715
1.436
1.144
0.967
0.460
0.834
0.705
0.989
1.140
1.152
1.407
1.621
1.936
2.028
2.226
1.939
1.652
2.048
2.081
1.587
1.877
2.167
2.062
1.562
2.172
2.411
1.930
2.060
2.603
2.918
3.116
2.803
2.733
2.236
2.561
2.817
2.721
2.252
2.783
3.010
2.828
2.685
2.666
2.589
3.001
3.315
3.461
3.043
2.795
3.032
3.122
2.515
2.782
2.271
2.418
2.790
2.865
3.281
3.478
3.339
2.999
3.014
2.596
2.857
2.530
2.836
2.957
2.616
2.456
2.596
2.295
2.178
2.259
1.964
2.252
2.221
2.360
2.388
2.504
2.836
2.597
2.421
2.136
1.997
2.204
2.052
2.154
1.840
2.090
1.795
2.070
1.834
2.127
1.424
2.077
1.803
2.049
2.333
2.443
2.120
2.104
1.323
1.715
1.447
1.496
1.230
1.534
1.553
1.660
1.847
1.893
2.206
2.364
2.535
2.266
2.569
2.246
2.582
2.760
2.346
2.368
2.023
1.961
2.266
1.948
1.724
1.494
1.217
1.303
1.035
1.242
0.952
1.279
1.148
1.654
1.731
2.163
2.432
2.673
2.933
2.832
3.084
3.150
3.120
2.795
2.709
2.851
2.645
2.287
2.489
2.576
2.251
1.988
2.351
2.354
1.778
1.811
2.333
2.498
2.516
2.193
1.918
1.602
1.887
1.963
1.667
1.462
1.809
1.832
1.504
1.452
1.437
1.560
1.880
2.749
2.756
2.266
2.458
2.740
2.970
2.459
2.890
2.514
2.981
3.193
3.522
3.735
3.873
3.946
3.623
3.488
3.115
3.118
2.709
2.847
2.786
2.679
2.411
2.069
2.034
1.738
1.709
1.694
1.955
2.232
2.144
2.717
2.978
3.341
3.373
3.300
2.828
3.063
3.182
2.850
2.702
2.303
2.126
1.753
1.632
1.274
1.210
0.704
0.756
0.412
0.371
0.662
0.698
0.385
0.730
0.422
0.958
0.977
1.346
1.466
1.939
2.216
2.509
2.811
3.028
3.354
3.610
3.844
3.494
3.901
3.545
3.891
4.122
3.811
3.842
3.422
3.448
3.624
3.313
3.020
2.777
2.403
2.235
1.867
1.748
1.410
1.184
0.721
0.881
0.528
0.843
0.918
1.002
1.205
1.407
1.723
1.974
2.064
1.735
1.579
1.981
1.962
1.433
1.887
2.138
1.932
1.619
2.160
2.361
1.886
2.124
2.595
2.936
3.093
2.720
2.665
2.167
2.564
2.824
2.590
2.279
2.790
2.967
2.733
2.517
2.467
2.370
2.768
3.067
3.248
2.826
2.537
2.873
2.946
2.371
2.645
2.063
2.254
2.680
2.690
3.176
3.341
3.143
2.772
2.793
2.377
2.618
2.307
2.529
2.633
2.251
2.120
2.323
1.990
1.888
1.998
1.677
1.995
1.851
2.076
2.028
2.209
2.510
2.246
2.001
1.694
1.590
1.798
1.731
1.885
1.439
1.878
1.551
1.839
1.601
1.919
1.263
1.932
1.702
1.961
2.267
2.396
2.090
2.009
1.260
1.595
1.253
1.454
0.969
1.301
1.222
1.425
1.606
1.646
1.957
2.118
2.293
2.030
2.354
2.034
2.391
2.567
2.157
2.158
1.809
1.745
1.965
1.656
1.384
1.247
0.974
1.081
0.818
1.094
0.806
1.317
1.064
1.668
1.705
2.137
2.429
2.590
2.885
2.847
3.117
3.219
3.274
2.951
2.792
3.038
2.877
2.463
2.639
2.759
2.459
2.116
2.492
2.546
1.976
1.935
2.481
2.592
2.716
2.426
2.184
1.835
2.078
2.159
1.845
1.621
1.912
1.920
1.474
1.705
1.774
1.930
2.267
2.799
2.776
2.269
2.502
2.677
2.844
2.282
2.617
2.256
2.664
2.849
3.165
3.368
3.539
3.609
3.316
3.217
2.872
2.948
2.556
2.819
2.799
2.716
2.534
2.274
2.300
2.065
1.937
1.920
2.077
2.302
2.110
2.679
2.872
3.228
3.210
3.224
2.902
3.055
3.060
2.722
2.568
2.164
1.999
1.697
1.633
1.381
1.401
1.027
1.159
0.797
0.607
0.834
0.693
0.483
0.880
0.631
0.936
1.088
1.254
1.481
1.756
2.084
2.278
2.634
2.908
3.192
3.474
3.749
3.322
3.809
3.483
3.825
4.084
3.874
3.901
3.396
3.566
3.639
3.363
3.087
2.711
2.397
2.117
1.719
1.451
1.103
0.941
0.592
0.695
0.444
0.783
0.856
1.097
1.118
1.352
1.676
1.930
1.883
1.550
1.509
1.776
1.596
1.175
1.522
1.729
1.426
1.249
1.688
1.845
1.327
1.651
2.061
2.404
2.506
2.140
2.087
1.548
1.995
2.285
2.145
1.832
2.383
2.600
2.498
2.184
2.127
1.880
2.316
2.596
2.700
2.284
1.932
2.191
2.276
1.749
2.066
1.486
1.758
2.172
2.281
2.708
2.850
2.726
2.338
2.292
1.849
2.035
1.685
1.892
1.990
1.635
1.599
1.848
1.631
1.668
1.684
1.256
1.423
1.253
1.429
1.450
1.702
1.983
1.731
1.465
1.152
1.081
1.283
1.223
1.332
0.869
1.194
0.940
1.292
1.335
1.673
1.358
2.069
1.874
2.195
2.550
2.552
2.227
1.987
1.428
1.371
0.964
0.891
0.548
0.707
0.631
0.982
1.180
1.257
1.521
1.724
1.892
1.845
2.174
1.981
2.381
2.486
2.067
1.916
1.662
1.388
1.483
1.176
0.883
0.851
0.671
0.682
0.342
0.549
0.264
0.833
1.065
1.447
1.738
2.075
2.417
2.657
2.905
2.718
2.884
2.885
2.938
2.650
2.452
2.602
2.499
2.117
2.203
2.377
2.121
1.658
2.082
2.226
1.682
1.593
2.141
2.269
2.457
2.238
2.072
1.653
1.846
2.031
1.811
1.406
1.768
1.946
1.533
1.756
1.880
2.014
2.372
3.122
3.194
2.679
3.110
3.288
3.489
2.990
3.283
3.014
3.410
3.527
3.832
3.991
4.171
4.308
4.063
3.957
3.612
3.702
3.306
3.558
3.472
3.470
3.186
2.779
2.881
2.576
2.468
2.556
2.715
2.994
2.803
3.472
3.694
4.044
4.056
4.112
3.725
3.971
3.943
3.608
3.426
3.022
2.779
2.481
2.270
1.971
1.768
1.504
1.288
1.096
0.834
1.034
0.566
0.614
1.127
1.315
1.550
1.813
2.029
2.345
2.629
2.967
3.126
3.518
3.798
4.070
4.350
4.626
4.159
4.593
4.244
4.567
4.836
4.696
4.770
4.256
4.464
4.551
4.279
4.010
3.592
3.310
3.003
2.622
2.295
2.002
1.803
1.403
1.301
0.860
1.001
0.755
1.038
0.927
1.244
1.481
1.815
1.707
1.314
1.567
1.794
1.433
1.267
1.756
1.934
1.589
1.743
2.085
2.143
1.831
2.254
2.490
2.827
2.801
2.359
2.380
1.969
2.468
2.769
2.649
2.505
3.006
3.190
3.128
2.766
2.625
2.278
2.652
2.836
2.936
2.522
2.044
2.250
2.189
1.909
2.050
1.478
1.670
2.135
2.021
2.557
2.534
2.352
1.952
1.904
1.502
1.669
1.492
1.718
1.871
1.512
1.622
1.936
1.921
1.943
2.105
1.631
1.697
1.238
1.357
1.194
1.172
1.375
1.077
0.824
0.578
0.374
0.587
0.730
0.954
0.810
1.286
1.308
1.724
1.959
2.294
2.150
2.809
2.730
3.044
3.404
3.419
3.065
2.804
2.318
2.175
1.745
1.613
1.257
1.077
0.571
0.820
0.684
0.789
0.947
1.141
1.211
1.407
1.713
1.666
2.113
2.047
1.641
1.382
1.130
0.793
0.717
0.386
0.338
0.403
0.349
0.724
0.282
1.128
1.168
1.669
1.955
2.310
2.633
2.936
3.289
3.469
3.731
3.538
3.638
3.590
3.703
3.452
3.193
3.325
3.270
2.928
2.896
3.071
2.855
2.405
2.751
2.878
2.428
2.205
2.690
2.564
2.864
2.742
2.587
2.274
2.260
2.390
2.134
1.793
2.050
2.119
1.629
2.066
2.228
2.470
2.723
3.532
3.573
3.052
3.441
3.582
3.743
3.206
3.477
3.178
3.549
3.672
3.948
4.121
4.324
4.430
4.190
4.110
3.783
3.894
3.508
3.801
3.767
3.723
3.511
3.185
3.248
2.973
2.856
2.888
3.049
3.287
3.069
3.677
3.866
4.216
4.190
4.234
3.924
4.047
4.045
3.721
3.565
3.165
2.975
2.696
2.563
2.310
2.193
1.937
1.835
1.548
1.332
1.429
1.019
1.150
1.608
1.552
1.880
2.076
2.252
2.499
2.753
3.074
3.207
3.588
3.839
4.143
4.393
4.646
4.158
4.561
4.195
4.513
4.781
4.650
4.719
4.217
4.419
4.573
4.285
4.031
3.586
3.313
3.013
2.643
2.359
2.068
1.942
1.559
1.553
1.224
1.433
1.196
1.588
1.481
1.703
1.945
2.262
2.100
1.771
1.961
2.158
1.747
1.604
2.029
2.123
1.756
1.940
2.242
2.229
1.848
2.307
2.549
2.880
2.805
2.420
2.326
1.943
2.466
2.746
2.590
2.499
2.983
3.149
3.061
2.695
2.530
2.187
2.535
2.702
2.835
2.440
1.907
2.206
2.193
1.916
2.164
1.593
1.882
2.333
2.298
2.795
2.762
2.623
2.220
2.127
1.691
1.778
1.562
1.659
1.757
1.368
1.418
1.754
1.730
1.740
1.958
1.498
1.587
1.073
1.295
1.116
1.320
1.502
1.230
0.964
0.626
0.594
0.831
0.881
1.099
0.678
1.247
1.209
1.646
1.868
2.203
2.047
2.707
2.620
2.925
3.281
3.328
2.972
2.734
2.245
2.129
1.676
1.612
1.181
1.178
0.592
1.108
0.998
1.165
1.291
1.553
1.746
1.881
2.225
2.155
2.596
2.624
2.242
1.986
1.714
1.386
1.270
0.991
0.782
0.878
0.532
1.027
0.475
1.272
1.223
1.704
1.880
2.293
2.599
2.895
3.239
3.390
3.674
3.511
3.617
3.564
3.712
3.472
3.201
3.354
3.345
2.963
2.936
3.175
2.994
2.460
2.870
3.061
2.594
2.372
2.899
2.841
3.143
3.023
2.884
2.531
2.566
2.733
2.502
2.101
2.397
2.530
2.076
2.497
2.661
2.865
3.152
3.474
3.518
3.000
3.420
3.516
3.656
3.127
3.349
3.078
3.420
3.523
3.801
3.966
4.168
4.284
4.052
3.986
3.674
3.809
3.437
3.768
3.739
3.715
3.532
3.224
3.318
3.064
2.916
2.949
3.070
3.294
3.045
3.640
3.809
4.152
4.111
4.189
3.934
3.998
3.974
3.665
3.469
3.112
2.925
2.679
2.551
2.345
2.230
2.035
2.012
1.681
1.577
1.822
1.363
1.274
1.658
1.641
1.913
2.123
2.205
2.513
2.699
3.013
3.103
3.501
3.744
4.042
4.282
4.465
3.952
4.259
3.865
4.160
4.424
4.343
4.476
3.987
4.243
4.491
4.204
3.963
3.453
3.237
2.908
2.567
2.259
2.009
1.910
1.527
1.502
1.257
1.433
1.184
1.624
1.539
1.630
1.832
2.109
1.885
1.574
1.807
1.956
1.467
1.479
1.859
1.909
1.552
1.782
2.074
2.048
1.704
2.155
2.393
2.719
2.535
2.231
1.996
1.717
2.267
2.481
2.242
2.304
2.716
2.833
2.692
2.324
2.098
1.772
2.043
2.164
2.356
2.034
1.390
1.845
1.865
1.710
1.927
1.376
1.621
2.068
1.995
2.501
2.444
2.297
1.901
1.810
1.399
1.488
1.320
1.278
1.278
0.893
0.767
1.136
1.086
1.160
1.446
1.053
1.168
0.559
1.022
0.801
1.018
1.154
0.873
0.644
0.252
0.340
0.488
0.588
0.814
0.465
1.073
0.886
1.319
1.519
1.828
1.826
2.361
2.444
2.719
3.066
3.121
2.725
2.501
2.083
1.937
1.545
1.462
1.079
1.029
0.441
0.905
0.699
0.919
0.953
1.287
1.547
1.672
2.073
2.044
2.507
2.575
2.183
1.980
1.672
1.380
1.165
0.966
0.695
0.765
0.286
0.921
0.485
1.184
1.176
1.613
1.825
2.191
2.513
2.708
3.067
3.097
3.416
3.277
3.353
3.229
3.513
3.297
3.012
3.195
3.200
2.827
2.758
3.027
2.870
2.313
2.724
2.914
2.500
2.227
2.740
2.649
2.987
2.906
2.802
2.457
2.442
2.632
2.435
2.002
2.286
2.434
2.034
2.461
2.656
2.863
3.119
4.115
4.085
3.586
3.804
3.879
3.973
3.374
3.541
3.197
3.412
3.588
3.736
4.021
4.256
4.263
4.026
4.026
3.755
3.951
3.623
3.994
4.043
3.924
3.853
3.682
3.668
3.461
3.351
3.275
3.372
3.582
3.366
3.810
3.904
4.229
4.096
4.153
3.924
3.863
3.891
3.630
3.442
3.184
3.135
2.930
2.960
2.789
2.836
2.387
2.662
2.255
2.188
2.448
2.042
1.976
2.328
1.980
2.313
2.458
2.463
2.632
2.763
3.007
3.019
3.365
3.526
3.829
4.003
4.173
3.679
3.947
3.529
3.822
4.077
3.972
4.126
3.660
3.891
4.202
3.895
3.697
3.164
2.974
2.674
2.403
2.226
2.035
2.115
1.858
2.024
1.888
2.155
2.051
2.459
2.384
2.546
2.798
2.966
2.768
2.478
2.612
2.671
2.332
2.195
2.452
2.395
2.047
2.171
2.390
2.233
1.735
2.190
2.457
2.727
2.499
2.230
1.918
1.626
2.175
2.351
2.035
2.122
2.514
2.598
2.398
2.051
1.834
1.569
1.811
1.857
2.098
1.930
1.207
1.816
1.874
1.738
2.209
1.768
2.214
2.565
2.720
3.074
2.997
2.999
2.622
2.434
1.987
1.863
1.618
1.311
1.181
0.761
0.409
0.790
0.498
0.469
0.976
0.744
1.003
0.574
1.111
1.040
1.454
1.669
1.439
1.258
0.385
1.088
1.342
1.356
1.317
0.641
1.065
0.786
1.132
1.173
1.483
1.452
1.945
2.054
2.306
2.643
2.736
2.334
2.150
1.739
1.657
1.275
1.380
0.954
1.349
0.930
1.600
1.683
1.930
1.906
2.267
2.509
2.698
3.067
3.036
3.491
3.525
3.142
2.888
2.592
2.295
2.063
1.850
1.653
1.733
1.276
1.609
1.261
1.459
1.300
1.635
1.595
1.983
2.243
2.434
2.742
2.712
3.065
2.978
3.086
2.960
3.291
3.074
2.753
2.993
3.085
2.652
2.599
2.952
2.924
2.251
2.780
3.043
2.680
2.460
3.040
3.172
3.459
3.367
3.301
2.849
2.962
3.183
3.085
2.612
2.945
3.155
2.855
3.121
3.279
3.356
3.753
3.759
3.726
3.230
3.441
3.518
3.613
3.015
3.185
2.846
3.043
3.247
3.394
3.686
3.916
3.919
3.656
3.666
3.369
3.595
3.265
3.633
3.679
3.552
3.492
3.328
3.321
3.127
3.001
2.926
3.010
3.220
3.002
3.409
3.504
3.826
3.669
3.696
3.461
3.378
3.435
3.184
3.031
2.784
2.773
2.567
2.600
2.437
2.500
2.084
2.416
1.999
2.053
2.327
2.038
1.817
2.014
1.683
1.959
2.111
2.101
2.247
2.359
2.584
2.598
2.907
3.047
3.355
3.518
3.688
3.214
3.479
3.052
3.355
3.606
3.470
3.616
3.160
3.367
3.693
3.380
3.189
2.672
2.472
2.206
1.942
1.842
1.658
1.752
1.501
1.669
1.567
1.843
1.837
2.266
2.326
2.247
2.515
2.629
2.438
2.143
2.258
2.318
1.978
1.837
2.091
2.018
1.684
1.801
2.026
1.852
1.388
1.850
2.097
2.367
2.129
1.871
1.569
1.308
1.859
2.048
1.715
1.758
2.149
2.210
1.982
1.664
1.483
1.309
1.555
1.685
1.902
1.604
0.978
1.461
1.524
1.336
1.783
1.367
1.816
2.149
2.311
2.648
2.581
2.574
2.205
2.006
1.567
1.445
1.181
0.979
0.961
0.590
0.322
0.664
0.534
0.519
0.738
0.379
0.715
0.144
0.697
0.613
1.053
1.337
1.227
1.182
0.732
1.148
1.280
1.004
0.906
0.371
0.680
0.461
0.855
0.701
1.025
0.920
1.423
1.514
1.766
2.105
2.201
1.800
1.633
1.232
1.195
0.836
1.034
0.615
0.980
0.620
1.268
1.368
1.713
1.679
2.129
2.454
2.471
2.983
2.877
3.350
3.504
3.110
2.955
2.590
2.386
2.164
1.990
1.672
1.587
0.987
1.278
0.984
1.101
0.941
1.245
1.129
1.532
1.738
1.934
2.232
2.192
2.555
2.498
2.645
2.551
2.877
2.646
2.312
2.600
2.694
2.237
2.248
2.611
2.584
1.906
2.444
2.691
2.323
2.095
2.675
2.807
3.090
2.998
2.937
2.488
2.593
2.816
2.730
2.250
2.587
2.803
2.531
2.778
2.934
2.998
3.400
3.516
3.435
2.971
3.031
3.093
3.160
2.543
2.702
2.310
2.488
2.722
2.850
3.182
3.409
3.371
3.097
3.112
2.811
3.050
2.748
3.117
3.217
3.059
3.071
3.012
2.970
2.839
2.706
2.531
2.590
2.762
2.582
2.893
2.949
3.275
3.106
3.150
2.928
2.835
2.873
2.635
2.468
2.256
2.289
2.131
2.270
2.175
2.315
1.898
2.343
1.941
2.100
2.419
2.199
1.871
1.912
1.533
1.703
1.801
1.643
1.812
1.819
2.043
2.032
2.341
2.483
2.789
2.963
3.142
2.664
2.951
2.510
2.816
3.059
2.889
3.045
2.609
2.795
3.150
2.844
2.649
2.117
1.928
1.637
1.392
1.302
1.171
1.325
1.244
1.468
1.463
1.766
1.875
2.296
2.459
2.263
2.505
2.573
2.425
2.117
2.145
2.210
1.910
1.706
1.918
1.875
1.531
1.560
1.779
1.666
1.112
1.389
1.794
2.049
1.949
1.639
1.380
0.961
1.421
1.610
1.282
1.223
1.640
1.739
1.519
1.212
1.098
0.977
1.361
1.665
1.851
1.431
1.154
1.549
1.704
1.295
1.813
1.382
1.848
2.155
2.417
2.708
2.774
2.776
2.394
2.220
1.777
1.738
1.373
1.353
1.352
1.101
0.927
0.951
0.610
0.391
0.604
0.366
0.612
0.754
0.894
1.117
1.453
1.806
1.808
1.732
1.432
1.698
1.708
1.366
1.223
0.742
0.678
0.279
0.469
0.217
0.581
0.428
0.830
0.954
1.169
1.478
1.617
1.213
1.089
0.705
0.623
0.330
0.516
0.379
0.777
0.817
1.311
1.559
1.905
2.012
2.427
2.754
2.594
3.156
2.982
3.446
3.650
3.278
3.169
2.740
2.651
2.519
2.304
1.994
1.784
1.300
1.284
1.054
0.838
0.707
0.720
0.708
0.974
1.213
1.383
1.696
1.607
1.991
1.956
2.110
2.062
2.340
2.083
1.770
2.056
2.133
1.670
1.717
2.064
2.033
1.354
1.955
2.220
1.850
1.725
2.315
2.568
2.820
2.642
2.625
2.145
2.327
2.562
2.516
1.992
2.412
2.651
2.453
2.567
2.705
2.679
3.122
3.867
3.803
3.321
3.365
3.565
3.696
3.084
3.337
2.880
2.972
3.302
3.332
3.755
3.976
3.837
3.537
3.585
3.247
3.542
3.218
3.542
3.599
3.375
3.296
3.161
3.030
2.826
2.804
2.649
2.869
3.034
2.962
3.247
3.300
3.645
3.423
3.362
3.111
2.958
3.113
2.910
2.859
2.671
2.744
2.451
2.551
2.329
2.437
1.783
2.216
1.843
1.908
2.192
2.117
1.787
2.021
1.422
1.900
1.904
2.018
1.985
2.208
2.392
2.385
2.605
2.639
2.959
3.048
3.184
2.794
2.944
2.496
2.789
3.007
2.776
2.954
2.551
2.710
3.112
2.816
2.661
2.232
2.031
1.919
1.729
1.877
1.593
1.719
1.345
1.738
1.546
1.960
2.076
2.389
2.520
2.555
2.873
3.040
2.943
2.609
2.658
2.817
2.543
2.216
2.528
2.599
2.273
2.176
2.502
2.485
1.932
2.151
2.595
2.787
2.592
2.303
1.982
1.768
2.098
2.113
1.750
1.755
2.073
1.984
1.653
1.533
1.368
1.387
1.610
1.829
2.091
1.807
1.657
2.126
2.384
2.143
2.651
2.150
2.565
2.935
3.124
3.491
3.574
3.513
3.110
2.976
2.503
2.520
2.182
2.120
1.993
1.790
1.357
1.092
0.846
0.519
0.712
0.746
1.133
1.348
1.633
1.773
2.156
2.478
2.335
2.177
1.629
1.998
2.132
1.894
1.881
1.194
1.519
1.130
1.117
0.784
0.747
0.436
0.695
0.812
0.999
1.282
1.467
1.128
1.153
0.921
1.134
0.911
1.264
0.652
1.446
1.212
1.835
2.068
2.299
2.489
2.839
3.109
2.988
3.461
3.247
3.688
3.849
3.456
3.320
2.976
2.798
2.757
2.491
2.160
2.035
1.643
1.694
1.301
1.357
1.016
1.313
0.939
1.355
1.372
1.530
1.734
1.521
1.961
2.066
2.304
2.246
2.596
2.397
2.016
2.433
2.569
2.093
2.241
2.615
2.619
2.006
2.637
2.902
2.431
2.390
2.987
3.232
3.423
3.217
3.082
2.602
2.849
3.061
2.900
2.436
2.863
3.063
2.720
2.845
2.932
2.985
3.381
3.730
3.642
3.183
3.123
3.370
3.508
2.904
3.228
2.757
3.035
3.352
3.535
3.878
4.065
4.004
3.667
3.629
3.236
3.415
3.062
3.295
3.341
3.096
2.962
2.907
2.717
2.531
2.550
2.348
2.606
2.731
2.741
2.987
3.200
3.539
3.421
3.301
2.984
2.963
3.124
2.844
2.818
2.455
2.503
2.173
2.325
2.087
2.258
1.548
2.078
1.728
1.858
2.148
2.189
1.813
1.965
1.252
1.749
1.675
1.804
1.682
2.075
2.234
2.417
2.694
2.782
3.103
3.240
3.405
3.052
3.251
2.833
3.142
3.350
3.038
3.170
2.789
2.864
3.236
2.916
2.712
2.402
2.114
2.073
1.717
1.713
1.415
1.558
1.140
1.647
1.507
1.960
2.155
2.420
2.615
2.620
2.945
3.088
3.038
2.697
2.679
2.881
2.643
2.260
2.570
2.679
2.369
2.135
2.535
2.572
1.976
2.197
2.683
2.962
2.956
2.645
2.401
1.956
2.368
2.515
2.176
2.045
2.434
2.415
2.094
1.968
1.868
1.932
2.208
2.475
2.716
2.360
2.216
2.633
2.797
2.330
2.813
2.325
2.718
3.071
3.287
3.635
3.744
3.700
3.308
3.187
2.727
2.781
2.421
2.429
2.427
2.126
1.785
1.728
1.433
1.162
1.383
1.206
1.649
1.703
1.966
2.101
2.451
2.790
2.685
2.521
1.941
2.326
2.454
2.179
2.146
1.535
1.739
1.333
1.514
1.138
1.221
0.694
0.965
0.929
1.122
1.390
1.608
1.360
1.408
0.976
1.317
0.967
1.309
0.797
1.568
1.480
2.009
2.275
2.505
2.748
3.071
3.335
3.136
3.614
3.351
3.772
3.964
3.571
3.481
3.111
2.998
3.014
2.739
2.403
2.233
1.896
1.818
1.464
1.407
1.047
1.269
0.812
1.460
1.423
1.719
1.929
1.802
2.221
2.340
2.626
2.648
2.932
2.660
2.338
2.741
2.775
2.281
2.512
2.774
2.614
2.042
2.633
2.858
2.293
2.341
2.921
3.193
3.365
3.115
2.958
2.475
2.767
2.985
2.818
2.363
2.830
3.028
2.705
2.732
2.779
2.797
3.194
3.631
3.543
3.099
3.041
3.347
3.516
2.936
3.318
2.845
3.179
3.497
3.716
4.042
4.209
4.167
3.815
3.748
3.335
3.467
3.106
3.266
3.283
3.036
2.822
2.742
2.528
2.310
2.375
2.177
2.521
2.651
2.695
2.967
3.228
3.576
3.498
3.337
2.923
3.050
3.198
2.904
2.866
2.423
2.487
2.120
2.244
1.935
2.073
1.338
1.805
1.478
1.591
1.869
1.962
1.633
1.827
1.086
1.679
1.549
1.824
1.606
2.131
2.247
2.538
2.823
3.011
3.339
3.587
3.800
3.456
3.758
3.371
3.687
3.881
3.501
3.591
3.244
3.218
3.556
3.238
2.963
2.735
2.361
2.233
1.878
1.814
1.480
1.581
1.064
1.622
1.414
1.871
2.071
2.266
2.436
2.544
2.875
3.066
3.051
2.710
2.624
2.907
2.727
2.297
2.627
2.803
2.512
2.204
2.675
2.775
2.175
2.411
2.901
3.196
3.240
2.938
2.712
2.239
2.648
2.866
2.592
2.316
2.799
2.939
2.675
2.483
2.424
2.372
2.743
3.038
3.246
2.824
2.564
2.946
3.094
2.589
3.031
2.507
2.856
3.234
3.407
3.791
3.919
3.840
3.447
3.359
2.897
3.004
2.642
2.717
2.741
2.415
2.099
2.277
1.909
1.688
1.940
1.632
2.025
1.972
2.284
2.339
2.667
2.997
2.815
2.600
2.047
2.330
2.491
2.315
2.327
1.718
2.007
1.618
1.866
1.559
1.856
1.160
1.547
1.375
1.597
1.809
2.035
1.885
1.924
1.186
1.594
1.268
1.553
1.039
1.744
1.624
2.099
2.347
2.531
2.820
3.089
3.311
3.111
3.544
3.251
3.646
3.824
3.399
3.317
3.021
2.810
2.921
2.605
2.311
2.210
1.913
1.840
1.496
1.537
1.154
1.466
1.048
1.683
1.657
2.086
2.359
2.328
2.680
2.794
3.082
3.183
3.279
2.955
2.764
3.061
2.971
2.492
2.764
2.977
2.758
2.245
2.795
2.979
2.374
2.459
3.017
3.279
3.411
3.126
2.931
2.478
2.781
2.983
2.759
2.361
2.803
2.962
2.597
2.625
2.648
2.708
3.069
3.538
3.457
3.035
2.987
3.341
3.530
2.985
3.411
2.946
3.325
3.637
3.880
4.193
4.343
4.319
3.959
3.867
3.442
3.531
3.157
3.260
3.250
3.009
2.725
2.612
2.384
2.136
2.243
2.059
2.443
2.616
2.679
2.980
3.278
3.630
3.574
3.400
2.906
3.149
3.295
2.991
2.941
2.436
2.507
2.117
2.186
1.838
1.912
1.208
1.481
1.122
1.213
1.447
1.598
1.368
1.675
1.022
1.666
1.493
1.851
1.610
2.223
2.310
2.680
2.971
3.180
3.501
3.760
3.988
3.682
4.078
3.732
4.077
4.296
3.944
3.963
3.580
3.543
3.726
3.414
3.113
2.904
2.548
2.409
2.068
1.954
1.608
1.659
1.095
1.652
1.348
1.760
1.903
1.989
2.120
2.397
2.718
2.958
3.003
2.676
2.525
2.879
2.779
2.310
2.679
2.906
2.635
2.292
2.812
2.964
2.372
2.607
3.101
3.408
3.493
3.197
2.990
2.499
2.903
3.134
2.895
2.571
3.072
3.243
2.969
2.802
2.758
2.690
3.079
3.379
3.571
3.145
2.871
3.223
3.356
2.825
3.228
2.676
2.968
3.381
3.481
3.918
4.060
3.924
3.532
3.485
3.026
3.188
2.840
2.976
3.022
2.683
2.431
2.626
2.260
2.104
2.293
1.977
2.329
2.254
2.537
2.550
2.840
3.145
2.951
2.703
2.284
2.349
2.540
2.401
2.473
1.925
2.259
1.892
2.172
1.899
2.202
1.489
2.095
1.869
2.092
2.365
2.519
2.228
2.221
1.446
1.871
1.564
1.779
1.309
1.904
1.757
2.161
2.363
2.468
2.773
2.997
3.166
2.985
3.325
3.026
3.384
3.513
3.069
3.038
2.753
2.562
2.787
2.474
2.201
2.090
1.820
1.842
1.524
1.679
1.280
1.656
1.317
1.921
1.889
2.339
2.606
2.758
3.054
3.050
3.345
3.469
3.509
3.178
3.032
3.302
3.158
2.704
2.989
3.168
2.893
2.448
2.955
3.087
2.474
2.570
3.115
3.362
3.457
3.147
2.920
2.504
2.811
2.981
2.698
2.383
2.770
2.842
2.440
2.524
2.536
2.648
2.968
3.471
3.410
3.009
3.031
3.409
3.626
3.119
3.574
3.107
3.502
3.823
4.065
4.385
4.521
4.495
4.125
4.020
3.582
3.648
3.275
3.324
3.301
3.045
2.700
2.543
2.334
2.032
2.184
2.053
2.462
2.638
2.768
3.038
3.367
3.716
3.636
3.463
2.910
3.226
3.373
3.088
3.046
2.481
2.603
2.200
2.244
1.861
1.823
1.231
1.283
0.958
1.086
1.267
1.478
1.372
1.648
1.149
1.779
1.587
1.992
1.686
2.371
2.392
2.829
3.111
3.321
3.623
3.896
4.126
3.861
4.260
3.925
4.276
4.485
4.102
4.103
3.745
3.659
3.828
3.523
3.211
3.033
2.698
2.575
2.233
2.137
1.791
1.853
1.289
1.791
1.475
1.823
1.920
1.874
2.080
2.396
2.722
2.944
3.074
2.751
2.559
2.965
2.934
2.423
2.826
3.076
2.857
2.497
3.052
3.231
2.641
2.848
3.362
3.669
3.776
3.481
3.283
2.793
3.179
3.411
3.182
2.833
3.331
3.504
3.207
3.081
3.048
2.995
3.385
3.689
3.878
3.449
3.187
3.532
3.663
3.121
3.506
2.948
3.187
3.608
3.666
4.124
4.284
4.119
3.737
3.723
3.280
3.486
3.137
3.288
3.339
2.997
2.757
2.937
2.589
2.459
2.600
2.290
2.645
2.568
2.844
2.876
3.132
3.438
3.217
2.983
2.592
2.586
2.791
2.666
2.765
2.257
2.567
2.205
2.482
2.200
2.481
1.750
2.317
2.070
2.269
2.526
2.681
2.385
2.452
1.664
2.135
1.860
2.062
1.623
2.169
2.069
2.386
2.554
2.616
2.922
3.091
3.245
3.038
3.305
2.991
3.306
3.438
2.994
3.019
2.728
2.584
2.899
2.598
2.353
2.192
1.952
2.027
1.717
1.941
1.547
1.917
1.552
2.159
2.088
2.547
2.795
2.957
3.217
3.253
3.565
3.700
3.721
3.385
3.261
3.530
3.359
2.918
3.213
3.374
3.084
2.689
3.171
3.271
2.658
2.769
3.309
3.502
3.572
3.251
2.983
2.643
2.932
3.013
2.700
2.495
2.820
2.816
2.414
2.492
2.475
2.601
2.903
3.203
3.055
2.734
2.592
3.047
3.262
2.853
3.364
2.916
3.358
3.675
3.934
4.240
4.340
4.333
3.951
3.808
3.359
3.358
2.985
2.935
2.879
2.627
2.194
2.113
1.806
1.540
1.760
1.580
2.030
2.223
2.419
2.677
3.052
3.393
3.304
3.163
2.511
2.997
3.120
2.842
2.784
2.151
2.295
1.887
1.895
1.504
1.585
1.009
1.215
1.066
1.267
1.382
1.635
1.572
1.661
1.147
1.652
1.352
1.789
1.441
2.200
2.152
2.696
2.970
3.211
3.442
3.771
4.028
3.839
4.262
3.937
4.303
4.499
4.086
4.061
3.731
3.592
3.697
3.417
3.086
2.942
2.592
2.519
2.171
2.047
1.707
1.744
1.218
1.778
1.585
1.926
2.113
2.000
2.266
2.560
2.858
2.947
3.178
2.891
2.603
3.007
3.024
2.532
2.817
3.099
2.957
2.438
3.047
3.276
2.741
2.855
3.415
3.716
3.899
3.617
3.460
2.984
3.312
3.551
3.342
2.950
3.443
3.619
3.289
3.229
3.219
3.197
3.589
3.905
4.081
3.647
3.432
3.758
3.897
3.315
3.626
3.111
3.322
3.695
3.801
4.207
4.395
4.270
3.914
3.908
3.494
3.722
3.364
3.552
3.608
3.277
3.048
3.171
2.852
2.698
2.822
2.539
2.889
2.855
3.105
3.156
3.428
3.744
3.570
3.349
2.988
2.932
3.143
2.992
3.040
2.550
2.809
2.448
2.698
2.405
2.642
1.895
2.419
2.129
2.288
2.548
2.692
2.382
2.528
1.746
2.268
2.052
2.237
1.874
2.348
2.363
2.610
2.827
2.912
3.232
3.362
3.497
3.253
3.491
3.129
3.421
3.558
3.125
3.188
2.915
2.784
3.159
2.860
2.652
2.479
2.229
2.232
1.951
2.058
1.718
2.036
1.658
2.254
2.131
2.595
2.817
3.003
3.198
3.286
3.616
3.757
3.717
3.379
3.330
3.525
3.294
2.918
3.209
3.293
2.962
2.721
3.107
3.114
2.521
2.657
3.168
3.403
3.362
3.039
2.756
2.426
2.758
2.858
2.530
2.382
2.747
2.742
2.423
2.321
2.237
2.311
2.577
3.267
3.064
2.815
2.570
3.088
3.301
2.985
3.518
3.079
3.513
3.850
4.081
4.411
4.483
4.464
4.070
3.913
3.452
3.414
3.070
2.924
2.833
2.573
2.054
2.067
1.696
1.398
1.679
1.575
2.046
2.168
2.506
2.655
3.067
3.386
3.251
3.119
2.391
2.949
3.099
2.877
2.839
2.139
2.382
1.989
2.013
1.641
1.722
1.274
1.370
1.301
1.484
1.614
1.881
1.792
1.955
1.477
1.937
1.616
2.027
1.568
2.363
2.204
2.790
3.037
3.244
3.484
3.790
4.024
3.874
4.274
3.985
4.371
4.537
4.112
4.050
3.747
3.554
3.654
3.349
3.045
2.941
2.602
2.592
2.218
2.207
1.847
2.006
1.490
2.097
1.938
2.254
2.388
2.167
2.550
2.802
3.102
3.168
3.470
3.202
2.894
3.323
3.373
2.882
3.114
3.426
3.278
2.738
3.340
3.564
2.998
3.096
3.664
3.949
4.116
3.849
3.676
3.202
3.512
3.735
3.551
3.120
3.591
3.776
3.421
3.433
3.452
3.455
3.853
4.183
4.333
3.883
3.732
4.025
4.165
3.572
3.911
3.411
3.650
4.011
4.146
4.533
4.718
4.614
4.257
4.235
3.815
4.016
3.655
3.862
3.920
3.611
3.412
3.479
3.197
3.025
3.121
2.866
3.191
3.203
3.379
3.483
3.732
4.054
3.898
3.699
3.389
3.315
3.516
3.311
3.346
2.895
3.097
2.747
2.966
2.684
2.882
2.133
2.619
2.288
2.395
2.659
2.760
2.446
2.666
1.915
2.461
2.313
2.475
2.193
2.655
2.685
2.944
3.175
3.252
3.564
3.671
3.814
3.522
3.687
3.294
3.586
3.757
3.350
3.477
3.163
3.140
3.541
3.256
3.066
2.832
2.575
2.579
2.281
2.345
2.001
2.268
1.840
2.402
2.237
2.695
2.876
3.092
3.230
3.357
3.686
3.860
3.820
3.479
3.436
3.676
3.441
3.052
3.366
3.480
3.165
2.917
3.326
3.323
2.750
2.928
3.408
3.644
3.528
3.219
2.922
2.599
2.979
3.057
2.705
2.644
3.003
2.956
2.617
2.503
2.367
2.397
2.620
